CanadaSHM6-trial_NGAEastGMM13_01 , distance is rrup. Log10 ground motion values in cgs units, PGV and Sa(T<0.1s) not valid
          11 34 25 : nmag, ndist, nperiod
          10.000 7.519 5.000 4.000 3.003 2.000 1.499 1.000 0.750 0.500 0.400 0.300 0.250 0.200 0.150 0.100 0.075 0.050 0.040 0.030 0.025 0.020 0.010 PGA PGV 
          0.620 0.620 0.620 0.620 0.620 0.620 0.620 0.620 0.600 0.580 0.560 0.540 0.530 0.530 0.530 0.530 0.530 0.530 0.530 0.530 0.530 0.530 0.530 0.530 0.620
4.000 0.000 -1.295 -0.988 -0.560 -0.330 -0.035 0.383 0.680 1.096 1.383 1.762 1.949 2.162 2.281 2.412 2.566 2.766 2.893 3.031 3.073 3.084 3.066 3.020 2.817 2.793 3.859 
4.000 1.000 -1.412 -1.105 -0.678 -0.447 -0.153 0.265 0.562 0.977 1.264 1.643 1.829 2.042 2.160 2.291 2.444 2.641 2.766 2.899 2.939 2.946 2.925 2.876 2.665 2.641 3.737 
4.000 5.000 -1.878 -1.571 -1.144 -0.913 -0.619 -0.202 0.095 0.510 0.797 1.175 1.362 1.575 1.694 1.825 1.979 2.177 2.304 2.439 2.480 2.489 2.468 2.420 2.212 2.187 3.161 
4.000 10.000 -2.201 -1.895 -1.469 -1.239 -0.945 -0.528 -0.232 0.182 0.468 0.845 1.031 1.242 1.359 1.489 1.639 1.832 1.954 2.083 2.122 2.128 2.107 2.060 1.857 1.833 2.777 
4.000 15.000 -2.424 -2.118 -1.692 -1.462 -1.169 -0.753 -0.457 -0.045 0.241 0.616 0.800 1.009 1.125 1.252 1.398 1.584 1.700 1.821 1.855 1.858 1.835 1.786 1.585 1.562 2.511 
4.000 20.000 -2.595 -2.289 -1.864 -1.634 -1.342 -0.926 -0.631 -0.219 0.065 0.439 0.622 0.830 0.945 1.070 1.214 1.395 1.507 1.622 1.653 1.653 1.628 1.578 1.377 1.354 2.308 
4.000 25.000 -2.733 -2.428 -2.003 -1.774 -1.482 -1.067 -0.773 -0.361 -0.078 0.295 0.478 0.685 0.799 0.923 1.065 1.242 1.351 1.461 1.490 1.486 1.460 1.409 1.205 1.183 2.142 
4.000 30.000 -2.844 -2.539 -2.115 -1.886 -1.594 -1.180 -0.886 -0.475 -0.192 0.180 0.362 0.568 0.681 0.804 0.944 1.119 1.225 1.331 1.358 1.352 1.326 1.274 1.071 1.048 2.012 
4.000 40.000 -3.016 -2.712 -2.289 -2.061 -1.770 -1.357 -1.064 -0.654 -0.372 -0.002 0.179 0.383 0.495 0.616 0.753 0.922 1.023 1.122 1.145 1.136 1.108 1.055 0.853 0.831 1.810 
4.000 50.000 -3.147 -2.844 -2.422 -2.194 -1.904 -1.492 -1.200 -0.792 -0.511 -0.142 0.038 0.240 0.350 0.469 0.603 0.765 0.862 0.953 0.972 0.958 0.928 0.873 0.670 0.648 1.654 
4.000 60.000 -3.227 -2.925 -2.504 -2.277 -1.987 -1.576 -1.284 -0.877 -0.597 -0.229 -0.050 0.152 0.262 0.381 0.513 0.674 0.769 0.858 0.876 0.861 0.830 0.774 0.569 0.547 1.558 
4.000 70.000 -3.279 -2.977 -2.557 -2.331 -2.041 -1.632 -1.341 -0.935 -0.655 -0.289 -0.111 0.090 0.199 0.315 0.445 0.601 0.692 0.775 0.791 0.773 0.741 0.684 0.480 0.458 1.478 
4.000 80.000 -3.315 -3.014 -2.595 -2.369 -2.081 -1.672 -1.382 -0.977 -0.699 -0.334 -0.157 0.041 0.148 0.263 0.389 0.539 0.625 0.701 0.713 0.691 0.658 0.600 0.398 0.377 1.417 
4.000 90.000 -3.343 -3.043 -2.625 -2.399 -2.112 -1.704 -1.415 -1.011 -0.734 -0.372 -0.195 0.001 0.107 0.219 0.342 0.486 0.567 0.637 0.645 0.621 0.586 0.528 0.328 0.307 1.366 
4.000 100.000 -3.368 -3.069 -2.652 -2.427 -2.140 -1.733 -1.444 -1.042 -0.766 -0.405 -0.230 -0.036 0.069 0.179 0.299 0.437 0.514 0.577 0.582 0.555 0.520 0.461 0.263 0.242 1.319 
4.000 110.000 -3.391 -3.092 -2.676 -2.451 -2.165 -1.759 -1.472 -1.071 -0.795 -0.437 -0.263 -0.070 0.033 0.141 0.258 0.390 0.462 0.519 0.522 0.493 0.457 0.398 0.203 0.183 1.277 
4.000 120.000 -3.413 -3.115 -2.699 -2.475 -2.189 -1.785 -1.498 -1.098 -0.824 -0.467 -0.294 -0.104 -0.002 0.104 0.217 0.344 0.412 0.463 0.463 0.432 0.396 0.337 0.146 0.127 1.236 
4.000 130.000 -3.435 -3.138 -2.723 -2.500 -2.215 -1.811 -1.525 -1.127 -0.853 -0.498 -0.326 -0.137 -0.037 0.068 0.178 0.300 0.363 0.409 0.407 0.374 0.336 0.277 0.088 0.069 1.195 
4.000 140.000 -3.458 -3.161 -2.747 -2.525 -2.240 -1.837 -1.552 -1.154 -0.882 -0.528 -0.357 -0.170 -0.071 0.032 0.140 0.257 0.316 0.357 0.352 0.317 0.278 0.219 0.030 0.012 1.154 
4.000 150.000 -3.483 -3.187 -2.774 -2.551 -2.267 -1.865 -1.580 -1.184 -0.913 -0.560 -0.391 -0.205 -0.107 -0.006 0.099 0.212 0.268 0.304 0.298 0.260 0.221 0.162 -0.024 -0.042 1.114 
4.000 175.000 -3.544 -3.249 -2.838 -2.617 -2.334 -1.934 -1.651 -1.257 -0.988 -0.639 -0.471 -0.289 -0.193 -0.096 0.003 0.105 0.153 0.178 0.168 0.126 0.086 0.026 -0.155 -0.173 1.016 
4.000 200.000 -3.598 -3.304 -2.895 -2.674 -2.393 -1.995 -1.713 -1.322 -1.055 -0.709 -0.544 -0.365 -0.272 -0.178 -0.085 0.007 0.047 0.062 0.047 0.002 -0.040 -0.100 -0.279 -0.295 0.927 
4.000 250.000 -3.694 -3.402 -2.996 -2.778 -2.499 -2.105 -1.826 -1.440 -1.177 -0.838 -0.678 -0.507 -0.420 -0.334 -0.254 -0.183 -0.158 -0.162 -0.184 -0.233 -0.274 -0.331 -0.493 -0.508 0.765 
4.000 300.000 -3.775 -3.485 -3.082 -2.865 -2.588 -2.198 -1.922 -1.541 -1.282 -0.951 -0.796 -0.632 -0.551 -0.474 -0.407 -0.356 -0.345 -0.364 -0.390 -0.441 -0.481 -0.534 -0.679 -0.691 0.627 
4.000 350.000 -3.844 -3.556 -3.155 -2.940 -2.665 -2.278 -2.005 -1.629 -1.374 -1.051 -0.901 -0.745 -0.670 -0.602 -0.547 -0.517 -0.519 -0.552 -0.583 -0.635 -0.673 -0.723 -0.852 -0.863 0.502 
4.000 400.000 -3.906 -3.619 -3.221 -3.007 -2.734 -2.350 -2.080 -1.708 -1.458 -1.142 -0.998 -0.851 -0.782 -0.722 -0.680 -0.669 -0.685 -0.730 -0.764 -0.816 -0.853 -0.899 -1.014 -1.023 0.382 
4.000 450.000 -3.968 -3.683 -3.287 -3.074 -2.803 -2.422 -2.154 -1.788 -1.542 -1.234 -1.095 -0.956 -0.894 -0.843 -0.814 -0.821 -0.847 -0.902 -0.938 -0.988 -1.022 -1.063 -1.164 -1.171 0.273 
4.000 500.000 -4.026 -3.742 -3.347 -3.135 -2.865 -2.487 -2.222 -1.861 -1.619 -1.320 -1.186 -1.056 -1.000 -0.958 -0.941 -0.964 -1.000 -1.063 -1.100 -1.148 -1.178 -1.215 -1.302 -1.308 0.171 
4.000 600.000 -4.120 -3.837 -3.445 -3.235 -2.969 -2.598 -2.340 -1.990 -1.761 -1.484 -1.366 -1.259 -1.220 -1.201 -1.213 -1.275 -1.330 -1.402 -1.435 -1.472 -1.493 -1.517 -1.571 -1.575 -0.013 
4.000 700.000 -4.214 -3.932 -3.541 -3.333 -3.069 -2.702 -2.449 -2.110 -1.889 -1.629 -1.523 -1.434 -1.408 -1.405 -1.439 -1.529 -1.598 -1.681 -1.715 -1.750 -1.767 -1.787 -1.827 -1.830 -0.178 
4.000 800.000 -4.299 -4.017 -3.628 -3.420 -3.158 -2.797 -2.549 -2.220 -2.010 -1.770 -1.677 -1.607 -1.594 -1.607 -1.662 -1.775 -1.854 -1.938 -1.969 -1.995 -2.007 -2.020 -2.046 -2.048 -0.330 
4.000 1000.000 -4.473 -4.189 -3.798 -3.592 -3.333 -2.980 -2.741 -2.431 -2.240 -2.034 -1.964 -1.928 -1.937 -1.978 -2.066 -2.213 -2.306 -2.393 -2.420 -2.437 -2.443 -2.448 -2.458 -2.459 -0.593 
4.000 1200.000 -4.621 -4.332 -3.938 -3.732 -3.476 -3.131 -2.902 -2.615 -2.446 -2.280 -2.236 -2.237 -2.270 -2.341 -2.463 -2.646 -2.752 -2.844 -2.869 -2.882 -2.884 -2.884 -2.886 -2.886 -0.852 
4.000 1500.000 -4.844 -4.545 -4.142 -3.933 -3.679 -3.345 -3.132 -2.878 -2.742 -2.637 -2.632 -2.687 -2.754 -2.865 -3.032 -3.259 -3.382 -3.482 -3.506 -3.515 -3.515 -3.512 -3.508 -3.508 -1.218 
4.500 0.000 -0.851 -0.545 -0.116 0.116 0.413 0.835 1.131 1.535 1.803 2.136 2.290 2.459 2.553 2.659 2.788 2.962 3.073 3.186 3.217 3.217 3.194 3.145 2.950 2.928 4.107 
4.500 1.000 -0.939 -0.633 -0.204 0.028 0.325 0.746 1.042 1.446 1.714 2.045 2.198 2.366 2.459 2.564 2.691 2.861 2.967 3.074 3.101 3.096 3.070 3.018 2.816 2.793 4.018 
4.500 5.000 -1.324 -1.018 -0.590 -0.358 -0.061 0.359 0.655 1.059 1.326 1.658 1.812 1.980 2.073 2.179 2.307 2.478 2.586 2.695 2.723 2.719 2.693 2.642 2.439 2.417 3.542 
4.500 10.000 -1.630 -1.325 -0.898 -0.666 -0.370 0.050 0.345 0.748 1.015 1.345 1.497 1.664 1.756 1.859 1.985 2.151 2.254 2.358 2.384 2.378 2.353 2.302 2.105 2.083 3.175 
4.500 15.000 -1.842 -1.538 -1.111 -0.880 -0.584 -0.166 0.129 0.530 0.796 1.124 1.276 1.440 1.531 1.632 1.753 1.912 2.011 2.107 2.129 2.120 2.093 2.042 1.847 1.826 2.920 
4.500 20.000 -2.005 -1.701 -1.275 -1.044 -0.749 -0.331 -0.037 0.363 0.628 0.955 1.106 1.269 1.358 1.457 1.575 1.730 1.823 1.913 1.933 1.921 1.893 1.841 1.647 1.626 2.726 
4.500 25.000 -2.135 -1.832 -1.406 -1.176 -0.881 -0.464 -0.171 0.229 0.493 0.819 0.968 1.130 1.218 1.316 1.432 1.582 1.672 1.757 1.775 1.761 1.732 1.679 1.486 1.466 2.569 
4.500 30.000 -2.240 -1.937 -1.513 -1.283 -0.989 -0.572 -0.279 0.119 0.383 0.707 0.856 1.017 1.104 1.201 1.315 1.461 1.549 1.630 1.646 1.630 1.600 1.547 1.355 1.335 2.444 
4.500 40.000 -2.403 -2.101 -1.678 -1.449 -1.155 -0.740 -0.449 -0.052 0.211 0.533 0.681 0.840 0.925 1.019 1.130 1.270 1.352 1.426 1.438 1.420 1.389 1.335 1.145 1.125 2.251 
4.500 50.000 -2.528 -2.227 -1.805 -1.576 -1.284 -0.870 -0.579 -0.184 0.077 0.398 0.544 0.701 0.785 0.877 0.984 1.118 1.195 1.262 1.270 1.248 1.215 1.160 0.971 0.951 2.103 
4.500 60.000 -2.604 -2.303 -1.883 -1.655 -1.363 -0.951 -0.661 -0.266 -0.005 0.315 0.461 0.617 0.701 0.792 0.898 1.030 1.106 1.170 1.177 1.153 1.120 1.064 0.873 0.853 2.012 
4.500 70.000 -2.654 -2.355 -1.935 -1.708 -1.417 -1.006 -0.716 -0.323 -0.064 0.255 0.400 0.555 0.638 0.727 0.830 0.957 1.029 1.088 1.093 1.066 1.032 0.975 0.785 0.766 1.936 
4.500 80.000 -2.686 -2.387 -1.969 -1.742 -1.452 -1.042 -0.754 -0.362 -0.104 0.213 0.356 0.509 0.590 0.677 0.777 0.897 0.963 1.015 1.017 0.988 0.952 0.895 0.708 0.689 1.879 
4.500 90.000 -2.711 -2.414 -1.996 -1.771 -1.481 -1.073 -0.786 -0.395 -0.138 0.177 0.319 0.470 0.550 0.635 0.730 0.845 0.907 0.952 0.951 0.920 0.883 0.826 0.642 0.623 1.832 
4.500 100.000 -2.734 -2.438 -2.021 -1.796 -1.508 -1.100 -0.814 -0.425 -0.169 0.144 0.285 0.434 0.512 0.595 0.688 0.796 0.854 0.894 0.890 0.856 0.819 0.762 0.580 0.562 1.788 
4.500 110.000 -2.755 -2.459 -2.044 -1.819 -1.532 -1.125 -0.840 -0.453 -0.197 0.114 0.254 0.401 0.477 0.558 0.647 0.750 0.803 0.837 0.832 0.796 0.759 0.702 0.523 0.506 1.749 
4.500 120.000 -2.774 -2.478 -2.064 -1.840 -1.554 -1.149 -0.864 -0.478 -0.224 0.085 0.224 0.369 0.444 0.523 0.609 0.706 0.755 0.784 0.776 0.739 0.702 0.645 0.470 0.453 1.712 
4.500 130.000 -2.794 -2.500 -2.087 -1.863 -1.577 -1.173 -0.890 -0.505 -0.252 0.055 0.193 0.337 0.410 0.487 0.570 0.662 0.707 0.731 0.721 0.682 0.644 0.588 0.414 0.398 1.675 
4.500 140.000 -2.815 -2.521 -2.110 -1.887 -1.601 -1.198 -0.916 -0.532 -0.280 0.026 0.162 0.304 0.377 0.452 0.532 0.619 0.661 0.680 0.668 0.628 0.589 0.532 0.361 0.345 1.638 
4.500 150.000 -2.838 -2.545 -2.134 -1.912 -1.627 -1.225 -0.943 -0.561 -0.310 -0.006 0.130 0.270 0.342 0.415 0.492 0.576 0.613 0.629 0.615 0.573 0.534 0.478 0.309 0.293 1.600 
4.500 175.000 -2.893 -2.602 -2.193 -1.972 -1.690 -1.290 -1.010 -0.631 -0.382 -0.081 0.052 0.189 0.258 0.327 0.399 0.471 0.501 0.507 0.489 0.444 0.404 0.348 0.184 0.169 1.510 
4.500 200.000 -2.942 -2.652 -2.246 -2.026 -1.745 -1.348 -1.070 -0.694 -0.447 -0.149 -0.018 0.115 0.181 0.247 0.312 0.374 0.397 0.393 0.371 0.324 0.284 0.227 0.069 0.054 1.428 
4.500 250.000 -3.029 -2.742 -2.340 -2.122 -1.844 -1.452 -1.178 -0.807 -0.565 -0.275 -0.149 -0.024 0.036 0.093 0.145 0.186 0.194 0.174 0.148 0.098 0.060 0.007 -0.134 -0.146 1.277 
4.500 300.000 -3.101 -2.816 -2.418 -2.202 -1.927 -1.540 -1.269 -0.904 -0.666 -0.384 -0.263 -0.146 -0.092 -0.044 -0.005 0.017 0.012 -0.021 -0.051 -0.101 -0.138 -0.186 -0.311 -0.321 1.147 
4.500 350.000 -3.163 -2.881 -2.486 -2.272 -2.000 -1.616 -1.349 -0.989 -0.756 -0.482 -0.366 -0.257 -0.210 -0.170 -0.144 -0.141 -0.158 -0.203 -0.236 -0.285 -0.320 -0.364 -0.474 -0.483 1.031 
4.500 400.000 -3.218 -2.938 -2.546 -2.334 -2.064 -1.685 -1.420 -1.066 -0.838 -0.571 -0.461 -0.360 -0.319 -0.288 -0.274 -0.289 -0.317 -0.371 -0.406 -0.454 -0.486 -0.526 -0.623 -0.630 0.925 
4.500 450.000 -3.276 -2.997 -2.607 -2.397 -2.129 -1.754 -1.493 -1.144 -0.920 -0.662 -0.557 -0.464 -0.429 -0.407 -0.405 -0.436 -0.474 -0.536 -0.571 -0.617 -0.646 -0.681 -0.764 -0.770 0.823 
4.500 500.000 -3.328 -3.051 -2.664 -2.455 -2.189 -1.817 -1.559 -1.215 -0.996 -0.746 -0.647 -0.563 -0.534 -0.520 -0.529 -0.576 -0.622 -0.690 -0.725 -0.767 -0.793 -0.824 -0.895 -0.900 0.729 
4.500 600.000 -3.415 -3.140 -2.757 -2.551 -2.289 -1.925 -1.674 -1.343 -1.136 -0.907 -0.822 -0.759 -0.746 -0.752 -0.788 -0.868 -0.929 -1.003 -1.035 -1.067 -1.085 -1.105 -1.150 -1.153 0.559 
4.500 700.000 -3.499 -3.226 -2.845 -2.641 -2.383 -2.025 -1.780 -1.461 -1.264 -1.053 -0.980 -0.935 -0.935 -0.957 -1.014 -1.118 -1.190 -1.269 -1.298 -1.325 -1.337 -1.351 -1.381 -1.383 0.408 
4.500 800.000 -3.580 -3.308 -2.930 -2.727 -2.472 -2.120 -1.880 -1.571 -1.383 -1.189 -1.127 -1.099 -1.109 -1.146 -1.220 -1.343 -1.423 -1.503 -1.531 -1.552 -1.561 -1.570 -1.590 -1.591 0.268 
4.500 1000.000 -3.741 -3.468 -3.091 -2.891 -2.640 -2.298 -2.069 -1.780 -1.611 -1.450 -1.410 -1.413 -1.444 -1.505 -1.608 -1.760 -1.849 -1.929 -1.952 -1.964 -1.967 -1.969 -1.975 -1.975 0.024 
4.500 1200.000 -3.876 -3.600 -3.223 -3.024 -2.777 -2.446 -2.228 -1.962 -1.815 -1.693 -1.678 -1.715 -1.769 -1.857 -1.991 -2.173 -2.274 -2.357 -2.377 -2.385 -2.384 -2.382 -2.381 -2.381 -0.215 
4.500 1500.000 -4.082 -3.798 -3.415 -3.217 -2.974 -2.656 -2.456 -2.225 -2.111 -2.047 -2.069 -2.156 -2.241 -2.365 -2.538 -2.758 -2.870 -2.957 -2.975 -2.979 -2.976 -2.971 -2.965 -2.965 -0.553 
5.000 0.000 -0.403 -0.107 0.311 0.538 0.828 1.236 1.519 1.893 2.130 2.408 2.532 2.668 2.746 2.837 2.952 3.107 3.202 3.297 3.320 3.313 3.288 3.239 3.056 3.036 4.317 
5.000 1.000 -0.471 -0.174 0.244 0.470 0.760 1.168 1.450 1.824 2.060 2.337 2.460 2.595 2.671 2.760 2.872 3.021 3.112 3.198 3.217 3.205 3.176 3.125 2.935 2.915 4.251 
5.000 5.000 -0.771 -0.475 -0.058 0.169 0.458 0.866 1.147 1.521 1.757 2.034 2.157 2.291 2.367 2.456 2.568 2.717 2.807 2.893 2.911 2.897 2.869 2.816 2.625 2.605 3.880 
5.000 10.000 -1.049 -0.754 -0.337 -0.112 0.177 0.584 0.865 1.237 1.472 1.748 1.870 2.003 2.078 2.165 2.274 2.418 2.505 2.586 2.602 2.587 2.558 2.506 2.319 2.299 3.541 
5.000 15.000 -1.249 -0.954 -0.538 -0.313 -0.025 0.381 0.661 1.032 1.267 1.540 1.661 1.792 1.866 1.951 2.056 2.193 2.275 2.349 2.363 2.346 2.316 2.264 2.079 2.060 3.300 
5.000 20.000 -1.400 -1.105 -0.691 -0.466 -0.178 0.226 0.506 0.876 1.110 1.382 1.501 1.630 1.703 1.785 1.887 2.019 2.097 2.166 2.176 2.157 2.127 2.075 1.893 1.875 3.120 
5.000 25.000 -1.522 -1.228 -0.814 -0.590 -0.302 0.101 0.380 0.749 0.982 1.252 1.371 1.498 1.569 1.650 1.749 1.876 1.949 2.013 2.021 2.001 1.970 1.918 1.739 1.721 2.969 
5.000 30.000 -1.622 -1.328 -0.915 -0.691 -0.404 -0.002 0.277 0.645 0.877 1.146 1.264 1.390 1.460 1.539 1.636 1.759 1.829 1.889 1.895 1.873 1.841 1.789 1.611 1.594 2.849 
5.000 40.000 -1.776 -1.484 -1.072 -0.849 -0.563 -0.162 0.116 0.482 0.712 0.980 1.096 1.220 1.288 1.365 1.457 1.573 1.638 1.690 1.694 1.669 1.637 1.584 1.409 1.392 2.666 
5.000 50.000 -1.895 -1.604 -1.194 -0.971 -0.687 -0.287 -0.011 0.354 0.584 0.849 0.964 1.086 1.153 1.227 1.316 1.425 1.485 1.531 1.532 1.504 1.471 1.417 1.244 1.227 2.524 
5.000 60.000 -1.969 -1.678 -1.269 -1.048 -0.764 -0.365 -0.090 0.274 0.503 0.768 0.882 1.004 1.070 1.144 1.232 1.340 1.398 1.441 1.440 1.411 1.377 1.322 1.148 1.131 2.438 
5.000 70.000 -2.017 -1.728 -1.320 -1.099 -0.816 -0.419 -0.145 0.217 0.445 0.709 0.823 0.943 1.008 1.080 1.165 1.268 1.323 1.361 1.358 1.326 1.291 1.236 1.062 1.045 2.365 
5.000 80.000 -2.045 -1.757 -1.351 -1.130 -0.848 -0.453 -0.179 0.181 0.408 0.669 0.782 0.900 0.963 1.033 1.114 1.210 1.259 1.290 1.284 1.250 1.215 1.160 0.989 0.973 2.312 
5.000 90.000 -2.069 -1.782 -1.377 -1.157 -0.876 -0.482 -0.209 0.150 0.375 0.635 0.746 0.862 0.924 0.991 1.069 1.159 1.204 1.229 1.221 1.185 1.148 1.094 0.925 0.909 2.268 
5.000 100.000 -2.091 -1.804 -1.400 -1.181 -0.901 -0.508 -0.237 0.121 0.345 0.603 0.713 0.827 0.887 0.953 1.027 1.111 1.152 1.172 1.161 1.124 1.087 1.032 0.867 0.851 2.227 
5.000 110.000 -2.109 -1.823 -1.421 -1.203 -0.924 -0.532 -0.262 0.094 0.318 0.574 0.683 0.795 0.853 0.916 0.987 1.066 1.102 1.117 1.105 1.066 1.029 0.975 0.812 0.797 2.190 
5.000 120.000 -2.126 -1.841 -1.440 -1.222 -0.944 -0.554 -0.284 0.071 0.293 0.547 0.655 0.765 0.822 0.883 0.951 1.024 1.057 1.068 1.053 1.013 0.975 0.921 0.762 0.747 2.157 
5.000 130.000 -2.145 -1.861 -1.460 -1.244 -0.966 -0.577 -0.309 0.045 0.266 0.519 0.625 0.734 0.790 0.849 0.913 0.981 1.010 1.016 1.000 0.958 0.920 0.866 0.709 0.694 2.122 
5.000 140.000 -2.164 -1.881 -1.482 -1.266 -0.989 -0.601 -0.334 0.018 0.239 0.490 0.595 0.702 0.757 0.814 0.875 0.939 0.964 0.966 0.948 0.905 0.867 0.813 0.659 0.645 2.089 
5.000 150.000 -2.185 -1.903 -1.505 -1.289 -1.013 -0.627 -0.360 -0.009 0.210 0.460 0.564 0.669 0.723 0.778 0.837 0.895 0.917 0.915 0.896 0.852 0.814 0.761 0.609 0.595 2.054 
5.000 175.000 -2.236 -1.955 -1.560 -1.346 -1.072 -0.688 -0.424 -0.076 0.141 0.387 0.490 0.591 0.641 0.693 0.745 0.793 0.808 0.796 0.774 0.727 0.689 0.637 0.491 0.478 1.971 
5.000 200.000 -2.280 -2.001 -1.608 -1.395 -1.124 -0.743 -0.480 -0.135 0.079 0.322 0.422 0.519 0.566 0.613 0.659 0.697 0.704 0.684 0.659 0.611 0.573 0.522 0.383 0.371 1.894 
5.000 250.000 -2.359 -2.083 -1.696 -1.485 -1.217 -0.841 -0.583 -0.244 -0.034 0.200 0.295 0.384 0.425 0.463 0.495 0.512 0.505 0.472 0.443 0.394 0.358 0.312 0.189 0.179 1.753 
5.000 300.000 -2.424 -2.151 -1.768 -1.560 -1.295 -0.924 -0.670 -0.337 -0.132 0.095 0.184 0.265 0.300 0.329 0.348 0.346 0.328 0.283 0.251 0.203 0.170 0.127 0.020 0.011 1.631 
5.000 350.000 -2.482 -2.211 -1.832 -1.626 -1.364 -0.998 -0.747 -0.420 -0.220 -0.001 0.083 0.156 0.185 0.205 0.212 0.192 0.162 0.108 0.074 0.028 -0.003 -0.041 -0.135 -0.142 1.523 
5.000 400.000 -2.533 -2.265 -1.889 -1.685 -1.426 -1.064 -0.817 -0.496 -0.300 -0.089 -0.010 0.054 0.077 0.089 0.084 0.048 0.009 -0.052 -0.086 -0.130 -0.158 -0.192 -0.272 -0.278 1.432 
5.000 450.000 -2.585 -2.319 -1.946 -1.744 -1.488 -1.130 -0.886 -0.571 -0.379 -0.176 -0.103 -0.047 -0.030 -0.026 -0.043 -0.094 -0.141 -0.208 -0.242 -0.282 -0.307 -0.337 -0.405 -0.410 1.337 
5.000 500.000 -2.634 -2.370 -1.999 -1.799 -1.545 -1.192 -0.951 -0.641 -0.454 -0.259 -0.191 -0.143 -0.133 -0.137 -0.164 -0.229 -0.283 -0.354 -0.387 -0.425 -0.447 -0.472 -0.529 -0.534 1.249 
5.000 600.000 -2.714 -2.452 -2.087 -1.890 -1.641 -1.296 -1.063 -0.766 -0.591 -0.417 -0.363 -0.336 -0.340 -0.364 -0.416 -0.510 -0.576 -0.650 -0.679 -0.706 -0.720 -0.735 -0.769 -0.772 1.092 
5.000 700.000 -2.793 -2.534 -2.172 -1.978 -1.733 -1.395 -1.168 -0.881 -0.715 -0.556 -0.512 -0.501 -0.516 -0.553 -0.622 -0.735 -0.810 -0.887 -0.914 -0.936 -0.946 -0.957 -0.980 -0.982 0.953 
5.000 800.000 -2.869 -2.611 -2.252 -2.060 -1.818 -1.487 -1.266 -0.990 -0.834 -0.692 -0.659 -0.663 -0.689 -0.740 -0.824 -0.954 -1.034 -1.111 -1.135 -1.152 -1.158 -1.163 -1.177 -1.178 0.825 
5.000 1000.000 -3.019 -2.762 -2.406 -2.218 -1.981 -1.662 -1.452 -1.197 -1.058 -0.948 -0.935 -0.968 -1.013 -1.086 -1.196 -1.349 -1.436 -1.509 -1.527 -1.535 -1.535 -1.534 -1.536 -1.536 0.600 
5.000 1200.000 -3.144 -2.886 -2.532 -2.345 -2.114 -1.806 -1.608 -1.376 -1.258 -1.184 -1.195 -1.260 -1.325 -1.423 -1.560 -1.739 -1.834 -1.909 -1.925 -1.928 -1.925 -1.921 -1.917 -1.917 0.381 
5.000 1500.000 -3.336 -3.072 -2.715 -2.530 -2.305 -2.013 -1.833 -1.635 -1.550 -1.531 -1.576 -1.686 -1.780 -1.910 -2.082 -2.292 -2.397 -2.474 -2.488 -2.489 -2.484 -2.478 -2.471 -2.471 0.070 
5.500 0.000 0.044 0.325 0.721 0.935 1.209 1.590 1.848 2.179 2.381 2.609 2.710 2.824 2.892 2.974 3.079 3.219 3.304 3.385 3.403 3.393 3.367 3.321 3.150 3.133 4.464 
5.500 1.000 -0.009 0.271 0.667 0.881 1.155 1.535 1.793 2.124 2.324 2.551 2.651 2.763 2.830 2.910 3.011 3.144 3.224 3.296 3.309 3.293 3.265 3.215 3.038 3.020 4.415 
5.500 5.000 -0.230 0.050 0.445 0.659 0.932 1.312 1.570 1.899 2.099 2.325 2.424 2.536 2.602 2.680 2.779 2.909 2.985 3.053 3.064 3.046 3.016 2.965 2.786 2.768 4.157 
5.500 10.000 -0.470 -0.191 0.203 0.417 0.689 1.068 1.325 1.654 1.853 2.078 2.176 2.286 2.351 2.428 2.524 2.650 2.722 2.786 2.794 2.774 2.744 2.692 2.515 2.497 3.866 
5.500 15.000 -0.652 -0.373 0.020 0.233 0.505 0.883 1.139 1.467 1.665 1.888 1.985 2.094 2.157 2.232 2.325 2.446 2.514 2.573 2.579 2.558 2.527 2.476 2.302 2.284 3.646 
5.500 20.000 -0.792 -0.514 -0.121 0.091 0.363 0.740 0.995 1.322 1.519 1.741 1.837 1.943 2.005 2.078 2.168 2.283 2.348 2.401 2.406 2.383 2.352 2.301 2.131 2.114 3.479 
5.500 25.000 -0.906 -0.628 -0.237 -0.024 0.246 0.622 0.877 1.203 1.400 1.619 1.714 1.819 1.879 1.950 2.037 2.146 2.206 2.255 2.257 2.233 2.202 2.151 1.984 1.968 3.338 
5.500 30.000 -1.000 -0.723 -0.333 -0.121 0.149 0.524 0.779 1.103 1.299 1.518 1.612 1.715 1.774 1.843 1.928 2.033 2.090 2.135 2.136 2.110 2.079 2.028 1.864 1.848 3.223 
5.500 40.000 -1.145 -0.869 -0.480 -0.269 0.000 0.373 0.626 0.949 1.144 1.361 1.453 1.554 1.611 1.678 1.758 1.855 1.908 1.945 1.944 1.916 1.884 1.834 1.672 1.657 3.049 
5.500 50.000 -1.259 -0.984 -0.596 -0.386 -0.118 0.254 0.506 0.827 1.021 1.236 1.327 1.426 1.482 1.546 1.623 1.715 1.762 1.794 1.790 1.760 1.727 1.677 1.517 1.502 2.915 
5.500 60.000 -1.331 -1.057 -0.671 -0.461 -0.194 0.177 0.428 0.749 0.942 1.156 1.248 1.347 1.402 1.466 1.542 1.632 1.678 1.707 1.702 1.670 1.636 1.584 1.423 1.407 2.834 
5.500 70.000 -1.376 -1.103 -0.718 -0.509 -0.243 0.126 0.376 0.696 0.888 1.101 1.192 1.289 1.344 1.405 1.479 1.564 1.607 1.631 1.623 1.589 1.555 1.503 1.342 1.327 2.765 
5.500 80.000 -1.402 -1.130 -0.747 -0.539 -0.274 0.094 0.343 0.661 0.852 1.064 1.153 1.248 1.300 1.360 1.429 1.508 1.545 1.564 1.553 1.517 1.482 1.430 1.273 1.258 2.715 
5.500 90.000 -1.425 -1.154 -0.771 -0.564 -0.300 0.066 0.315 0.631 0.821 1.031 1.119 1.212 1.263 1.320 1.385 1.458 1.492 1.505 1.492 1.455 1.419 1.368 1.213 1.198 2.673 
5.500 100.000 -1.445 -1.174 -0.793 -0.587 -0.324 0.041 0.289 0.604 0.793 1.000 1.087 1.178 1.228 1.283 1.345 1.412 1.442 1.450 1.435 1.396 1.361 1.309 1.157 1.143 2.636 
5.500 110.000 -1.461 -1.192 -0.813 -0.607 -0.345 0.019 0.265 0.579 0.767 0.973 1.059 1.148 1.196 1.249 1.307 1.370 1.395 1.398 1.382 1.342 1.306 1.255 1.105 1.092 2.603 
5.500 120.000 -1.477 -1.209 -0.830 -0.625 -0.364 -0.001 0.244 0.556 0.743 0.948 1.032 1.119 1.166 1.217 1.272 1.329 1.350 1.349 1.331 1.290 1.254 1.203 1.056 1.043 2.572 
5.500 130.000 -1.495 -1.227 -0.850 -0.646 -0.386 -0.024 0.220 0.531 0.717 0.920 1.003 1.089 1.134 1.182 1.234 1.286 1.304 1.298 1.279 1.237 1.201 1.150 1.006 0.993 2.541 
5.500 140.000 -1.513 -1.247 -0.871 -0.667 -0.408 -0.048 0.196 0.506 0.691 0.892 0.974 1.058 1.102 1.148 1.197 1.244 1.259 1.249 1.228 1.185 1.149 1.099 0.958 0.945 2.510 
5.500 150.000 -1.533 -1.267 -0.892 -0.689 -0.430 -0.072 0.171 0.479 0.664 0.863 0.944 1.027 1.069 1.114 1.160 1.203 1.214 1.201 1.179 1.134 1.098 1.049 0.910 0.898 2.479 
5.500 175.000 -1.580 -1.316 -0.945 -0.743 -0.486 -0.131 0.110 0.415 0.597 0.793 0.872 0.950 0.990 1.030 1.070 1.101 1.105 1.084 1.059 1.014 0.978 0.930 0.798 0.787 2.402 
5.500 200.000 -1.621 -1.359 -0.990 -0.790 -0.535 -0.182 0.056 0.358 0.538 0.730 0.806 0.880 0.917 0.952 0.985 1.006 1.003 0.974 0.947 0.901 0.866 0.820 0.696 0.686 2.329 
5.500 250.000 -1.695 -1.436 -1.072 -0.875 -0.624 -0.276 -0.042 0.254 0.429 0.614 0.684 0.750 0.779 0.805 0.824 0.825 0.808 0.767 0.737 0.692 0.659 0.617 0.509 0.500 2.195 
5.500 300.000 -1.756 -1.500 -1.141 -0.946 -0.698 -0.356 -0.126 0.164 0.335 0.512 0.577 0.634 0.657 0.674 0.680 0.662 0.635 0.584 0.552 0.508 0.478 0.441 0.348 0.340 2.079 
5.500 350.000 -1.810 -1.557 -1.201 -1.009 -0.765 -0.427 -0.201 0.084 0.250 0.418 0.478 0.527 0.543 0.552 0.545 0.510 0.473 0.415 0.383 0.342 0.315 0.283 0.204 0.198 1.985 
5.500 400.000 -1.858 -1.607 -1.255 -1.065 -0.824 -0.491 -0.268 0.011 0.172 0.333 0.387 0.427 0.438 0.437 0.419 0.369 0.324 0.261 0.229 0.191 0.168 0.140 0.074 0.069 1.899 
5.500 450.000 -1.905 -1.657 -1.308 -1.120 -0.882 -0.553 -0.334 -0.061 0.096 0.249 0.298 0.330 0.334 0.326 0.297 0.233 0.181 0.113 0.082 0.047 0.027 0.003 -0.052 -0.056 1.810 
5.500 500.000 -1.949 -1.703 -1.357 -1.171 -0.935 -0.611 -0.395 -0.127 0.025 0.170 0.214 0.238 0.236 0.220 0.181 0.104 0.046 -0.024 -0.054 -0.086 -0.103 -0.123 -0.169 -0.172 1.728 
5.500 600.000 -2.024 -1.781 -1.441 -1.258 -1.027 -0.712 -0.503 -0.248 -0.107 0.018 0.049 0.052 0.036 0.002 -0.060 -0.162 -0.229 -0.300 -0.325 -0.346 -0.356 -0.367 -0.393 -0.395 1.584 
5.500 700.000 -2.098 -1.857 -1.521 -1.341 -1.115 -0.807 -0.604 -0.359 -0.227 -0.117 -0.096 -0.107 -0.133 -0.180 -0.256 -0.374 -0.447 -0.517 -0.539 -0.554 -0.560 -0.566 -0.581 -0.582 1.456 
5.500 800.000 -2.170 -1.931 -1.598 -1.421 -1.198 -0.897 -0.701 -0.466 -0.343 -0.249 -0.238 -0.264 -0.300 -0.359 -0.449 -0.580 -0.658 -0.726 -0.745 -0.755 -0.757 -0.759 -0.766 -0.767 1.340 
5.500 1000.000 -2.310 -2.072 -1.744 -1.571 -1.354 -1.065 -0.881 -0.667 -0.561 -0.497 -0.506 -0.559 -0.612 -0.690 -0.803 -0.951 -1.031 -1.093 -1.105 -1.106 -1.103 -1.099 -1.096 -1.096 1.132 
5.500 1200.000 -2.425 -2.188 -1.862 -1.691 -1.481 -1.205 -1.032 -0.841 -0.756 -0.727 -0.758 -0.842 -0.914 -1.015 -1.152 -1.323 -1.410 -1.473 -1.483 -1.480 -1.475 -1.469 -1.461 -1.461 0.933 
5.500 1500.000 -2.603 -2.361 -2.036 -1.868 -1.665 -1.407 -1.253 -1.096 -1.043 -1.066 -1.129 -1.255 -1.352 -1.481 -1.646 -1.838 -1.930 -1.991 -1.998 -1.992 -1.985 -1.977 -1.967 -1.967 0.651 
6.000 0.000 0.469 0.727 1.091 1.288 1.538 1.881 2.108 2.391 2.558 2.745 2.831 2.932 2.994 3.070 3.167 3.296 3.372 3.442 3.456 3.443 3.417 3.372 3.209 3.192 4.577 
6.000 1.000 0.424 0.683 1.046 1.243 1.492 1.835 2.062 2.344 2.510 2.696 2.780 2.880 2.941 3.015 3.108 3.230 3.301 3.363 3.372 3.353 3.324 3.275 3.105 3.088 4.538 
6.000 5.000 0.265 0.522 0.886 1.082 1.331 1.672 1.899 2.181 2.346 2.530 2.614 2.711 2.771 2.843 2.933 3.049 3.115 3.170 3.176 3.153 3.122 3.070 2.898 2.881 4.366 
6.000 10.000 0.074 0.331 0.694 0.890 1.138 1.479 1.704 1.985 2.150 2.333 2.415 2.511 2.569 2.639 2.726 2.837 2.899 2.950 2.953 2.930 2.899 2.849 2.681 2.664 4.141 
6.000 15.000 -0.084 0.172 0.534 0.729 0.977 1.317 1.542 1.822 1.986 2.167 2.249 2.343 2.400 2.468 2.553 2.659 2.718 2.764 2.767 2.742 2.712 2.662 2.497 2.481 3.954 
6.000 20.000 -0.211 0.045 0.406 0.601 0.848 1.187 1.412 1.691 1.854 2.034 2.115 2.207 2.263 2.329 2.411 2.513 2.569 2.611 2.612 2.587 2.556 2.506 2.344 2.328 3.807 
6.000 25.000 -0.315 -0.060 0.300 0.495 0.741 1.079 1.303 1.581 1.743 1.922 2.001 2.092 2.146 2.210 2.289 2.385 2.437 2.474 2.473 2.446 2.415 2.366 2.207 2.192 3.676 
6.000 30.000 -0.405 -0.150 0.209 0.403 0.649 0.986 1.210 1.487 1.648 1.826 1.904 1.993 2.046 2.109 2.185 2.277 2.325 2.359 2.356 2.328 2.297 2.248 2.092 2.077 3.567 
6.000 40.000 -0.545 -0.291 0.067 0.260 0.505 0.841 1.063 1.339 1.499 1.675 1.752 1.839 1.890 1.950 2.022 2.107 2.150 2.177 2.172 2.141 2.109 2.059 1.904 1.890 3.402 
6.000 50.000 -0.654 -0.401 -0.045 0.148 0.392 0.726 0.947 1.222 1.381 1.555 1.631 1.716 1.766 1.824 1.892 1.972 2.011 2.032 2.025 1.992 1.959 1.910 1.757 1.742 3.275 
6.000 60.000 -0.722 -0.471 -0.116 0.076 0.319 0.653 0.873 1.147 1.306 1.480 1.556 1.641 1.691 1.748 1.816 1.895 1.932 1.952 1.943 1.909 1.875 1.824 1.669 1.655 3.197 
6.000 70.000 -0.766 -0.515 -0.162 0.030 0.272 0.604 0.824 1.096 1.255 1.428 1.503 1.587 1.635 1.691 1.757 1.831 1.865 1.881 1.870 1.834 1.799 1.748 1.594 1.580 3.132 
6.000 80.000 -0.791 -0.542 -0.189 0.001 0.242 0.573 0.792 1.063 1.221 1.392 1.466 1.548 1.595 1.648 1.710 1.778 1.808 1.818 1.805 1.767 1.732 1.681 1.529 1.515 3.086 
6.000 90.000 -0.813 -0.564 -0.213 -0.023 0.217 0.547 0.765 1.034 1.191 1.361 1.434 1.514 1.559 1.610 1.669 1.731 1.757 1.762 1.747 1.708 1.672 1.622 1.472 1.459 3.047 
6.000 100.000 -0.830 -0.582 -0.233 -0.044 0.196 0.524 0.741 1.009 1.165 1.333 1.405 1.483 1.527 1.576 1.631 1.689 1.711 1.711 1.695 1.655 1.619 1.569 1.423 1.410 3.012 
6.000 110.000 -0.847 -0.600 -0.251 -0.063 0.176 0.502 0.719 0.986 1.141 1.307 1.378 1.454 1.496 1.543 1.595 1.647 1.665 1.661 1.643 1.601 1.566 1.516 1.373 1.360 2.982 
6.000 120.000 -0.860 -0.614 -0.267 -0.079 0.159 0.484 0.700 0.966 1.119 1.284 1.353 1.427 1.468 1.513 1.561 1.607 1.622 1.614 1.594 1.552 1.517 1.468 1.328 1.316 2.955 
6.000 130.000 -0.877 -0.632 -0.286 -0.099 0.138 0.462 0.677 0.941 1.094 1.257 1.325 1.397 1.437 1.479 1.524 1.565 1.576 1.564 1.542 1.500 1.465 1.416 1.280 1.268 2.926 
6.000 140.000 -0.896 -0.651 -0.307 -0.120 0.116 0.439 0.653 0.916 1.068 1.230 1.297 1.367 1.405 1.445 1.487 1.524 1.532 1.516 1.493 1.449 1.414 1.366 1.232 1.221 2.895 
6.000 150.000 -0.915 -0.671 -0.327 -0.142 0.094 0.416 0.628 0.891 1.042 1.202 1.268 1.337 1.374 1.412 1.451 1.483 1.488 1.468 1.444 1.400 1.365 1.317 1.186 1.175 2.865 
6.000 175.000 -0.959 -0.717 -0.376 -0.192 0.041 0.360 0.571 0.830 0.979 1.136 1.199 1.264 1.297 1.331 1.363 1.384 1.381 1.354 1.328 1.284 1.250 1.204 1.082 1.071 2.795 
6.000 200.000 -1.000 -0.760 -0.421 -0.239 -0.007 0.309 0.518 0.775 0.922 1.075 1.135 1.195 1.225 1.254 1.279 1.290 1.280 1.246 1.218 1.173 1.140 1.096 0.981 0.971 2.728 
6.000 250.000 -1.070 -0.833 -0.500 -0.320 -0.092 0.219 0.424 0.675 0.817 0.963 1.018 1.069 1.092 1.111 1.122 1.112 1.090 1.045 1.014 0.970 0.940 0.900 0.801 0.793 2.603 
6.000 300.000 -1.131 -0.897 -0.568 -0.391 -0.166 0.140 0.341 0.587 0.725 0.863 0.913 0.956 0.973 0.984 0.983 0.956 0.924 0.870 0.838 0.796 0.769 0.734 0.649 0.642 2.498 
6.000 350.000 -1.181 -0.950 -0.625 -0.450 -0.229 0.073 0.270 0.510 0.644 0.774 0.819 0.853 0.863 0.864 0.851 0.807 0.766 0.706 0.675 0.636 0.612 0.583 0.513 0.507 2.407 
6.000 400.000 -1.227 -0.999 -0.677 -0.504 -0.286 0.011 0.205 0.440 0.569 0.692 0.730 0.756 0.759 0.753 0.727 0.669 0.620 0.556 0.526 0.492 0.471 0.447 0.389 0.385 2.328 
6.000 450.000 -1.273 -1.046 -0.728 -0.557 -0.341 -0.049 0.142 0.372 0.497 0.611 0.645 0.662 0.659 0.644 0.609 0.537 0.482 0.415 0.386 0.356 0.338 0.318 0.271 0.267 2.245 
6.000 500.000 -1.316 -1.091 -0.776 -0.607 -0.394 -0.105 0.082 0.307 0.427 0.534 0.562 0.571 0.563 0.541 0.495 0.412 0.353 0.285 0.258 0.231 0.217 0.201 0.163 0.160 2.171 
6.000 600.000 -1.385 -1.164 -0.854 -0.689 -0.481 -0.201 -0.020 0.192 0.302 0.390 0.405 0.395 0.373 0.334 0.268 0.164 0.097 0.031 0.009 -0.007 -0.014 -0.022 -0.041 -0.043 2.040 
6.000 700.000 -1.458 -1.239 -0.934 -0.771 -0.567 -0.294 -0.119 0.083 0.185 0.258 0.263 0.239 0.208 0.156 0.077 -0.042 -0.112 -0.176 -0.194 -0.204 -0.207 -0.210 -0.220 -0.221 1.919 
6.000 800.000 -1.522 -1.305 -1.003 -0.842 -0.643 -0.377 -0.208 -0.017 0.076 0.133 0.128 0.088 0.047 -0.015 -0.108 -0.237 -0.309 -0.368 -0.381 -0.385 -0.384 -0.382 -0.384 -0.384 1.813 
6.000 1000.000 -1.651 -1.436 -1.139 -0.983 -0.790 -0.537 -0.380 -0.208 -0.133 -0.105 -0.129 -0.195 -0.252 -0.333 -0.445 -0.588 -0.660 -0.712 -0.718 -0.713 -0.707 -0.701 -0.694 -0.694 1.623 
6.000 1200.000 -1.762 -1.547 -1.254 -1.101 -0.914 -0.674 -0.529 -0.380 -0.324 -0.331 -0.376 -0.469 -0.544 -0.645 -0.777 -0.936 -1.012 -1.061 -1.065 -1.057 -1.049 -1.040 -1.030 -1.030 1.437 
6.000 1500.000 -1.927 -1.710 -1.419 -1.270 -1.092 -0.870 -0.744 -0.629 -0.604 -0.660 -0.735 -0.868 -0.965 -1.090 -1.244 -1.419 -1.496 -1.542 -1.543 -1.532 -1.523 -1.513 -1.502 -1.501 1.177 
6.500 0.000 0.865 1.096 1.422 1.597 1.817 2.116 2.310 2.546 2.684 2.842 2.917 3.011 3.070 3.143 3.235 3.356 3.426 3.490 3.501 3.487 3.461 3.416 3.258 3.242 4.678 
6.500 1.000 0.827 1.058 1.383 1.558 1.779 2.077 2.270 2.506 2.643 2.800 2.874 2.967 3.024 3.095 3.184 3.299 3.364 3.420 3.426 3.406 3.376 3.328 3.163 3.146 4.644 
6.500 5.000 0.707 0.937 1.262 1.437 1.657 1.954 2.147 2.382 2.518 2.674 2.747 2.837 2.894 2.962 3.048 3.156 3.216 3.264 3.266 3.241 3.209 3.158 2.989 2.973 4.528 
6.500 10.000 0.565 0.795 1.118 1.293 1.512 1.808 2.001 2.235 2.370 2.523 2.596 2.683 2.738 2.804 2.886 2.987 3.043 3.087 3.088 3.063 3.033 2.983 2.822 2.807 4.368 
6.500 15.000 0.432 0.662 0.985 1.159 1.378 1.673 1.866 2.099 2.234 2.386 2.457 2.544 2.598 2.662 2.742 2.840 2.894 2.934 2.935 2.909 2.879 2.830 2.671 2.656 4.220 
6.500 20.000 0.320 0.549 0.871 1.045 1.263 1.558 1.750 1.982 2.117 2.268 2.339 2.424 2.477 2.540 2.618 2.713 2.763 2.801 2.800 2.773 2.742 2.694 2.537 2.522 4.094 
6.500 25.000 0.222 0.450 0.772 0.945 1.163 1.457 1.648 1.880 2.014 2.164 2.234 2.317 2.369 2.430 2.505 2.595 2.643 2.676 2.673 2.645 2.614 2.566 2.411 2.396 3.977 
6.500 30.000 0.138 0.366 0.687 0.859 1.077 1.370 1.561 1.792 1.925 2.074 2.143 2.226 2.276 2.336 2.409 2.495 2.540 2.570 2.566 2.537 2.505 2.457 2.303 2.289 3.878 
6.500 40.000 0.004 0.231 0.551 0.723 0.939 1.231 1.421 1.651 1.783 1.931 1.999 2.080 2.128 2.186 2.255 2.335 2.375 2.398 2.391 2.359 2.326 2.277 2.123 2.109 3.721 
6.500 50.000 -0.100 0.126 0.444 0.616 0.831 1.122 1.311 1.540 1.672 1.818 1.885 1.964 2.011 2.066 2.132 2.207 2.243 2.261 2.252 2.219 2.186 2.136 1.985 1.971 3.600 
6.500 60.000 -0.166 0.060 0.377 0.548 0.763 1.053 1.241 1.470 1.601 1.747 1.815 1.894 1.941 1.996 2.062 2.137 2.172 2.189 2.179 2.144 2.110 2.060 1.908 1.893 3.527 
6.500 70.000 -0.208 0.017 0.333 0.503 0.717 1.006 1.194 1.421 1.552 1.698 1.764 1.842 1.889 1.943 2.007 2.078 2.110 2.123 2.111 2.075 2.040 1.989 1.837 1.823 3.466 
6.500 80.000 -0.233 -0.009 0.306 0.475 0.688 0.976 1.164 1.390 1.520 1.664 1.730 1.806 1.851 1.903 1.963 2.028 2.057 2.064 2.050 2.012 1.976 1.926 1.775 1.761 3.422 
6.500 90.000 -0.252 -0.029 0.284 0.453 0.665 0.952 1.139 1.364 1.493 1.636 1.700 1.775 1.818 1.868 1.925 1.985 2.010 2.013 1.997 1.958 1.923 1.872 1.724 1.711 3.387 
6.500 100.000 -0.270 -0.047 0.265 0.433 0.645 0.931 1.116 1.341 1.469 1.610 1.673 1.746 1.788 1.836 1.890 1.945 1.966 1.965 1.948 1.907 1.872 1.822 1.678 1.665 3.356 
6.500 110.000 -0.284 -0.062 0.249 0.416 0.627 0.912 1.097 1.320 1.447 1.587 1.649 1.719 1.760 1.805 1.855 1.905 1.921 1.916 1.897 1.856 1.821 1.772 1.632 1.619 3.329 
6.500 120.000 -0.297 -0.076 0.234 0.401 0.611 0.894 1.078 1.300 1.427 1.565 1.625 1.694 1.733 1.776 1.822 1.866 1.879 1.870 1.850 1.808 1.773 1.725 1.588 1.576 3.305 
6.500 130.000 -0.315 -0.095 0.214 0.380 0.590 0.872 1.055 1.276 1.402 1.538 1.598 1.664 1.702 1.743 1.786 1.825 1.835 1.821 1.800 1.757 1.722 1.675 1.540 1.529 3.276 
6.500 140.000 -0.333 -0.114 0.194 0.359 0.568 0.849 1.032 1.252 1.377 1.512 1.570 1.635 1.671 1.710 1.750 1.785 1.791 1.774 1.751 1.708 1.673 1.626 1.495 1.483 3.247 
6.500 150.000 -0.350 -0.132 0.175 0.340 0.548 0.828 1.010 1.229 1.353 1.487 1.544 1.607 1.641 1.678 1.715 1.744 1.748 1.727 1.704 1.660 1.626 1.580 1.452 1.441 3.222 
6.500 175.000 -0.393 -0.177 0.128 0.292 0.498 0.776 0.955 1.172 1.294 1.424 1.478 1.536 1.567 1.599 1.629 1.647 1.643 1.616 1.591 1.547 1.514 1.471 1.352 1.342 3.157 
6.500 200.000 -0.434 -0.219 0.083 0.245 0.449 0.725 0.903 1.117 1.237 1.363 1.416 1.470 1.497 1.524 1.547 1.555 1.544 1.510 1.482 1.438 1.406 1.363 1.252 1.243 3.095 
6.500 250.000 -0.507 -0.295 0.003 0.163 0.364 0.635 0.810 1.019 1.135 1.254 1.301 1.347 1.368 1.386 1.396 1.384 1.362 1.316 1.287 1.244 1.215 1.177 1.081 1.073 2.980 
6.500 300.000 -0.567 -0.358 -0.064 0.094 0.292 0.558 0.730 0.935 1.047 1.159 1.201 1.238 1.253 1.262 1.260 1.231 1.199 1.146 1.116 1.076 1.049 1.016 0.935 0.929 2.881 
6.500 350.000 -0.616 -0.409 -0.119 0.037 0.232 0.494 0.663 0.862 0.970 1.074 1.110 1.138 1.146 1.146 1.130 1.085 1.044 0.986 0.957 0.921 0.899 0.871 0.805 0.800 2.796 
6.500 400.000 -0.660 -0.455 -0.168 -0.014 0.178 0.436 0.602 0.796 0.899 0.995 1.026 1.044 1.046 1.037 1.010 0.950 0.902 0.841 0.813 0.782 0.764 0.742 0.689 0.685 2.719 
6.500 450.000 -0.705 -0.502 -0.218 -0.066 0.124 0.378 0.540 0.729 0.829 0.917 0.942 0.953 0.948 0.931 0.894 0.822 0.769 0.706 0.680 0.654 0.639 0.621 0.579 0.576 2.645 
6.500 500.000 -0.747 -0.546 -0.265 -0.114 0.074 0.324 0.483 0.668 0.763 0.844 0.863 0.866 0.855 0.831 0.784 0.702 0.645 0.582 0.558 0.536 0.524 0.511 0.478 0.475 2.576 
6.500 600.000 -0.812 -0.614 -0.338 -0.191 -0.007 0.235 0.388 0.561 0.646 0.709 0.716 0.699 0.676 0.635 0.569 0.468 0.405 0.346 0.329 0.317 0.313 0.308 0.293 0.292 2.456 
6.500 700.000 -0.883 -0.687 -0.415 -0.270 -0.091 0.144 0.291 0.455 0.532 0.579 0.576 0.545 0.512 0.460 0.381 0.267 0.202 0.146 0.133 0.128 0.128 0.129 0.123 0.122 2.340 
6.500 800.000 -0.939 -0.744 -0.476 -0.334 -0.159 0.070 0.211 0.364 0.431 0.462 0.448 0.401 0.358 0.295 0.204 0.083 0.018 -0.030 -0.037 -0.034 -0.030 -0.025 -0.023 -0.023 2.244 
6.500 1000.000 -1.059 -0.867 -0.603 -0.466 -0.297 -0.081 0.049 0.182 0.232 0.234 0.201 0.130 0.071 -0.009 -0.116 -0.246 -0.309 -0.346 -0.346 -0.335 -0.326 -0.317 -0.307 -0.307 2.069 
6.500 1200.000 -1.166 -0.974 -0.714 -0.580 -0.418 -0.215 -0.098 0.014 0.044 0.013 -0.040 -0.138 -0.213 -0.310 -0.433 -0.576 -0.639 -0.672 -0.669 -0.655 -0.644 -0.633 -0.621 -0.621 1.893 
6.500 1500.000 -1.318 -1.125 -0.869 -0.740 -0.587 -0.403 -0.305 -0.228 -0.227 -0.308 -0.389 -0.522 -0.617 -0.734 -0.875 -1.026 -1.087 -1.115 -1.109 -1.092 -1.081 -1.070 -1.058 -1.057 1.653 
7.000 0.000 1.230 1.431 1.714 1.866 2.055 2.308 2.470 2.665 2.780 2.918 2.988 3.077 3.134 3.204 3.292 3.406 3.472 3.529 3.538 3.522 3.496 3.451 3.296 3.281 4.799 
7.000 1.000 1.196 1.398 1.681 1.832 2.021 2.274 2.436 2.631 2.745 2.882 2.951 3.038 3.094 3.162 3.248 3.356 3.417 3.468 3.473 3.451 3.422 3.374 3.213 3.197 4.768 
7.000 5.000 1.100 1.301 1.584 1.735 1.923 2.175 2.337 2.531 2.645 2.780 2.848 2.934 2.989 3.055 3.138 3.241 3.298 3.341 3.342 3.316 3.285 3.234 3.069 3.053 4.682 
7.000 10.000 0.985 1.186 1.467 1.618 1.806 2.058 2.219 2.412 2.526 2.660 2.727 2.812 2.865 2.930 3.010 3.110 3.164 3.205 3.205 3.179 3.148 3.098 2.937 2.921 4.563 
7.000 15.000 0.875 1.075 1.356 1.507 1.695 1.945 2.106 2.299 2.412 2.546 2.612 2.696 2.749 2.812 2.891 2.988 3.040 3.078 3.077 3.051 3.020 2.970 2.811 2.796 4.444 
7.000 20.000 0.777 0.977 1.257 1.407 1.595 1.845 2.005 2.198 2.311 2.443 2.510 2.592 2.644 2.707 2.783 2.877 2.927 2.962 2.960 2.932 2.901 2.852 2.694 2.678 4.338 
7.000 25.000 0.689 0.889 1.169 1.318 1.506 1.755 1.915 2.107 2.219 2.351 2.417 2.498 2.549 2.610 2.684 2.774 2.821 2.853 2.849 2.821 2.789 2.740 2.583 2.568 4.240 
7.000 30.000 0.616 0.816 1.095 1.244 1.431 1.680 1.840 2.031 2.143 2.274 2.339 2.419 2.469 2.529 2.602 2.688 2.733 2.761 2.757 2.726 2.694 2.645 2.489 2.474 4.158 
7.000 40.000 0.494 0.693 0.971 1.120 1.306 1.554 1.713 1.904 2.014 2.144 2.208 2.287 2.335 2.393 2.462 2.543 2.583 2.606 2.599 2.567 2.534 2.484 2.329 2.315 4.019 
7.000 50.000 0.399 0.597 0.874 1.022 1.208 1.455 1.614 1.803 1.914 2.042 2.105 2.182 2.230 2.286 2.352 2.428 2.465 2.484 2.475 2.441 2.408 2.358 2.205 2.190 3.911 
7.000 60.000 0.339 0.536 0.812 0.960 1.144 1.391 1.549 1.739 1.849 1.978 2.041 2.118 2.165 2.221 2.287 2.363 2.399 2.416 2.407 2.372 2.339 2.288 2.135 2.121 3.843 
7.000 70.000 0.298 0.494 0.770 0.917 1.101 1.347 1.504 1.693 1.803 1.932 1.994 2.070 2.117 2.171 2.235 2.308 2.341 2.355 2.344 2.307 2.273 2.222 2.069 2.055 3.786 
7.000 80.000 0.275 0.471 0.745 0.892 1.075 1.320 1.477 1.665 1.775 1.902 1.963 2.037 2.082 2.135 2.196 2.263 2.293 2.302 2.289 2.251 2.217 2.166 2.015 2.001 3.748 
7.000 90.000 0.256 0.451 0.724 0.870 1.053 1.297 1.453 1.641 1.749 1.875 1.935 2.008 2.052 2.102 2.160 2.223 2.249 2.254 2.239 2.201 2.166 2.116 1.968 1.955 3.715 
7.000 100.000 0.239 0.433 0.705 0.851 1.033 1.276 1.432 1.618 1.726 1.850 1.910 1.981 2.023 2.072 2.127 2.184 2.207 2.209 2.192 2.153 2.118 2.069 1.924 1.911 3.685 
7.000 110.000 0.224 0.418 0.689 0.834 1.016 1.258 1.413 1.598 1.705 1.828 1.886 1.955 1.996 2.042 2.093 2.145 2.164 2.161 2.143 2.103 2.069 2.020 1.879 1.867 3.660 
7.000 120.000 0.208 0.401 0.672 0.816 0.997 1.239 1.393 1.578 1.684 1.805 1.862 1.929 1.968 2.012 2.060 2.107 2.122 2.115 2.096 2.055 2.020 1.972 1.834 1.822 3.635 
7.000 130.000 0.191 0.383 0.652 0.797 0.977 1.217 1.371 1.555 1.660 1.780 1.836 1.901 1.938 1.980 2.025 2.067 2.078 2.067 2.046 2.005 1.970 1.922 1.788 1.776 3.608 
7.000 140.000 0.173 0.364 0.633 0.776 0.956 1.196 1.349 1.532 1.637 1.755 1.810 1.873 1.909 1.949 1.991 2.028 2.037 2.022 2.000 1.958 1.924 1.876 1.745 1.734 3.581 
7.000 150.000 0.156 0.347 0.614 0.758 0.937 1.175 1.328 1.510 1.614 1.731 1.784 1.846 1.881 1.918 1.957 1.989 1.994 1.976 1.954 1.911 1.878 1.831 1.704 1.693 3.557 
7.000 175.000 0.111 0.301 0.567 0.709 0.886 1.123 1.274 1.454 1.556 1.669 1.720 1.777 1.809 1.842 1.873 1.895 1.893 1.868 1.844 1.801 1.768 1.725 1.606 1.596 3.496 
7.000 200.000 0.070 0.258 0.522 0.663 0.839 1.074 1.224 1.401 1.502 1.612 1.661 1.714 1.742 1.770 1.795 1.807 1.798 1.767 1.741 1.698 1.666 1.624 1.513 1.504 3.437 
7.000 250.000 -0.003 0.183 0.443 0.582 0.756 0.987 1.134 1.307 1.405 1.508 1.551 1.596 1.618 1.637 1.649 1.642 1.623 1.582 1.554 1.513 1.485 1.448 1.353 1.346 3.328 
7.000 300.000 -0.059 0.124 0.381 0.518 0.690 0.917 1.061 1.231 1.324 1.421 1.459 1.495 1.511 1.521 1.521 1.498 1.469 1.421 1.393 1.356 1.331 1.300 1.221 1.215 3.240 
7.000 350.000 -0.109 0.073 0.327 0.462 0.631 0.855 0.996 1.161 1.251 1.339 1.372 1.399 1.407 1.409 1.396 1.356 1.319 1.266 1.239 1.207 1.186 1.160 1.097 1.093 3.161 
7.000 400.000 -0.154 0.026 0.277 0.411 0.577 0.798 0.936 1.097 1.183 1.264 1.291 1.309 1.311 1.304 1.280 1.227 1.184 1.130 1.106 1.078 1.062 1.042 0.993 0.989 3.091 
7.000 450.000 -0.199 -0.021 0.228 0.360 0.525 0.742 0.878 1.034 1.116 1.189 1.211 1.220 1.217 1.202 1.168 1.103 1.055 1.000 0.978 0.955 0.942 0.927 0.889 0.886 3.022 
7.000 500.000 -0.239 -0.062 0.184 0.315 0.478 0.691 0.825 0.976 1.054 1.120 1.136 1.138 1.128 1.106 1.063 0.988 0.937 0.883 0.864 0.847 0.838 0.827 0.799 0.797 2.958 
7.000 600.000 -0.305 -0.131 0.111 0.240 0.398 0.605 0.732 0.874 0.942 0.990 0.994 0.978 0.956 0.918 0.857 0.764 0.708 0.657 0.644 0.637 0.634 0.632 0.620 0.619 2.846 
7.000 700.000 -0.373 -0.200 0.038 0.164 0.319 0.520 0.642 0.775 0.835 0.868 0.862 0.831 0.799 0.750 0.676 0.572 0.514 0.469 0.460 0.460 0.462 0.464 0.461 0.461 2.738 
7.000 800.000 -0.429 -0.257 -0.021 0.102 0.254 0.448 0.564 0.687 0.737 0.754 0.737 0.691 0.650 0.590 0.505 0.395 0.339 0.302 0.299 0.307 0.313 0.320 0.325 0.325 2.646 
7.000 1000.000 -0.544 -0.374 -0.143 -0.024 0.122 0.304 0.409 0.512 0.545 0.532 0.496 0.425 0.368 0.293 0.193 0.076 0.024 -0.002 0.003 0.019 0.030 0.041 0.053 0.053 2.487 
7.000 1200.000 -0.644 -0.475 -0.248 -0.132 0.007 0.176 0.270 0.350 0.364 0.318 0.262 0.166 0.095 0.005 -0.108 -0.231 -0.282 -0.301 -0.292 -0.273 -0.261 -0.249 -0.235 -0.235 2.322 
7.000 1500.000 -0.782 -0.614 -0.392 -0.281 -0.152 -0.004 0.070 0.115 0.098 0.002 -0.081 -0.210 -0.299 -0.406 -0.531 -0.658 -0.704 -0.715 -0.703 -0.682 -0.670 -0.658 -0.645 -0.644 2.100 
7.500 0.000 1.542 1.714 1.954 2.082 2.241 2.451 2.585 2.748 2.847 2.972 3.038 3.124 3.180 3.248 3.333 3.442 3.505 3.558 3.565 3.548 3.521 3.477 3.324 3.309 4.914 
7.500 1.000 1.513 1.685 1.925 2.053 2.212 2.422 2.556 2.718 2.816 2.940 3.006 3.091 3.146 3.212 3.295 3.399 3.458 3.505 3.508 3.486 3.457 3.409 3.251 3.235 4.885 
7.500 5.000 1.434 1.605 1.845 1.973 2.131 2.341 2.475 2.637 2.734 2.857 2.922 3.006 3.060 3.125 3.205 3.305 3.359 3.400 3.400 3.374 3.343 3.292 3.130 3.114 4.819 
7.500 10.000 1.336 1.508 1.747 1.875 2.033 2.242 2.376 2.538 2.635 2.758 2.823 2.907 2.960 3.025 3.105 3.204 3.257 3.297 3.297 3.270 3.239 3.189 3.026 3.010 4.728 
7.500 15.000 1.245 1.416 1.655 1.782 1.940 2.150 2.283 2.444 2.542 2.665 2.729 2.812 2.865 2.929 3.008 3.105 3.157 3.196 3.195 3.168 3.136 3.087 2.925 2.910 4.634 
7.500 20.000 1.163 1.333 1.572 1.699 1.857 2.066 2.198 2.360 2.457 2.579 2.643 2.725 2.777 2.840 2.917 3.011 3.061 3.097 3.094 3.066 3.034 2.984 2.823 2.808 4.550 
7.500 25.000 1.089 1.260 1.498 1.625 1.782 1.991 2.123 2.284 2.381 2.503 2.566 2.648 2.699 2.761 2.837 2.929 2.977 3.009 3.006 2.976 2.943 2.893 2.732 2.717 4.473 
7.500 30.000 1.024 1.194 1.432 1.559 1.716 1.924 2.056 2.217 2.314 2.435 2.498 2.578 2.629 2.690 2.765 2.854 2.900 2.930 2.925 2.895 2.862 2.811 2.650 2.635 4.403 
7.500 40.000 0.915 1.085 1.322 1.448 1.605 1.812 1.944 2.104 2.200 2.320 2.382 2.461 2.510 2.569 2.641 2.725 2.768 2.794 2.787 2.755 2.722 2.671 2.513 2.498 4.287 
7.500 50.000 0.832 1.001 1.237 1.363 1.519 1.726 1.857 2.017 2.112 2.231 2.293 2.370 2.419 2.476 2.545 2.626 2.665 2.687 2.679 2.645 2.612 2.561 2.405 2.390 4.198 
7.500 60.000 0.776 0.944 1.180 1.305 1.461 1.667 1.798 1.958 2.053 2.172 2.234 2.311 2.360 2.417 2.486 2.565 2.604 2.625 2.617 2.583 2.549 2.499 2.343 2.329 4.136 
7.500 70.000 0.740 0.908 1.143 1.268 1.423 1.629 1.760 1.919 2.014 2.132 2.193 2.270 2.317 2.373 2.440 2.517 2.553 2.571 2.561 2.526 2.492 2.441 2.287 2.273 4.086 
7.500 80.000 0.718 0.886 1.120 1.244 1.399 1.604 1.735 1.893 1.988 2.105 2.165 2.240 2.286 2.340 2.404 2.476 2.509 2.523 2.511 2.474 2.440 2.389 2.237 2.223 4.051 
7.500 90.000 0.699 0.866 1.099 1.223 1.378 1.582 1.713 1.870 1.964 2.080 2.139 2.213 2.258 2.310 2.371 2.438 2.468 2.478 2.465 2.427 2.393 2.343 2.194 2.180 4.021 
7.500 100.000 0.682 0.849 1.081 1.205 1.359 1.562 1.692 1.849 1.943 2.058 2.116 2.187 2.231 2.282 2.340 2.403 2.429 2.435 2.421 2.383 2.348 2.299 2.153 2.140 3.994 
7.500 110.000 0.665 0.831 1.063 1.186 1.340 1.543 1.672 1.828 1.921 2.035 2.091 2.161 2.203 2.252 2.307 2.364 2.387 2.388 2.372 2.333 2.298 2.249 2.106 2.094 3.969 
7.500 120.000 0.650 0.815 1.046 1.169 1.322 1.525 1.653 1.809 1.901 2.013 2.069 2.137 2.177 2.223 2.275 2.327 2.346 2.343 2.325 2.286 2.251 2.203 2.063 2.050 3.947 
7.500 130.000 0.632 0.797 1.028 1.150 1.303 1.504 1.633 1.787 1.879 1.989 2.044 2.110 2.149 2.193 2.242 2.289 2.305 2.298 2.279 2.238 2.204 2.156 2.020 2.008 3.922 
7.500 140.000 0.614 0.779 1.008 1.131 1.283 1.484 1.612 1.766 1.857 1.966 2.019 2.084 2.122 2.164 2.209 2.252 2.264 2.254 2.234 2.193 2.159 2.111 1.978 1.966 3.896 
7.500 150.000 0.595 0.759 0.989 1.110 1.262 1.463 1.590 1.743 1.834 1.941 1.994 2.057 2.093 2.133 2.175 2.213 2.223 2.209 2.188 2.147 2.113 2.067 1.937 1.926 3.875 
7.500 175.000 0.551 0.714 0.941 1.062 1.213 1.412 1.538 1.690 1.779 1.883 1.933 1.992 2.025 2.060 2.095 2.123 2.125 2.105 2.082 2.040 2.007 1.963 1.842 1.832 3.818 
7.500 200.000 0.509 0.671 0.897 1.017 1.167 1.364 1.490 1.639 1.727 1.828 1.876 1.931 1.960 1.992 2.021 2.039 2.035 2.009 1.984 1.943 1.911 1.869 1.757 1.747 3.763 
7.500 250.000 0.439 0.599 0.823 0.942 1.089 1.284 1.407 1.553 1.638 1.732 1.775 1.821 1.845 1.867 1.883 1.883 1.868 1.833 1.808 1.769 1.742 1.706 1.612 1.604 3.662 
7.500 300.000 0.385 0.543 0.764 0.882 1.028 1.219 1.340 1.483 1.564 1.652 1.689 1.726 1.743 1.757 1.761 1.744 1.720 1.678 1.653 1.618 1.595 1.564 1.487 1.481 3.581 
7.500 350.000 0.334 0.491 0.710 0.826 0.970 1.159 1.277 1.416 1.493 1.574 1.605 1.634 1.644 1.649 1.641 1.609 1.578 1.532 1.509 1.480 1.461 1.437 1.376 1.371 3.508 
7.500 400.000 0.288 0.444 0.661 0.776 0.918 1.104 1.221 1.355 1.428 1.502 1.528 1.548 1.552 1.548 1.529 1.484 1.447 1.400 1.379 1.356 1.341 1.323 1.276 1.273 3.442 
7.500 450.000 0.244 0.399 0.614 0.728 0.869 1.052 1.166 1.297 1.366 1.432 1.453 1.464 1.462 1.451 1.422 1.366 1.325 1.278 1.260 1.242 1.231 1.218 1.184 1.181 3.377 
7.500 500.000 0.205 0.358 0.572 0.684 0.823 1.004 1.116 1.242 1.308 1.366 1.381 1.384 1.377 1.358 1.320 1.255 1.210 1.165 1.150 1.138 1.131 1.122 1.098 1.096 3.316 
7.500 600.000 0.136 0.289 0.499 0.609 0.745 0.920 1.026 1.143 1.200 1.240 1.244 1.229 1.209 1.175 1.120 1.036 0.987 0.945 0.936 0.932 0.932 0.930 0.921 0.920 3.211 
7.500 700.000 0.070 0.221 0.429 0.538 0.670 0.840 0.942 1.051 1.099 1.125 1.118 1.089 1.060 1.015 0.948 0.854 0.804 0.768 0.763 0.767 0.771 0.774 0.774 0.774 3.111 
7.500 800.000 0.014 0.164 0.369 0.476 0.605 0.769 0.865 0.964 1.003 1.012 0.994 0.950 0.911 0.856 0.778 0.680 0.632 0.605 0.607 0.618 0.626 0.635 0.642 0.642 3.023 
7.500 1000.000 -0.097 0.052 0.253 0.356 0.479 0.631 0.717 0.796 0.817 0.795 0.758 0.689 0.635 0.564 0.473 0.369 0.326 0.311 0.320 0.339 0.351 0.363 0.376 0.376 2.880 
7.500 1200.000 -0.190 -0.042 0.155 0.254 0.372 0.511 0.584 0.641 0.642 0.588 0.532 0.439 0.372 0.288 0.187 0.080 0.041 0.034 0.047 0.069 0.083 0.096 0.110 0.110 2.727 
7.500 1500.000 -0.319 -0.173 0.018 0.112 0.218 0.336 0.389 0.410 0.381 0.278 0.196 0.072 -0.010 -0.108 -0.218 -0.323 -0.357 -0.356 -0.341 -0.318 -0.305 -0.293 -0.280 -0.279 2.521 
7.800 0.000 1.696 1.851 2.067 2.182 2.324 2.512 2.632 2.779 2.871 2.991 3.056 3.141 3.196 3.263 3.348 3.455 3.515 3.567 3.573 3.555 3.528 3.483 3.330 3.315 4.977 
7.800 1.000 1.669 1.824 2.040 2.155 2.297 2.484 2.604 2.751 2.842 2.962 3.026 3.110 3.164 3.230 3.312 3.414 3.471 3.516 3.518 3.494 3.465 3.416 3.257 3.241 4.950 
7.800 5.000 1.595 1.750 1.966 2.080 2.222 2.410 2.529 2.676 2.767 2.885 2.949 3.033 3.086 3.150 3.230 3.329 3.382 3.422 3.421 3.393 3.361 3.310 3.145 3.129 4.889 
7.800 10.000 1.511 1.665 1.881 1.995 2.137 2.324 2.444 2.590 2.681 2.800 2.864 2.947 3.001 3.065 3.145 3.244 3.298 3.337 3.336 3.309 3.277 3.226 3.062 3.046 4.815 
7.800 15.000 1.430 1.584 1.799 1.913 2.055 2.242 2.361 2.508 2.599 2.718 2.782 2.865 2.918 2.982 3.062 3.161 3.214 3.252 3.251 3.223 3.191 3.140 2.976 2.960 4.736 
7.800 20.000 1.356 1.510 1.724 1.838 1.980 2.167 2.286 2.432 2.523 2.641 2.705 2.788 2.840 2.904 2.983 3.079 3.130 3.166 3.164 3.135 3.102 3.051 2.887 2.871 4.664 
7.800 25.000 1.289 1.443 1.657 1.771 1.912 2.099 2.218 2.364 2.455 2.573 2.636 2.718 2.770 2.833 2.911 3.005 3.055 3.089 3.085 3.055 3.022 2.970 2.806 2.790 4.598 
7.800 30.000 1.231 1.384 1.598 1.712 1.853 2.039 2.158 2.304 2.395 2.512 2.575 2.657 2.708 2.770 2.846 2.939 2.987 3.019 3.014 2.984 2.950 2.899 2.736 2.720 4.538 
7.800 40.000 1.128 1.282 1.495 1.608 1.749 1.935 2.053 2.199 2.289 2.405 2.467 2.547 2.597 2.657 2.730 2.818 2.862 2.889 2.883 2.851 2.817 2.765 2.604 2.589 4.431 
7.800 50.000 1.051 1.203 1.416 1.529 1.669 1.854 1.973 2.118 2.208 2.323 2.385 2.463 2.513 2.572 2.643 2.727 2.769 2.793 2.785 2.751 2.717 2.665 2.505 2.490 4.349 
7.800 60.000 0.996 1.148 1.361 1.473 1.613 1.798 1.917 2.062 2.151 2.267 2.329 2.407 2.457 2.516 2.587 2.670 2.712 2.735 2.727 2.692 2.658 2.606 2.446 2.431 4.291 
7.800 70.000 0.963 1.114 1.326 1.438 1.578 1.763 1.881 2.025 2.115 2.230 2.291 2.369 2.417 2.475 2.544 2.625 2.664 2.684 2.674 2.638 2.604 2.552 2.393 2.378 4.245 
7.800 80.000 0.942 1.093 1.304 1.416 1.556 1.740 1.857 2.001 2.090 2.204 2.264 2.340 2.388 2.444 2.510 2.585 2.621 2.636 2.625 2.588 2.553 2.501 2.345 2.331 4.212 
7.800 90.000 0.923 1.074 1.285 1.396 1.535 1.719 1.836 1.980 2.068 2.181 2.240 2.315 2.361 2.415 2.478 2.550 2.582 2.594 2.581 2.543 2.508 2.457 2.303 2.289 4.182 
7.800 100.000 0.906 1.056 1.266 1.378 1.516 1.699 1.816 1.959 2.047 2.159 2.217 2.291 2.335 2.388 2.449 2.516 2.545 2.553 2.539 2.501 2.465 2.414 2.264 2.250 4.155 
7.800 110.000 0.889 1.039 1.248 1.360 1.498 1.680 1.797 1.939 2.026 2.137 2.194 2.265 2.309 2.359 2.416 2.478 2.503 2.507 2.491 2.452 2.416 2.366 2.218 2.205 4.131 
7.800 120.000 0.873 1.022 1.231 1.342 1.480 1.662 1.778 1.920 2.007 2.116 2.172 2.241 2.283 2.331 2.385 2.442 2.463 2.463 2.446 2.406 2.370 2.321 2.177 2.164 4.109 
7.800 130.000 0.855 1.005 1.213 1.324 1.461 1.642 1.758 1.899 1.985 2.093 2.148 2.215 2.256 2.302 2.353 2.404 2.423 2.418 2.400 2.359 2.324 2.275 2.134 2.122 4.084 
7.800 140.000 0.837 0.986 1.194 1.305 1.442 1.622 1.738 1.878 1.964 2.070 2.124 2.190 2.229 2.272 2.321 2.367 2.382 2.375 2.355 2.314 2.279 2.230 2.093 2.081 4.060 
7.800 150.000 0.819 0.968 1.175 1.285 1.422 1.602 1.717 1.857 1.942 2.047 2.099 2.163 2.201 2.243 2.288 2.330 2.342 2.331 2.311 2.269 2.234 2.187 2.054 2.042 4.039 
7.800 175.000 0.775 0.923 1.129 1.239 1.374 1.553 1.668 1.806 1.889 1.991 2.042 2.101 2.136 2.173 2.212 2.244 2.249 2.231 2.208 2.167 2.133 2.088 1.964 1.953 3.984 
7.800 200.000 0.733 0.881 1.086 1.195 1.330 1.508 1.621 1.758 1.840 1.939 1.987 2.043 2.074 2.107 2.140 2.162 2.161 2.137 2.113 2.071 2.039 1.996 1.880 1.870 3.930 
7.800 250.000 0.664 0.810 1.013 1.121 1.254 1.430 1.541 1.675 1.753 1.845 1.887 1.934 1.959 1.982 2.001 2.005 1.993 1.961 1.937 1.899 1.872 1.836 1.742 1.735 3.840 
7.800 300.000 0.609 0.753 0.954 1.061 1.193 1.366 1.475 1.605 1.680 1.765 1.802 1.840 1.858 1.873 1.879 1.865 1.844 1.806 1.782 1.749 1.726 1.696 1.621 1.615 3.760 
7.800 350.000 0.557 0.701 0.900 1.006 1.136 1.307 1.414 1.540 1.612 1.689 1.721 1.750 1.762 1.767 1.762 1.733 1.705 1.663 1.641 1.613 1.595 1.572 1.513 1.508 3.691 
7.800 400.000 0.512 0.655 0.853 0.957 1.086 1.255 1.360 1.483 1.550 1.620 1.647 1.667 1.673 1.670 1.654 1.613 1.579 1.536 1.517 1.495 1.481 1.464 1.419 1.415 3.630 
7.800 450.000 0.469 0.611 0.807 0.911 1.038 1.204 1.307 1.426 1.490 1.552 1.573 1.586 1.585 1.575 1.549 1.497 1.458 1.415 1.399 1.382 1.372 1.360 1.327 1.324 3.568 
7.800 500.000 0.428 0.570 0.765 0.867 0.994 1.157 1.258 1.373 1.433 1.488 1.504 1.508 1.502 1.484 1.449 1.387 1.345 1.302 1.288 1.276 1.269 1.261 1.237 1.235 3.513 
7.800 600.000 0.362 0.502 0.695 0.795 0.919 1.077 1.173 1.279 1.330 1.367 1.371 1.357 1.338 1.306 1.254 1.175 1.129 1.092 1.084 1.082 1.083 1.082 1.074 1.073 3.410 
7.800 700.000 0.296 0.435 0.626 0.725 0.846 0.999 1.090 1.187 1.231 1.253 1.246 1.218 1.190 1.147 1.082 0.994 0.947 0.916 0.913 0.919 0.924 0.928 0.930 0.929 3.317 
7.800 800.000 0.240 0.379 0.567 0.664 0.782 0.930 1.016 1.104 1.138 1.143 1.126 1.083 1.046 0.992 0.918 0.824 0.780 0.757 0.760 0.772 0.781 0.790 0.798 0.798 3.232 
7.800 1000.000 0.134 0.271 0.456 0.550 0.662 0.798 0.873 0.940 0.955 0.929 0.891 0.822 0.770 0.701 0.613 0.515 0.476 0.466 0.477 0.498 0.511 0.523 0.537 0.537 3.100 
7.800 1200.000 0.044 0.180 0.360 0.451 0.556 0.679 0.742 0.787 0.783 0.724 0.667 0.576 0.511 0.430 0.334 0.235 0.201 0.199 0.214 0.237 0.251 0.265 0.279 0.279 2.954 
7.800 1500.000 -0.080 0.054 0.227 0.311 0.406 0.508 0.551 0.559 0.525 0.419 0.337 0.217 0.138 0.044 -0.059 -0.155 -0.184 -0.179 -0.163 -0.139 -0.126 -0.114 -0.102 -0.101 2.759 
8.000 0.000 1.786 1.930 2.131 2.238 2.370 2.544 2.656 2.795 2.883 3.000 3.065 3.150 3.204 3.271 3.355 3.461 3.521 3.571 3.577 3.558 3.531 3.485 3.332 3.317 5.019 
8.000 1.000 1.760 1.904 2.105 2.211 2.343 2.517 2.629 2.767 2.855 2.971 3.036 3.119 3.173 3.239 3.320 3.422 3.478 3.521 3.523 3.498 3.468 3.419 3.258 3.243 4.990 
8.000 5.000 1.690 1.834 2.034 2.140 2.272 2.446 2.557 2.696 2.783 2.899 2.963 3.046 3.099 3.164 3.243 3.342 3.395 3.433 3.431 3.402 3.370 3.318 3.151 3.135 4.933 
8.000 10.000 1.614 1.758 1.958 2.064 2.196 2.370 2.481 2.619 2.707 2.823 2.887 2.970 3.023 3.088 3.168 3.266 3.319 3.358 3.357 3.329 3.297 3.246 3.081 3.065 4.870 
8.000 15.000 1.539 1.682 1.882 1.989 2.120 2.294 2.405 2.544 2.631 2.748 2.812 2.895 2.948 3.013 3.093 3.192 3.245 3.283 3.282 3.253 3.220 3.169 3.002 2.986 4.800 
8.000 20.000 1.471 1.614 1.814 1.920 2.051 2.225 2.336 2.474 2.562 2.678 2.742 2.825 2.878 2.942 3.021 3.119 3.170 3.207 3.205 3.176 3.143 3.091 2.925 2.909 4.736 
8.000 25.000 1.409 1.553 1.752 1.858 1.989 2.162 2.274 2.412 2.499 2.615 2.678 2.761 2.813 2.877 2.955 3.051 3.101 3.136 3.133 3.103 3.070 3.018 2.853 2.837 4.677 
8.000 30.000 1.354 1.497 1.697 1.802 1.933 2.107 2.218 2.355 2.443 2.558 2.621 2.703 2.755 2.818 2.895 2.989 3.038 3.072 3.068 3.037 3.004 2.952 2.787 2.772 4.623 
8.000 40.000 1.257 1.399 1.598 1.703 1.834 2.007 2.118 2.255 2.342 2.456 2.518 2.599 2.649 2.710 2.784 2.873 2.919 2.947 2.941 2.909 2.875 2.823 2.660 2.645 4.522 
8.000 50.000 1.183 1.325 1.523 1.629 1.759 1.931 2.042 2.179 2.266 2.380 2.441 2.521 2.571 2.630 2.703 2.789 2.832 2.858 2.850 2.816 2.782 2.730 2.567 2.552 4.444 
8.000 60.000 1.130 1.272 1.469 1.574 1.705 1.877 1.987 2.125 2.211 2.325 2.387 2.467 2.517 2.577 2.649 2.735 2.778 2.803 2.795 2.760 2.726 2.673 2.510 2.495 4.390 
8.000 70.000 1.098 1.240 1.437 1.542 1.672 1.844 1.954 2.091 2.177 2.291 2.352 2.430 2.479 2.538 2.609 2.691 2.731 2.753 2.743 2.708 2.673 2.620 2.459 2.444 4.346 
8.000 80.000 1.078 1.219 1.416 1.520 1.650 1.821 1.931 2.068 2.154 2.266 2.326 2.403 2.451 2.508 2.575 2.653 2.690 2.707 2.696 2.659 2.624 2.572 2.413 2.398 4.314 
8.000 90.000 1.059 1.200 1.396 1.500 1.630 1.801 1.911 2.046 2.132 2.243 2.303 2.378 2.425 2.480 2.545 2.619 2.652 2.666 2.653 2.616 2.580 2.528 2.372 2.357 4.284 
8.000 100.000 1.042 1.182 1.378 1.482 1.611 1.782 1.891 2.027 2.112 2.222 2.281 2.355 2.400 2.454 2.516 2.586 2.617 2.627 2.613 2.574 2.539 2.487 2.333 2.319 4.257 
8.000 110.000 1.024 1.165 1.360 1.464 1.593 1.763 1.872 2.007 2.091 2.200 2.258 2.330 2.374 2.425 2.484 2.549 2.576 2.581 2.566 2.526 2.491 2.439 2.289 2.276 4.234 
8.000 120.000 1.008 1.148 1.343 1.447 1.575 1.745 1.854 1.988 2.072 2.179 2.236 2.306 2.349 2.398 2.454 2.513 2.537 2.538 2.521 2.481 2.445 2.395 2.248 2.235 4.212 
8.000 130.000 0.991 1.131 1.325 1.429 1.557 1.726 1.834 1.968 2.051 2.157 2.212 2.281 2.322 2.369 2.422 2.476 2.496 2.493 2.475 2.434 2.399 2.349 2.206 2.193 4.188 
8.000 140.000 0.973 1.113 1.307 1.410 1.538 1.706 1.814 1.947 2.030 2.135 2.189 2.256 2.295 2.340 2.390 2.440 2.456 2.450 2.431 2.389 2.354 2.305 2.166 2.154 4.165 
8.000 150.000 0.955 1.095 1.288 1.391 1.519 1.687 1.795 1.927 2.009 2.113 2.166 2.231 2.269 2.312 2.359 2.404 2.418 2.409 2.388 2.347 2.312 2.264 2.128 2.116 4.145 
8.000 175.000 0.912 1.050 1.243 1.345 1.472 1.639 1.746 1.877 1.958 2.058 2.109 2.170 2.205 2.244 2.284 2.319 2.326 2.310 2.288 2.247 2.213 2.167 2.041 2.031 4.090 
8.000 200.000 0.871 1.009 1.201 1.302 1.428 1.595 1.701 1.831 1.910 2.008 2.056 2.113 2.145 2.180 2.214 2.239 2.240 2.218 2.194 2.152 2.120 2.076 1.958 1.948 4.037 
8.000 250.000 0.803 0.940 1.130 1.231 1.355 1.520 1.624 1.750 1.826 1.916 1.959 2.006 2.032 2.056 2.076 2.082 2.072 2.041 2.018 1.981 1.954 1.918 1.824 1.816 3.953 
8.000 300.000 0.745 0.881 1.070 1.170 1.293 1.455 1.558 1.680 1.753 1.836 1.873 1.911 1.930 1.945 1.953 1.941 1.922 1.886 1.863 1.831 1.809 1.780 1.705 1.699 3.874 
8.000 350.000 0.695 0.830 1.017 1.116 1.238 1.398 1.499 1.618 1.687 1.762 1.794 1.824 1.836 1.843 1.839 1.813 1.786 1.747 1.727 1.700 1.683 1.660 1.602 1.597 3.810 
8.000 400.000 0.650 0.784 0.970 1.068 1.189 1.347 1.446 1.561 1.626 1.695 1.721 1.742 1.748 1.747 1.732 1.694 1.662 1.622 1.604 1.583 1.570 1.553 1.509 1.506 3.751 
8.000 450.000 0.606 0.740 0.925 1.022 1.142 1.297 1.394 1.506 1.567 1.628 1.649 1.662 1.662 1.653 1.629 1.579 1.542 1.500 1.484 1.468 1.458 1.446 1.413 1.410 3.693 
8.000 500.000 0.566 0.699 0.883 0.979 1.098 1.251 1.346 1.454 1.512 1.565 1.581 1.586 1.580 1.564 1.530 1.470 1.429 1.388 1.375 1.363 1.356 1.348 1.324 1.322 3.640 
8.000 600.000 0.501 0.633 0.815 0.910 1.026 1.174 1.264 1.363 1.411 1.447 1.450 1.437 1.418 1.387 1.336 1.260 1.217 1.182 1.175 1.175 1.176 1.177 1.170 1.169 3.538 
8.000 700.000 0.435 0.566 0.746 0.840 0.953 1.097 1.182 1.272 1.313 1.333 1.326 1.298 1.271 1.229 1.166 1.081 1.037 1.008 1.007 1.014 1.020 1.025 1.027 1.027 3.450 
8.000 800.000 0.380 0.511 0.689 0.780 0.891 1.029 1.110 1.190 1.221 1.225 1.207 1.165 1.128 1.076 1.004 0.913 0.871 0.851 0.855 0.869 0.878 0.887 0.896 0.896 3.367 
8.000 1000.000 0.277 0.407 0.581 0.669 0.774 0.901 0.970 1.030 1.042 1.012 0.974 0.905 0.854 0.786 0.700 0.607 0.570 0.563 0.575 0.597 0.610 0.623 0.636 0.637 3.243 
8.000 1200.000 0.188 0.317 0.487 0.571 0.670 0.784 0.840 0.878 0.870 0.809 0.752 0.662 0.598 0.519 0.426 0.332 0.301 0.302 0.317 0.341 0.355 0.369 0.383 0.383 3.100 
8.000 1500.000 0.068 0.195 0.357 0.435 0.523 0.614 0.651 0.652 0.614 0.506 0.424 0.306 0.228 0.138 0.039 -0.052 -0.077 -0.070 -0.053 -0.030 -0.017 -0.005 0.007 0.008 2.913 
8.200 0.000 1.871 2.005 2.191 2.290 2.413 2.574 2.679 2.810 2.894 3.009 3.072 3.156 3.209 3.275 3.356 3.459 3.516 3.564 3.569 3.550 3.523 3.478 3.328 3.313 5.059 
8.200 1.000 1.844 1.978 2.164 2.263 2.385 2.547 2.651 2.781 2.866 2.980 3.043 3.126 3.178 3.242 3.322 3.421 3.475 3.516 3.517 3.492 3.462 3.414 3.256 3.240 5.028 
8.200 5.000 1.776 1.910 2.096 2.194 2.317 2.478 2.582 2.713 2.797 2.911 2.974 3.057 3.109 3.173 3.251 3.348 3.399 3.436 3.434 3.405 3.372 3.320 3.154 3.139 4.973 
8.200 10.000 1.709 1.842 2.028 2.127 2.249 2.411 2.515 2.646 2.730 2.845 2.908 2.991 3.044 3.108 3.188 3.285 3.338 3.376 3.374 3.346 3.313 3.262 3.097 3.081 4.921 
8.200 15.000 1.639 1.773 1.959 2.057 2.180 2.341 2.445 2.577 2.661 2.776 2.840 2.923 2.976 3.041 3.121 3.220 3.273 3.311 3.309 3.279 3.246 3.194 3.026 3.010 4.861 
8.200 20.000 1.576 1.709 1.895 1.993 2.115 2.277 2.381 2.512 2.597 2.712 2.775 2.858 2.911 2.975 3.055 3.153 3.205 3.241 3.239 3.209 3.175 3.123 2.955 2.939 4.803 
8.200 25.000 1.521 1.654 1.839 1.938 2.060 2.221 2.325 2.456 2.541 2.655 2.719 2.801 2.854 2.918 2.996 3.093 3.144 3.180 3.177 3.147 3.114 3.062 2.896 2.880 4.753 
8.200 30.000 1.469 1.602 1.787 1.886 2.008 2.169 2.273 2.404 2.488 2.603 2.666 2.748 2.800 2.863 2.941 3.037 3.087 3.121 3.117 3.087 3.054 3.002 2.836 2.820 4.705 
8.200 40.000 1.377 1.510 1.695 1.793 1.914 2.075 2.179 2.309 2.393 2.506 2.568 2.649 2.700 2.761 2.836 2.926 2.972 3.001 2.996 2.963 2.929 2.877 2.713 2.698 4.610 
8.200 50.000 1.306 1.439 1.623 1.721 1.843 2.003 2.107 2.237 2.321 2.434 2.496 2.576 2.626 2.687 2.760 2.848 2.892 2.919 2.912 2.878 2.844 2.791 2.627 2.611 4.537 
8.200 60.000 1.254 1.387 1.571 1.668 1.790 1.950 2.054 2.184 2.268 2.382 2.443 2.524 2.574 2.635 2.709 2.796 2.841 2.867 2.859 2.825 2.790 2.736 2.572 2.556 4.486 
8.200 70.000 1.225 1.357 1.541 1.638 1.759 1.920 2.023 2.153 2.237 2.349 2.411 2.490 2.539 2.598 2.670 2.754 2.795 2.818 2.809 2.773 2.738 2.685 2.522 2.507 4.445 
8.200 80.000 1.205 1.337 1.520 1.618 1.738 1.898 2.002 2.131 2.214 2.326 2.386 2.463 2.512 2.569 2.638 2.718 2.756 2.774 2.764 2.727 2.691 2.638 2.478 2.463 4.414 
8.200 90.000 1.186 1.318 1.501 1.598 1.718 1.878 1.981 2.110 2.193 2.304 2.363 2.439 2.487 2.542 2.609 2.685 2.720 2.735 2.722 2.685 2.649 2.596 2.438 2.423 4.384 
8.200 100.000 1.169 1.301 1.483 1.580 1.701 1.860 1.963 2.092 2.174 2.283 2.342 2.417 2.463 2.517 2.581 2.653 2.685 2.696 2.683 2.644 2.608 2.556 2.400 2.386 4.358 
8.200 110.000 1.151 1.282 1.465 1.562 1.682 1.841 1.943 2.071 2.153 2.261 2.319 2.392 2.437 2.489 2.550 2.616 2.645 2.652 2.637 2.597 2.561 2.510 2.358 2.344 4.335 
8.200 120.000 1.135 1.266 1.448 1.545 1.665 1.823 1.925 2.053 2.134 2.241 2.298 2.369 2.412 2.462 2.520 2.581 2.606 2.609 2.593 2.552 2.517 2.465 2.317 2.304 4.313 
8.200 130.000 1.118 1.249 1.431 1.527 1.646 1.805 1.906 2.034 2.114 2.219 2.275 2.344 2.386 2.433 2.488 2.544 2.565 2.564 2.547 2.506 2.470 2.420 2.276 2.263 4.290 
8.200 140.000 1.101 1.231 1.412 1.509 1.628 1.786 1.887 2.014 2.094 2.197 2.252 2.319 2.359 2.405 2.457 2.508 2.526 2.522 2.503 2.461 2.426 2.377 2.236 2.223 4.267 
8.200 150.000 1.083 1.214 1.395 1.491 1.610 1.767 1.868 1.994 2.074 2.177 2.230 2.296 2.335 2.379 2.427 2.475 2.490 2.482 2.463 2.421 2.386 2.337 2.200 2.188 4.248 
8.200 175.000 1.040 1.169 1.350 1.445 1.564 1.720 1.821 1.946 2.024 2.123 2.175 2.236 2.272 2.312 2.354 2.391 2.400 2.386 2.365 2.323 2.290 2.244 2.116 2.105 4.194 
8.200 200.000 0.999 1.129 1.308 1.404 1.522 1.677 1.777 1.901 1.977 2.074 2.123 2.181 2.214 2.249 2.285 2.313 2.316 2.295 2.272 2.230 2.197 2.153 2.033 2.023 4.142 
8.200 250.000 0.933 1.061 1.240 1.334 1.451 1.605 1.703 1.823 1.896 1.985 2.028 2.076 2.102 2.127 2.148 2.156 2.147 2.118 2.096 2.060 2.033 1.997 1.903 1.896 4.062 
8.200 300.000 0.875 1.002 1.179 1.273 1.389 1.540 1.637 1.754 1.823 1.905 1.942 1.982 2.000 2.017 2.025 2.016 1.999 1.965 1.943 1.912 1.891 1.862 1.788 1.782 3.986 
8.200 350.000 0.824 0.951 1.127 1.220 1.335 1.485 1.579 1.693 1.759 1.833 1.865 1.895 1.908 1.915 1.912 1.889 1.864 1.828 1.808 1.783 1.767 1.745 1.688 1.684 3.926 
8.200 400.000 0.779 0.906 1.081 1.173 1.287 1.435 1.528 1.637 1.700 1.767 1.793 1.814 1.821 1.820 1.807 1.770 1.740 1.703 1.686 1.667 1.655 1.639 1.597 1.594 3.869 
8.200 450.000 0.735 0.861 1.036 1.127 1.240 1.386 1.477 1.583 1.642 1.701 1.722 1.736 1.736 1.728 1.704 1.656 1.621 1.581 1.566 1.550 1.541 1.529 1.497 1.494 3.816 
8.200 500.000 0.695 0.821 0.994 1.085 1.197 1.341 1.430 1.532 1.587 1.639 1.655 1.660 1.655 1.639 1.606 1.548 1.509 1.470 1.457 1.446 1.440 1.432 1.409 1.407 3.764 
8.200 600.000 0.633 0.758 0.929 1.019 1.127 1.267 1.351 1.444 1.489 1.523 1.526 1.513 1.495 1.465 1.415 1.342 1.301 1.269 1.265 1.266 1.268 1.269 1.264 1.263 3.664 
8.200 700.000 0.565 0.690 0.860 0.948 1.055 1.189 1.269 1.353 1.391 1.410 1.402 1.375 1.347 1.306 1.245 1.163 1.122 1.096 1.097 1.105 1.111 1.117 1.121 1.120 3.580 
8.200 800.000 0.513 0.637 0.805 0.891 0.995 1.125 1.199 1.274 1.302 1.303 1.285 1.243 1.206 1.155 1.084 0.997 0.958 0.941 0.946 0.962 0.972 0.981 0.991 0.991 3.500 
8.200 1000.000 0.413 0.536 0.701 0.784 0.882 1.000 1.063 1.116 1.125 1.093 1.054 0.985 0.933 0.867 0.783 0.693 0.659 0.655 0.668 0.690 0.704 0.717 0.731 0.731 3.382 
8.200 1200.000 0.326 0.448 0.608 0.688 0.779 0.884 0.935 0.966 0.955 0.890 0.833 0.743 0.680 0.603 0.513 0.423 0.395 0.399 0.415 0.440 0.454 0.468 0.482 0.482 3.245 
8.200 1500.000 0.212 0.331 0.483 0.555 0.635 0.717 0.747 0.741 0.698 0.587 0.505 0.388 0.312 0.224 0.129 0.044 0.022 0.032 0.049 0.073 0.086 0.097 0.110 0.110 3.065 
