CanadaSHM6-trial_NGAEastGMM13_05 , distance is rrup. Log10 ground motion values in cgs units, PGV and Sa(T<0.1s) not valid
          11 34 25 : nmag, ndist, nperiod
          10.000 7.519 5.000 4.000 3.003 2.000 1.499 1.000 0.750 0.500 0.400 0.300 0.250 0.200 0.150 0.100 0.075 0.050 0.040 0.030 0.025 0.020 0.010 PGA PGV 
          0.620 0.620 0.620 0.620 0.620 0.620 0.620 0.620 0.600 0.580 0.560 0.540 0.530 0.530 0.530 0.530 0.530 0.530 0.530 0.530 0.530 0.530 0.530 0.530 0.620
4.000 0.000 -1.113 -0.840 -0.449 -0.234 0.047 0.456 0.755 1.181 1.480 1.876 2.070 2.285 2.402 2.529 2.674 2.862 2.984 3.121 3.169 3.196 3.193 3.173 3.072 3.061 3.742 
4.000 1.000 -1.229 -0.956 -0.565 -0.350 -0.069 0.339 0.637 1.063 1.361 1.755 1.947 2.160 2.276 2.400 2.542 2.723 2.840 2.971 3.016 3.039 3.034 3.011 2.908 2.896 3.640 
4.000 5.000 -1.766 -1.492 -1.102 -0.886 -0.605 -0.196 0.103 0.529 0.829 1.226 1.419 1.636 1.753 1.880 2.025 2.212 2.331 2.462 2.505 2.524 2.515 2.487 2.364 2.351 3.197 
4.000 10.000 -2.130 -1.856 -1.466 -1.250 -0.969 -0.560 -0.261 0.165 0.465 0.862 1.055 1.272 1.389 1.516 1.661 1.847 1.965 2.091 2.132 2.146 2.134 2.102 1.969 1.954 2.882 
4.000 15.000 -2.373 -2.100 -1.709 -1.494 -1.213 -0.804 -0.506 -0.079 0.220 0.615 0.809 1.024 1.140 1.266 1.408 1.590 1.704 1.824 1.860 1.869 1.854 1.818 1.675 1.659 2.644 
4.000 20.000 -2.557 -2.284 -1.894 -1.678 -1.398 -0.989 -0.691 -0.265 0.034 0.429 0.622 0.836 0.952 1.076 1.217 1.396 1.507 1.622 1.656 1.661 1.643 1.604 1.453 1.437 2.456 
4.000 25.000 -2.710 -2.436 -2.046 -1.831 -1.550 -1.141 -0.843 -0.417 -0.118 0.276 0.469 0.683 0.799 0.923 1.063 1.240 1.349 1.461 1.491 1.492 1.471 1.429 1.268 1.250 2.305 
4.000 30.000 -2.830 -2.556 -2.166 -1.951 -1.670 -1.261 -0.963 -0.538 -0.239 0.155 0.348 0.561 0.677 0.800 0.940 1.115 1.223 1.332 1.360 1.359 1.336 1.292 1.126 1.108 2.185 
4.000 40.000 -3.016 -2.742 -2.352 -2.137 -1.857 -1.448 -1.151 -0.726 -0.427 -0.034 0.157 0.370 0.484 0.607 0.744 0.915 1.019 1.123 1.148 1.142 1.117 1.070 0.897 0.878 1.994 
4.000 50.000 -3.157 -2.884 -2.494 -2.279 -1.999 -1.591 -1.293 -0.869 -0.571 -0.179 0.012 0.223 0.336 0.457 0.591 0.758 0.858 0.955 0.976 0.965 0.937 0.886 0.705 0.686 1.843 
4.000 60.000 -3.239 -2.966 -2.576 -2.361 -2.081 -1.673 -1.376 -0.952 -0.655 -0.263 -0.073 0.138 0.251 0.371 0.505 0.670 0.769 0.863 0.883 0.871 0.842 0.790 0.607 0.587 1.736 
4.000 70.000 -3.298 -3.025 -2.636 -2.421 -2.141 -1.733 -1.436 -1.013 -0.716 -0.325 -0.136 0.074 0.186 0.304 0.436 0.598 0.694 0.785 0.803 0.788 0.758 0.706 0.521 0.502 1.646 
4.000 80.000 -3.335 -3.062 -2.673 -2.458 -2.179 -1.772 -1.475 -1.053 -0.757 -0.368 -0.180 0.027 0.137 0.253 0.381 0.536 0.627 0.711 0.726 0.708 0.676 0.622 0.437 0.417 1.578 
4.000 90.000 -3.364 -3.092 -2.703 -2.488 -2.208 -1.802 -1.506 -1.084 -0.789 -0.403 -0.216 -0.011 0.098 0.212 0.337 0.486 0.574 0.652 0.665 0.644 0.612 0.557 0.372 0.353 1.519 
4.000 100.000 -3.391 -3.118 -2.729 -2.515 -2.236 -1.829 -1.534 -1.113 -0.819 -0.434 -0.248 -0.045 0.062 0.174 0.296 0.440 0.524 0.598 0.608 0.585 0.552 0.496 0.312 0.293 1.464 
4.000 110.000 -3.414 -3.142 -2.753 -2.539 -2.260 -1.855 -1.560 -1.140 -0.847 -0.463 -0.279 -0.078 0.028 0.138 0.256 0.396 0.476 0.545 0.553 0.528 0.494 0.439 0.257 0.238 1.415 
4.000 120.000 -3.437 -3.165 -2.777 -2.563 -2.284 -1.879 -1.584 -1.165 -0.873 -0.492 -0.309 -0.110 -0.006 0.102 0.217 0.351 0.427 0.491 0.498 0.472 0.438 0.382 0.203 0.185 1.368 
4.000 130.000 -3.460 -3.188 -2.800 -2.586 -2.307 -1.903 -1.609 -1.191 -0.900 -0.520 -0.338 -0.141 -0.038 0.068 0.180 0.309 0.382 0.442 0.446 0.418 0.383 0.327 0.148 0.130 1.322 
4.000 140.000 -3.484 -3.212 -2.824 -2.610 -2.332 -1.927 -1.634 -1.216 -0.926 -0.547 -0.366 -0.171 -0.069 0.034 0.144 0.270 0.339 0.395 0.397 0.367 0.331 0.274 0.094 0.076 1.277 
4.000 150.000 -3.511 -3.239 -2.851 -2.638 -2.360 -1.956 -1.663 -1.246 -0.956 -0.579 -0.399 -0.205 -0.105 -0.002 0.105 0.227 0.294 0.346 0.347 0.315 0.278 0.221 0.042 0.024 1.232 
4.000 175.000 -3.577 -3.306 -2.918 -2.705 -2.427 -2.025 -1.732 -1.318 -1.029 -0.656 -0.478 -0.288 -0.190 -0.092 0.009 0.122 0.182 0.226 0.223 0.189 0.151 0.093 -0.084 -0.101 1.127 
4.000 200.000 -3.636 -3.365 -2.978 -2.765 -2.488 -2.086 -1.795 -1.382 -1.095 -0.725 -0.550 -0.363 -0.269 -0.174 -0.078 0.026 0.079 0.115 0.109 0.071 0.032 -0.027 -0.203 -0.220 1.033 
4.000 250.000 -3.742 -3.472 -3.086 -2.874 -2.598 -2.198 -1.909 -1.500 -1.218 -0.855 -0.685 -0.507 -0.419 -0.333 -0.249 -0.164 -0.123 -0.101 -0.112 -0.153 -0.192 -0.250 -0.415 -0.431 0.875 
4.000 300.000 -3.831 -3.561 -3.177 -2.965 -2.691 -2.293 -2.006 -1.602 -1.324 -0.969 -0.805 -0.636 -0.554 -0.477 -0.405 -0.338 -0.308 -0.297 -0.312 -0.353 -0.392 -0.446 -0.600 -0.613 0.741 
4.000 350.000 -3.907 -3.637 -3.254 -3.043 -2.770 -2.375 -2.091 -1.691 -1.417 -1.071 -0.913 -0.753 -0.677 -0.609 -0.550 -0.500 -0.481 -0.482 -0.499 -0.542 -0.580 -0.632 -0.776 -0.788 0.621 
4.000 400.000 -3.974 -3.705 -3.323 -3.113 -2.841 -2.449 -2.167 -1.772 -1.503 -1.165 -1.013 -0.862 -0.793 -0.734 -0.687 -0.655 -0.646 -0.657 -0.677 -0.721 -0.758 -0.809 -0.944 -0.955 0.508 
4.000 450.000 -4.037 -3.769 -3.388 -3.180 -2.909 -2.520 -2.241 -1.851 -1.588 -1.260 -1.115 -0.974 -0.913 -0.863 -0.829 -0.813 -0.814 -0.832 -0.853 -0.894 -0.928 -0.974 -1.096 -1.106 0.424 
4.000 500.000 -4.095 -3.828 -3.448 -3.240 -2.971 -2.585 -2.309 -1.925 -1.667 -1.349 -1.211 -1.081 -1.027 -0.986 -0.965 -0.964 -0.973 -0.996 -1.017 -1.056 -1.087 -1.129 -1.238 -1.247 0.345 
4.000 600.000 -4.188 -3.923 -3.547 -3.341 -3.076 -2.697 -2.428 -2.059 -1.814 -1.522 -1.401 -1.296 -1.259 -1.240 -1.246 -1.279 -1.305 -1.337 -1.356 -1.388 -1.413 -1.446 -1.531 -1.537 0.197 
4.000 700.000 -4.277 -4.013 -3.639 -3.436 -3.174 -2.802 -2.539 -2.182 -1.949 -1.678 -1.570 -1.486 -1.463 -1.462 -1.490 -1.550 -1.589 -1.631 -1.651 -1.681 -1.702 -1.731 -1.804 -1.809 0.064 
4.000 800.000 -4.355 -4.093 -3.723 -3.521 -3.263 -2.898 -2.642 -2.298 -2.078 -1.828 -1.736 -1.671 -1.662 -1.678 -1.726 -1.808 -1.855 -1.899 -1.916 -1.938 -1.955 -1.977 -2.036 -2.040 -0.060 
4.000 1000.000 -4.502 -4.242 -3.878 -3.681 -3.430 -3.078 -2.836 -2.516 -2.318 -2.109 -2.042 -2.014 -2.029 -2.073 -2.155 -2.272 -2.334 -2.382 -2.395 -2.409 -2.419 -2.433 -2.474 -2.477 -0.273 
4.000 1200.000 -4.615 -4.359 -4.002 -3.810 -3.566 -3.230 -3.003 -2.712 -2.540 -2.377 -2.340 -2.353 -2.394 -2.469 -2.588 -2.743 -2.821 -2.876 -2.888 -2.896 -2.901 -2.910 -2.939 -2.941 -0.501 
4.000 1500.000 -4.789 -4.538 -4.190 -4.004 -3.772 -3.457 -3.250 -2.997 -2.861 -2.760 -2.761 -2.828 -2.903 -3.021 -3.188 -3.398 -3.501 -3.575 -3.590 -3.597 -3.600 -3.606 -3.627 -3.628 -0.812 
4.500 0.000 -0.689 -0.404 -0.001 0.220 0.506 0.915 1.208 1.616 1.893 2.242 2.405 2.582 2.677 2.780 2.901 3.061 3.164 3.275 3.311 3.325 3.315 3.289 3.181 3.170 4.050 
4.500 1.000 -0.767 -0.482 -0.079 0.141 0.427 0.835 1.128 1.534 1.810 2.156 2.318 2.491 2.584 2.684 2.800 2.952 3.048 3.152 3.183 3.193 3.182 3.153 3.043 3.032 3.972 
4.500 5.000 -1.203 -0.918 -0.514 -0.294 -0.008 0.401 0.694 1.102 1.378 1.727 1.889 2.065 2.160 2.262 2.381 2.537 2.635 2.738 2.768 2.775 2.760 2.728 2.606 2.593 3.593 
4.500 10.000 -1.546 -1.261 -0.858 -0.637 -0.352 0.058 0.351 0.758 1.035 1.384 1.547 1.723 1.817 1.919 2.038 2.192 2.289 2.388 2.415 2.417 2.399 2.363 2.230 2.217 3.292 
4.500 15.000 -1.780 -1.496 -1.092 -0.872 -0.586 -0.177 0.116 0.523 0.799 1.147 1.310 1.484 1.578 1.679 1.796 1.946 2.039 2.132 2.155 2.152 2.131 2.091 1.950 1.935 3.063 
4.500 20.000 -1.957 -1.673 -1.269 -1.049 -0.764 -0.355 -0.062 0.345 0.620 0.968 1.130 1.304 1.396 1.496 1.611 1.758 1.847 1.935 1.955 1.948 1.924 1.882 1.733 1.717 2.886 
4.500 25.000 -2.102 -1.817 -1.414 -1.194 -0.909 -0.500 -0.207 0.199 0.475 0.822 0.983 1.157 1.249 1.348 1.462 1.607 1.695 1.778 1.796 1.785 1.759 1.714 1.558 1.542 2.745 
4.500 30.000 -2.218 -1.934 -1.530 -1.310 -1.025 -0.616 -0.324 0.083 0.358 0.705 0.866 1.039 1.131 1.229 1.342 1.485 1.571 1.651 1.667 1.654 1.626 1.579 1.419 1.402 2.631 
4.500 40.000 -2.396 -2.112 -1.709 -1.489 -1.204 -0.795 -0.503 -0.098 0.177 0.523 0.683 0.854 0.945 1.042 1.153 1.291 1.373 1.448 1.460 1.442 1.413 1.362 1.196 1.179 2.451 
4.500 50.000 -2.533 -2.249 -1.846 -1.626 -1.341 -0.933 -0.641 -0.236 0.038 0.382 0.541 0.712 0.801 0.896 1.004 1.138 1.216 1.285 1.293 1.271 1.238 1.185 1.012 0.995 2.309 
4.500 60.000 -2.612 -2.328 -1.925 -1.705 -1.421 -1.013 -0.721 -0.316 -0.043 0.301 0.460 0.630 0.719 0.813 0.920 1.052 1.129 1.195 1.203 1.179 1.146 1.091 0.916 0.898 2.209 
4.500 70.000 -2.671 -2.387 -1.984 -1.764 -1.480 -1.072 -0.781 -0.377 -0.104 0.239 0.397 0.566 0.654 0.747 0.852 0.981 1.055 1.117 1.123 1.096 1.062 1.006 0.828 0.811 2.124 
4.500 80.000 -2.704 -2.420 -2.018 -1.798 -1.514 -1.107 -0.816 -0.413 -0.142 0.199 0.355 0.521 0.607 0.698 0.798 0.920 0.989 1.044 1.047 1.018 0.982 0.926 0.749 0.731 2.060 
4.500 90.000 -2.731 -2.447 -2.045 -1.826 -1.542 -1.136 -0.846 -0.444 -0.173 0.166 0.321 0.484 0.569 0.657 0.754 0.870 0.935 0.986 0.987 0.956 0.919 0.863 0.687 0.670 2.005 
4.500 100.000 -2.755 -2.472 -2.070 -1.851 -1.567 -1.162 -0.872 -0.471 -0.201 0.135 0.289 0.450 0.533 0.619 0.713 0.824 0.886 0.932 0.931 0.898 0.861 0.804 0.630 0.613 1.954 
4.500 110.000 -2.777 -2.494 -2.093 -1.873 -1.590 -1.185 -0.896 -0.496 -0.227 0.107 0.259 0.418 0.500 0.583 0.674 0.779 0.837 0.879 0.876 0.842 0.805 0.749 0.577 0.561 1.908 
4.500 120.000 -2.798 -2.514 -2.113 -1.894 -1.612 -1.207 -0.918 -0.520 -0.252 0.081 0.231 0.388 0.468 0.549 0.636 0.737 0.791 0.829 0.825 0.790 0.753 0.697 0.528 0.512 1.865 
4.500 130.000 -2.819 -2.536 -2.135 -1.916 -1.634 -1.229 -0.942 -0.544 -0.277 0.054 0.203 0.358 0.436 0.515 0.599 0.695 0.746 0.780 0.774 0.738 0.700 0.643 0.475 0.459 1.823 
4.500 140.000 -2.841 -2.558 -2.157 -1.939 -1.657 -1.253 -0.965 -0.569 -0.303 0.027 0.175 0.328 0.404 0.482 0.563 0.655 0.703 0.733 0.725 0.687 0.649 0.592 0.424 0.408 1.781 
4.500 150.000 -2.867 -2.584 -2.183 -1.965 -1.683 -1.280 -0.993 -0.597 -0.331 -0.004 0.143 0.294 0.370 0.445 0.524 0.612 0.657 0.684 0.675 0.636 0.598 0.541 0.374 0.358 1.740 
4.500 175.000 -2.928 -2.646 -2.246 -2.028 -1.747 -1.344 -1.059 -0.665 -0.401 -0.078 0.067 0.214 0.286 0.357 0.430 0.509 0.547 0.567 0.555 0.513 0.474 0.417 0.253 0.238 1.643 
4.500 200.000 -2.983 -2.701 -2.302 -2.084 -1.803 -1.402 -1.118 -0.726 -0.465 -0.145 -0.003 0.140 0.209 0.276 0.342 0.411 0.444 0.456 0.442 0.399 0.359 0.302 0.141 0.127 1.555 
4.500 250.000 -3.080 -2.798 -2.401 -2.184 -1.904 -1.506 -1.224 -0.837 -0.581 -0.270 -0.135 -0.002 0.060 0.118 0.171 0.221 0.242 0.243 0.225 0.181 0.142 0.088 -0.060 -0.073 1.407 
4.500 300.000 -3.161 -2.880 -2.484 -2.268 -1.990 -1.594 -1.315 -0.933 -0.681 -0.380 -0.251 -0.127 -0.072 -0.024 0.016 0.049 0.060 0.051 0.031 -0.013 -0.049 -0.100 -0.237 -0.248 1.281 
4.500 350.000 -3.231 -2.951 -2.555 -2.340 -2.064 -1.671 -1.394 -1.018 -0.771 -0.479 -0.356 -0.242 -0.194 -0.155 -0.127 -0.111 -0.111 -0.129 -0.151 -0.194 -0.230 -0.278 -0.405 -0.415 1.169 
4.500 400.000 -3.292 -3.013 -2.619 -2.405 -2.130 -1.740 -1.466 -1.095 -0.853 -0.570 -0.454 -0.350 -0.309 -0.279 -0.262 -0.262 -0.271 -0.296 -0.320 -0.362 -0.396 -0.441 -0.559 -0.568 1.069 
4.500 450.000 -3.350 -3.071 -2.679 -2.466 -2.193 -1.806 -1.535 -1.170 -0.934 -0.661 -0.552 -0.459 -0.425 -0.404 -0.401 -0.416 -0.432 -0.463 -0.486 -0.525 -0.556 -0.598 -0.703 -0.711 0.992 
4.500 500.000 -3.402 -3.125 -2.734 -2.522 -2.250 -1.867 -1.599 -1.240 -1.010 -0.748 -0.646 -0.562 -0.536 -0.524 -0.532 -0.562 -0.585 -0.619 -0.641 -0.678 -0.706 -0.744 -0.838 -0.846 0.918 
4.500 600.000 -3.490 -3.214 -2.826 -2.617 -2.349 -1.973 -1.713 -1.368 -1.151 -0.914 -0.828 -0.769 -0.758 -0.767 -0.800 -0.859 -0.896 -0.937 -0.957 -0.988 -1.010 -1.040 -1.115 -1.121 0.783 
4.500 700.000 -3.571 -3.297 -2.913 -2.705 -2.441 -2.072 -1.819 -1.486 -1.281 -1.065 -0.994 -0.955 -0.958 -0.984 -1.037 -1.119 -1.166 -1.212 -1.231 -1.256 -1.274 -1.299 -1.361 -1.366 0.661 
4.500 800.000 -3.648 -3.376 -2.995 -2.789 -2.529 -2.167 -1.919 -1.599 -1.406 -1.210 -1.151 -1.130 -1.146 -1.186 -1.257 -1.357 -1.412 -1.459 -1.476 -1.496 -1.510 -1.530 -1.582 -1.586 0.548 
4.500 1000.000 -3.788 -3.519 -3.144 -2.943 -2.689 -2.341 -2.106 -1.810 -1.639 -1.483 -1.449 -1.463 -1.500 -1.567 -1.669 -1.800 -1.865 -1.913 -1.925 -1.935 -1.943 -1.955 -1.990 -1.993 0.349 
4.500 1200.000 -3.901 -3.635 -3.267 -3.071 -2.825 -2.491 -2.271 -2.001 -1.854 -1.740 -1.734 -1.785 -1.847 -1.942 -2.077 -2.244 -2.325 -2.382 -2.393 -2.400 -2.404 -2.412 -2.438 -2.440 0.138 
4.500 1500.000 -4.066 -3.806 -3.447 -3.258 -3.024 -2.712 -2.513 -2.283 -2.172 -2.119 -2.151 -2.254 -2.349 -2.483 -2.663 -2.876 -2.977 -3.044 -3.056 -3.058 -3.059 -3.062 -3.079 -3.080 -0.150 
5.000 0.000 -0.253 0.034 0.436 0.655 0.934 1.329 1.605 1.980 2.225 2.523 2.658 2.802 2.880 2.968 3.073 3.214 3.303 3.398 3.425 3.431 3.418 3.388 3.277 3.266 4.301 
5.000 1.000 -0.305 -0.019 0.384 0.602 0.881 1.275 1.551 1.924 2.168 2.462 2.595 2.736 2.811 2.895 2.995 3.126 3.209 3.294 3.317 3.318 3.302 3.270 3.155 3.144 4.243 
5.000 5.000 -0.631 -0.344 0.058 0.276 0.555 0.949 1.225 1.599 1.843 2.138 2.271 2.412 2.488 2.572 2.672 2.804 2.886 2.968 2.989 2.987 2.969 2.935 2.814 2.802 3.936 
5.000 10.000 -0.941 -0.655 -0.252 -0.034 0.245 0.639 0.915 1.288 1.532 1.828 1.961 2.102 2.178 2.261 2.361 2.491 2.570 2.648 2.666 2.659 2.638 2.600 2.469 2.457 3.658 
5.000 15.000 -1.162 -0.875 -0.473 -0.255 0.024 0.418 0.693 1.066 1.310 1.605 1.737 1.877 1.952 2.035 2.132 2.258 2.334 2.406 2.421 2.409 2.386 2.344 2.206 2.192 3.443 
5.000 20.000 -1.328 -1.041 -0.639 -0.422 -0.143 0.251 0.526 0.899 1.142 1.436 1.567 1.706 1.780 1.861 1.956 2.078 2.151 2.218 2.230 2.215 2.190 2.146 2.003 1.989 3.280 
5.000 25.000 -1.464 -1.177 -0.775 -0.558 -0.279 0.114 0.390 0.762 1.005 1.297 1.428 1.566 1.639 1.719 1.813 1.932 2.002 2.064 2.073 2.055 2.027 1.981 1.834 1.820 3.147 
5.000 30.000 -1.575 -1.288 -0.886 -0.669 -0.390 0.003 0.278 0.650 0.892 1.185 1.315 1.452 1.525 1.604 1.697 1.813 1.881 1.940 1.947 1.926 1.896 1.848 1.696 1.681 3.040 
5.000 40.000 -1.745 -1.459 -1.057 -0.840 -0.561 -0.169 0.106 0.477 0.719 1.010 1.139 1.275 1.347 1.424 1.513 1.625 1.689 1.742 1.746 1.720 1.689 1.638 1.481 1.465 2.871 
5.000 50.000 -1.878 -1.592 -1.190 -0.973 -0.695 -0.302 -0.028 0.343 0.584 0.873 1.002 1.136 1.206 1.282 1.369 1.476 1.536 1.584 1.584 1.555 1.521 1.468 1.306 1.290 2.738 
5.000 60.000 -1.956 -1.670 -1.269 -1.051 -0.773 -0.381 -0.107 0.263 0.504 0.793 0.921 1.055 1.125 1.200 1.286 1.392 1.451 1.495 1.494 1.464 1.428 1.374 1.209 1.193 2.643 
5.000 70.000 -2.014 -1.728 -1.327 -1.110 -0.832 -0.440 -0.166 0.203 0.444 0.732 0.859 0.992 1.061 1.135 1.219 1.321 1.377 1.418 1.415 1.382 1.345 1.290 1.122 1.106 2.563 
5.000 80.000 -2.044 -1.758 -1.357 -1.140 -0.863 -0.472 -0.198 0.170 0.409 0.694 0.820 0.949 1.016 1.087 1.166 1.261 1.312 1.347 1.342 1.306 1.269 1.213 1.046 1.031 2.503 
5.000 90.000 -2.070 -1.784 -1.383 -1.167 -0.890 -0.499 -0.226 0.141 0.379 0.662 0.786 0.913 0.978 1.047 1.123 1.212 1.260 1.290 1.283 1.245 1.208 1.151 0.986 0.971 2.452 
5.000 100.000 -2.093 -1.808 -1.407 -1.191 -0.914 -0.524 -0.252 0.114 0.351 0.632 0.755 0.880 0.943 1.009 1.082 1.166 1.210 1.236 1.227 1.189 1.151 1.094 0.931 0.915 2.405 
5.000 110.000 -2.114 -1.828 -1.428 -1.212 -0.936 -0.546 -0.275 0.090 0.326 0.605 0.726 0.848 0.910 0.973 1.042 1.122 1.162 1.184 1.174 1.135 1.097 1.041 0.879 0.865 2.362 
5.000 120.000 -2.132 -1.847 -1.448 -1.232 -0.955 -0.567 -0.296 0.068 0.303 0.580 0.700 0.820 0.880 0.941 1.008 1.082 1.120 1.138 1.127 1.086 1.048 0.992 0.833 0.818 2.323 
5.000 130.000 -2.152 -1.867 -1.468 -1.252 -0.976 -0.588 -0.318 0.045 0.279 0.554 0.672 0.791 0.849 0.908 0.971 1.041 1.075 1.090 1.077 1.035 0.996 0.940 0.781 0.767 2.283 
5.000 140.000 -2.173 -1.889 -1.489 -1.274 -0.998 -0.611 -0.341 0.021 0.254 0.527 0.644 0.760 0.817 0.874 0.934 1.000 1.031 1.042 1.028 0.985 0.946 0.890 0.733 0.719 2.246 
5.000 150.000 -2.198 -1.913 -1.514 -1.299 -1.023 -0.636 -0.367 -0.006 0.226 0.497 0.613 0.727 0.783 0.838 0.896 0.957 0.986 0.994 0.979 0.935 0.896 0.840 0.685 0.671 2.207 
5.000 175.000 -2.255 -1.971 -1.573 -1.357 -1.083 -0.697 -0.429 -0.071 0.159 0.426 0.539 0.649 0.701 0.751 0.802 0.854 0.877 0.879 0.861 0.816 0.777 0.722 0.570 0.556 2.118 
5.000 200.000 -2.305 -2.021 -1.624 -1.409 -1.135 -0.751 -0.484 -0.128 0.099 0.361 0.471 0.575 0.624 0.670 0.714 0.756 0.772 0.769 0.749 0.704 0.665 0.611 0.465 0.452 2.035 
5.000 250.000 -2.395 -2.112 -1.716 -1.503 -1.230 -0.849 -0.585 -0.235 -0.013 0.240 0.343 0.437 0.478 0.514 0.545 0.569 0.574 0.560 0.538 0.493 0.455 0.405 0.270 0.259 1.897 
5.000 300.000 -2.470 -2.187 -1.793 -1.580 -1.309 -0.931 -0.670 -0.325 -0.109 0.135 0.231 0.315 0.349 0.375 0.393 0.400 0.395 0.373 0.349 0.305 0.270 0.222 0.099 0.088 1.778 
5.000 350.000 -2.535 -2.254 -1.861 -1.649 -1.380 -1.004 -0.746 -0.407 -0.195 0.038 0.127 0.202 0.228 0.245 0.251 0.242 0.228 0.198 0.174 0.130 0.097 0.052 -0.063 -0.072 1.675 
5.000 400.000 -2.594 -2.313 -1.921 -1.711 -1.443 -1.071 -0.815 -0.482 -0.276 -0.052 0.030 0.095 0.115 0.123 0.117 0.093 0.072 0.037 0.013 -0.028 -0.059 -0.101 -0.205 -0.213 1.587 
5.000 450.000 -2.645 -2.366 -1.976 -1.766 -1.500 -1.131 -0.879 -0.551 -0.351 -0.138 -0.062 -0.008 0.005 0.004 -0.014 -0.051 -0.079 -0.118 -0.142 -0.180 -0.209 -0.246 -0.341 -0.348 1.515 
5.000 500.000 -2.694 -2.415 -2.027 -1.818 -1.554 -1.188 -0.939 -0.618 -0.423 -0.220 -0.152 -0.108 -0.102 -0.111 -0.140 -0.190 -0.224 -0.265 -0.289 -0.324 -0.350 -0.384 -0.469 -0.476 1.447 
5.000 600.000 -2.774 -2.497 -2.112 -1.906 -1.646 -1.288 -1.047 -0.739 -0.558 -0.380 -0.327 -0.306 -0.316 -0.344 -0.396 -0.473 -0.518 -0.565 -0.585 -0.613 -0.634 -0.661 -0.729 -0.734 1.323 
5.000 700.000 -2.851 -2.576 -2.194 -1.990 -1.734 -1.382 -1.147 -0.852 -0.682 -0.523 -0.483 -0.480 -0.502 -0.545 -0.615 -0.711 -0.764 -0.813 -0.831 -0.854 -0.871 -0.893 -0.950 -0.954 1.211 
5.000 800.000 -2.925 -2.651 -2.272 -2.071 -1.818 -1.473 -1.244 -0.961 -0.802 -0.662 -0.635 -0.650 -0.683 -0.740 -0.826 -0.938 -0.997 -1.047 -1.063 -1.081 -1.093 -1.111 -1.158 -1.161 1.107 
5.000 1000.000 -3.058 -2.788 -2.416 -2.219 -1.972 -1.641 -1.425 -1.165 -1.027 -0.925 -0.921 -0.968 -1.021 -1.103 -1.215 -1.354 -1.421 -1.469 -1.479 -1.487 -1.494 -1.504 -1.535 -1.538 0.923 
5.000 1200.000 -3.168 -2.902 -2.536 -2.343 -2.104 -1.787 -1.585 -1.351 -1.236 -1.175 -1.197 -1.279 -1.355 -1.463 -1.606 -1.777 -1.858 -1.912 -1.922 -1.926 -1.928 -1.934 -1.957 -1.959 0.729 
5.000 1500.000 -3.330 -3.069 -2.713 -2.527 -2.300 -2.004 -1.822 -1.626 -1.545 -1.542 -1.600 -1.731 -1.838 -1.982 -2.166 -2.378 -2.476 -2.538 -2.546 -2.546 -2.545 -2.546 -2.560 -2.561 0.463 
5.500 0.000 0.188 0.467 0.855 1.062 1.326 1.692 1.944 2.275 2.486 2.735 2.846 2.967 3.035 3.113 3.210 3.341 3.424 3.509 3.532 3.533 3.518 3.486 3.373 3.362 4.490 
5.500 1.000 0.153 0.432 0.820 1.027 1.291 1.656 1.907 2.237 2.446 2.691 2.800 2.917 2.983 3.057 3.148 3.269 3.345 3.419 3.438 3.433 3.415 3.380 3.262 3.251 4.448 
5.500 5.000 -0.065 0.214 0.601 0.809 1.072 1.437 1.687 2.017 2.225 2.469 2.577 2.692 2.756 2.828 2.917 3.033 3.104 3.173 3.188 3.180 3.160 3.123 3.000 2.989 4.220 
5.500 10.000 -0.326 -0.048 0.340 0.547 0.810 1.175 1.425 1.754 1.962 2.206 2.313 2.429 2.492 2.563 2.650 2.764 2.832 2.895 2.907 2.894 2.870 2.830 2.699 2.687 3.977 
5.500 15.000 -0.528 -0.249 0.138 0.346 0.609 0.974 1.224 1.552 1.760 2.003 2.110 2.224 2.287 2.357 2.442 2.552 2.617 2.676 2.685 2.668 2.643 2.600 2.464 2.451 3.782 
5.500 20.000 -0.681 -0.403 -0.016 0.192 0.454 0.819 1.069 1.397 1.604 1.845 1.951 2.064 2.126 2.195 2.277 2.384 2.446 2.499 2.506 2.486 2.459 2.415 2.275 2.262 3.635 
5.500 25.000 -0.808 -0.529 -0.143 0.065 0.327 0.692 0.941 1.268 1.475 1.715 1.821 1.932 1.993 2.060 2.141 2.243 2.302 2.351 2.354 2.332 2.303 2.256 2.113 2.099 3.513 
5.500 30.000 -0.914 -0.635 -0.249 -0.041 0.221 0.585 0.834 1.161 1.367 1.607 1.712 1.823 1.882 1.949 2.028 2.127 2.184 2.230 2.231 2.206 2.176 2.128 1.981 1.967 3.413 
5.500 40.000 -1.076 -0.797 -0.411 -0.204 0.059 0.422 0.671 0.997 1.203 1.441 1.545 1.654 1.713 1.777 1.854 1.948 2.001 2.041 2.039 2.010 1.977 1.927 1.775 1.761 3.257 
5.500 50.000 -1.203 -0.925 -0.539 -0.332 -0.070 0.294 0.542 0.868 1.073 1.310 1.413 1.521 1.578 1.642 1.716 1.806 1.856 1.890 1.886 1.854 1.819 1.766 1.610 1.596 3.134 
5.500 60.000 -1.281 -1.003 -0.616 -0.410 -0.148 0.215 0.464 0.789 0.994 1.231 1.334 1.441 1.499 1.561 1.635 1.724 1.772 1.804 1.798 1.763 1.727 1.673 1.513 1.498 3.047 
5.500 70.000 -1.336 -1.058 -0.672 -0.465 -0.203 0.159 0.407 0.732 0.936 1.173 1.275 1.381 1.438 1.499 1.571 1.657 1.702 1.730 1.722 1.685 1.648 1.592 1.430 1.415 2.973 
5.500 80.000 -1.364 -1.086 -0.700 -0.494 -0.233 0.129 0.377 0.700 0.903 1.136 1.237 1.340 1.394 1.453 1.519 1.599 1.639 1.662 1.651 1.612 1.574 1.518 1.357 1.342 2.919 
5.500 90.000 -1.388 -1.111 -0.725 -0.519 -0.258 0.103 0.350 0.672 0.874 1.105 1.204 1.305 1.357 1.413 1.477 1.550 1.587 1.606 1.594 1.553 1.515 1.459 1.299 1.285 2.872 
5.500 100.000 -1.410 -1.133 -0.748 -0.542 -0.281 0.080 0.326 0.647 0.848 1.077 1.174 1.272 1.323 1.377 1.437 1.505 1.539 1.553 1.540 1.498 1.460 1.404 1.246 1.232 2.829 
5.500 110.000 -1.429 -1.152 -0.767 -0.561 -0.301 0.059 0.305 0.625 0.824 1.052 1.147 1.243 1.292 1.344 1.400 1.464 1.494 1.505 1.491 1.448 1.409 1.354 1.197 1.183 2.792 
5.500 120.000 -1.446 -1.169 -0.785 -0.579 -0.319 0.040 0.285 0.604 0.803 1.028 1.122 1.216 1.263 1.312 1.366 1.425 1.452 1.460 1.444 1.401 1.362 1.306 1.152 1.138 2.757 
5.500 130.000 -1.465 -1.188 -0.804 -0.599 -0.339 0.020 0.264 0.582 0.779 1.002 1.095 1.186 1.232 1.279 1.329 1.383 1.407 1.411 1.394 1.350 1.311 1.256 1.103 1.089 2.722 
5.500 140.000 -1.485 -1.208 -0.825 -0.619 -0.360 -0.002 0.242 0.559 0.755 0.976 1.067 1.156 1.201 1.245 1.292 1.342 1.363 1.364 1.346 1.301 1.262 1.207 1.056 1.042 2.688 
5.500 150.000 -1.508 -1.231 -0.848 -0.643 -0.384 -0.026 0.217 0.533 0.728 0.948 1.038 1.125 1.168 1.211 1.256 1.302 1.320 1.318 1.299 1.253 1.214 1.159 1.009 0.996 2.654 
5.500 175.000 -1.562 -1.286 -0.903 -0.699 -0.440 -0.084 0.158 0.471 0.664 0.879 0.965 1.048 1.087 1.125 1.163 1.199 1.212 1.204 1.183 1.137 1.098 1.044 0.899 0.887 2.572 
5.500 200.000 -1.609 -1.333 -0.951 -0.747 -0.489 -0.135 0.106 0.416 0.606 0.815 0.899 0.976 1.011 1.044 1.074 1.101 1.108 1.095 1.073 1.027 0.989 0.937 0.799 0.787 2.497 
5.500 250.000 -1.693 -1.419 -1.038 -0.835 -0.579 -0.227 0.010 0.315 0.499 0.699 0.775 0.841 0.869 0.891 0.908 0.917 0.913 0.890 0.866 0.821 0.785 0.736 0.609 0.598 2.366 
5.500 300.000 -1.764 -1.490 -1.111 -0.909 -0.655 -0.306 -0.072 0.227 0.406 0.596 0.665 0.721 0.741 0.754 0.759 0.750 0.737 0.708 0.683 0.639 0.605 0.559 0.443 0.433 2.255 
5.500 350.000 -1.826 -1.553 -1.175 -0.974 -0.722 -0.377 -0.145 0.148 0.322 0.500 0.563 0.609 0.622 0.625 0.617 0.594 0.573 0.538 0.513 0.471 0.440 0.398 0.292 0.283 2.163 
5.500 400.000 -1.881 -1.608 -1.233 -1.033 -0.782 -0.440 -0.211 0.076 0.244 0.413 0.468 0.504 0.510 0.505 0.486 0.448 0.421 0.381 0.357 0.318 0.289 0.250 0.154 0.147 2.081 
5.500 450.000 -1.929 -1.657 -1.283 -1.084 -0.835 -0.496 -0.271 0.010 0.172 0.331 0.379 0.405 0.404 0.390 0.360 0.310 0.276 0.234 0.210 0.174 0.147 0.112 0.024 0.018 2.008 
5.500 500.000 -1.973 -1.703 -1.330 -1.132 -0.885 -0.550 -0.328 -0.052 0.105 0.253 0.295 0.311 0.303 0.281 0.241 0.179 0.140 0.095 0.072 0.039 0.014 -0.018 -0.097 -0.103 1.940 
5.500 600.000 -2.049 -1.780 -1.411 -1.216 -0.973 -0.645 -0.430 -0.169 -0.025 0.100 0.127 0.121 0.098 0.058 -0.004 -0.090 -0.138 -0.186 -0.206 -0.232 -0.251 -0.276 -0.339 -0.344 1.821 
5.500 700.000 -2.123 -1.856 -1.490 -1.297 -1.057 -0.735 -0.527 -0.277 -0.143 -0.036 -0.022 -0.044 -0.077 -0.130 -0.207 -0.309 -0.363 -0.410 -0.427 -0.447 -0.462 -0.482 -0.534 -0.538 1.715 
5.500 800.000 -2.194 -1.929 -1.566 -1.376 -1.139 -0.824 -0.621 -0.383 -0.259 -0.171 -0.168 -0.207 -0.251 -0.316 -0.408 -0.524 -0.583 -0.631 -0.645 -0.660 -0.671 -0.687 -0.730 -0.733 1.617 
5.500 1000.000 -2.323 -2.062 -1.705 -1.518 -1.288 -0.986 -0.795 -0.579 -0.476 -0.422 -0.441 -0.509 -0.572 -0.659 -0.775 -0.912 -0.977 -1.021 -1.029 -1.033 -1.038 -1.046 -1.075 -1.077 1.443 
5.500 1200.000 -2.428 -2.170 -1.820 -1.638 -1.415 -1.127 -0.950 -0.758 -0.678 -0.664 -0.707 -0.809 -0.893 -1.006 -1.150 -1.318 -1.395 -1.444 -1.450 -1.451 -1.452 -1.456 -1.477 -1.478 1.265 
5.500 1500.000 -2.586 -2.333 -1.992 -1.817 -1.605 -1.338 -1.181 -1.025 -0.978 -1.018 -1.096 -1.243 -1.355 -1.500 -1.681 -1.883 -1.973 -2.025 -2.029 -2.023 -2.020 -2.019 -2.030 -2.031 1.021 
6.000 0.000 0.620 0.882 1.242 1.434 1.673 2.001 2.221 2.504 2.680 2.886 2.980 3.085 3.147 3.220 3.313 3.437 3.515 3.592 3.611 3.607 3.588 3.553 3.433 3.421 4.622 
6.000 1.000 0.596 0.858 1.219 1.409 1.649 1.976 2.195 2.477 2.652 2.855 2.947 3.049 3.108 3.178 3.265 3.380 3.450 3.517 3.531 3.520 3.498 3.460 3.333 3.321 4.591 
6.000 5.000 0.456 0.718 1.078 1.269 1.508 1.834 2.052 2.333 2.506 2.706 2.795 2.894 2.950 3.016 3.097 3.204 3.268 3.326 3.336 3.321 3.297 3.257 3.128 3.116 4.427 
6.000 10.000 0.261 0.522 0.882 1.072 1.311 1.637 1.855 2.134 2.306 2.504 2.592 2.689 2.744 2.807 2.885 2.987 3.047 3.100 3.108 3.091 3.066 3.025 2.896 2.884 4.231 
6.000 15.000 0.087 0.349 0.708 0.899 1.137 1.462 1.680 1.959 2.131 2.328 2.415 2.510 2.565 2.627 2.703 2.801 2.858 2.908 2.913 2.894 2.867 2.824 2.692 2.679 4.066 
6.000 20.000 -0.051 0.210 0.570 0.760 0.999 1.323 1.541 1.820 1.991 2.187 2.273 2.368 2.421 2.482 2.556 2.651 2.705 2.750 2.754 2.731 2.703 2.659 2.523 2.510 3.939 
6.000 25.000 -0.166 0.095 0.454 0.644 0.883 1.207 1.424 1.702 1.873 2.068 2.153 2.246 2.298 2.357 2.429 2.519 2.570 2.611 2.611 2.586 2.556 2.510 2.371 2.358 3.829 
6.000 30.000 -0.267 -0.005 0.354 0.544 0.782 1.106 1.323 1.601 1.771 1.965 2.050 2.142 2.193 2.251 2.322 2.409 2.458 2.494 2.492 2.465 2.433 2.386 2.243 2.229 3.736 
6.000 40.000 -0.423 -0.162 0.197 0.387 0.625 0.949 1.166 1.443 1.612 1.805 1.889 1.980 2.030 2.086 2.154 2.236 2.281 2.311 2.305 2.273 2.239 2.188 2.038 2.024 3.591 
6.000 50.000 -0.546 -0.285 0.074 0.264 0.501 0.825 1.042 1.318 1.487 1.679 1.762 1.851 1.900 1.956 2.021 2.100 2.141 2.166 2.158 2.122 2.086 2.033 1.880 1.865 3.477 
6.000 60.000 -0.621 -0.360 -0.001 0.189 0.426 0.750 0.966 1.242 1.411 1.603 1.687 1.776 1.825 1.880 1.945 2.023 2.064 2.087 2.077 2.039 2.002 1.948 1.790 1.775 3.397 
6.000 70.000 -0.674 -0.413 -0.055 0.135 0.372 0.696 0.912 1.188 1.356 1.547 1.630 1.718 1.767 1.821 1.885 1.960 1.999 2.018 2.007 1.967 1.928 1.873 1.712 1.697 3.328 
6.000 80.000 -0.701 -0.441 -0.083 0.107 0.344 0.667 0.882 1.157 1.324 1.513 1.594 1.679 1.726 1.777 1.837 1.906 1.940 1.955 1.941 1.899 1.859 1.803 1.643 1.628 3.280 
6.000 90.000 -0.724 -0.464 -0.106 0.083 0.320 0.642 0.857 1.130 1.296 1.483 1.563 1.646 1.691 1.740 1.796 1.860 1.890 1.901 1.886 1.842 1.803 1.746 1.587 1.573 3.237 
6.000 100.000 -0.744 -0.484 -0.126 0.063 0.299 0.621 0.835 1.107 1.272 1.457 1.535 1.616 1.659 1.706 1.759 1.819 1.846 1.853 1.837 1.793 1.754 1.697 1.541 1.527 3.199 
6.000 110.000 -0.762 -0.502 -0.145 0.044 0.280 0.601 0.815 1.086 1.250 1.433 1.509 1.588 1.629 1.674 1.723 1.778 1.802 1.806 1.789 1.744 1.704 1.649 1.494 1.480 3.165 
6.000 120.000 -0.776 -0.516 -0.160 0.029 0.265 0.585 0.798 1.068 1.231 1.411 1.486 1.562 1.602 1.644 1.690 1.740 1.761 1.762 1.744 1.699 1.659 1.604 1.452 1.439 3.136 
6.000 130.000 -0.794 -0.534 -0.178 0.011 0.246 0.565 0.778 1.047 1.208 1.386 1.460 1.533 1.571 1.611 1.653 1.698 1.716 1.714 1.694 1.649 1.609 1.554 1.405 1.392 3.104 
6.000 140.000 -0.814 -0.555 -0.199 -0.010 0.225 0.544 0.755 1.023 1.184 1.360 1.432 1.504 1.540 1.577 1.617 1.658 1.673 1.668 1.647 1.601 1.561 1.506 1.358 1.345 3.071 
6.000 150.000 -0.836 -0.577 -0.221 -0.033 0.202 0.520 0.732 0.998 1.158 1.333 1.403 1.473 1.508 1.544 1.581 1.618 1.631 1.623 1.601 1.554 1.514 1.460 1.312 1.299 3.040 
6.000 175.000 -0.886 -0.627 -0.272 -0.085 0.149 0.466 0.676 0.940 1.097 1.266 1.333 1.398 1.429 1.459 1.490 1.517 1.524 1.511 1.488 1.442 1.403 1.350 1.210 1.198 2.967 
6.000 200.000 -0.933 -0.674 -0.320 -0.133 0.100 0.416 0.624 0.885 1.040 1.204 1.268 1.327 1.354 1.380 1.403 1.421 1.422 1.404 1.380 1.333 1.295 1.243 1.108 1.097 2.899 
6.000 250.000 -1.013 -0.755 -0.402 -0.216 0.015 0.327 0.533 0.788 0.937 1.091 1.147 1.196 1.215 1.230 1.240 1.239 1.231 1.203 1.178 1.132 1.096 1.047 0.924 0.914 2.778 
6.000 300.000 -1.083 -0.826 -0.475 -0.290 -0.060 0.249 0.452 0.702 0.845 0.990 1.040 1.078 1.091 1.097 1.095 1.079 1.062 1.029 1.002 0.958 0.924 0.879 0.765 0.756 2.676 
6.000 350.000 -1.140 -0.884 -0.535 -0.351 -0.122 0.183 0.383 0.626 0.764 0.898 0.941 0.969 0.974 0.971 0.956 0.925 0.901 0.862 0.837 0.795 0.764 0.723 0.621 0.613 2.589 
6.000 400.000 -1.193 -0.938 -0.590 -0.407 -0.181 0.122 0.318 0.556 0.688 0.812 0.848 0.866 0.864 0.852 0.827 0.783 0.752 0.710 0.685 0.647 0.618 0.581 0.488 0.481 2.513 
6.000 450.000 -1.240 -0.986 -0.639 -0.458 -0.233 0.067 0.260 0.492 0.619 0.732 0.762 0.770 0.761 0.741 0.705 0.649 0.613 0.568 0.544 0.508 0.482 0.448 0.364 0.358 2.441 
6.000 500.000 -1.284 -1.031 -0.686 -0.505 -0.282 0.014 0.204 0.430 0.552 0.656 0.679 0.678 0.663 0.635 0.590 0.523 0.482 0.437 0.414 0.382 0.358 0.327 0.251 0.245 2.377 
6.000 600.000 -1.356 -1.105 -0.763 -0.585 -0.366 -0.077 0.106 0.319 0.428 0.510 0.519 0.497 0.469 0.424 0.359 0.271 0.222 0.176 0.157 0.132 0.115 0.091 0.030 0.026 2.264 
6.000 700.000 -1.430 -1.181 -0.842 -0.666 -0.450 -0.167 0.010 0.212 0.312 0.376 0.374 0.337 0.298 0.241 0.162 0.060 0.006 -0.040 -0.056 -0.075 -0.088 -0.108 -0.158 -0.162 2.159 
6.000 800.000 -1.495 -1.247 -0.912 -0.738 -0.525 -0.249 -0.077 0.114 0.203 0.249 0.235 0.182 0.133 0.065 -0.028 -0.142 -0.199 -0.242 -0.254 -0.267 -0.276 -0.290 -0.331 -0.334 2.068 
6.000 1000.000 -1.617 -1.373 -1.044 -0.874 -0.667 -0.403 -0.243 -0.074 -0.004 0.010 -0.025 -0.106 -0.172 -0.261 -0.376 -0.510 -0.571 -0.610 -0.616 -0.618 -0.621 -0.628 -0.655 -0.657 1.904 
6.000 1200.000 -1.722 -1.481 -1.158 -0.993 -0.793 -0.543 -0.396 -0.250 -0.202 -0.225 -0.283 -0.395 -0.481 -0.593 -0.734 -0.894 -0.965 -1.006 -1.009 -1.006 -1.005 -1.008 -1.026 -1.028 1.737 
6.000 1500.000 -1.876 -1.640 -1.327 -1.168 -0.980 -0.749 -0.621 -0.509 -0.491 -0.567 -0.657 -0.811 -0.923 -1.065 -1.238 -1.428 -1.509 -1.552 -1.551 -1.541 -1.535 -1.532 -1.541 -1.542 1.512 
6.500 0.000 1.039 1.277 1.600 1.769 1.980 2.262 2.449 2.685 2.831 3.003 3.085 3.181 3.239 3.310 3.400 3.521 3.596 3.668 3.684 3.675 3.654 3.616 3.490 3.477 4.721 
6.500 1.000 1.024 1.262 1.585 1.754 1.964 2.246 2.432 2.667 2.812 2.982 3.061 3.155 3.211 3.278 3.364 3.477 3.544 3.606 3.616 3.601 3.576 3.534 3.398 3.386 4.694 
6.500 5.000 0.931 1.168 1.491 1.660 1.869 2.150 2.335 2.569 2.711 2.877 2.954 3.043 3.096 3.159 3.238 3.341 3.401 3.453 3.459 3.440 3.413 3.370 3.234 3.221 4.573 
6.500 10.000 0.796 1.033 1.355 1.524 1.733 2.013 2.197 2.429 2.569 2.732 2.806 2.891 2.941 3.000 3.074 3.169 3.224 3.273 3.278 3.260 3.234 3.193 3.065 3.053 4.427 
6.500 15.000 0.654 0.891 1.213 1.382 1.591 1.871 2.054 2.285 2.425 2.587 2.660 2.744 2.793 2.851 2.923 3.015 3.068 3.113 3.117 3.097 3.071 3.028 2.899 2.887 4.295 
6.500 20.000 0.534 0.771 1.092 1.261 1.470 1.749 1.933 2.163 2.303 2.464 2.537 2.620 2.668 2.725 2.795 2.884 2.935 2.976 2.978 2.956 2.928 2.884 2.752 2.739 4.186 
6.500 25.000 0.426 0.663 0.985 1.153 1.362 1.641 1.824 2.054 2.193 2.353 2.426 2.507 2.555 2.611 2.679 2.764 2.812 2.849 2.849 2.823 2.794 2.748 2.611 2.599 4.088 
6.500 30.000 0.333 0.569 0.891 1.059 1.268 1.547 1.730 1.960 2.099 2.258 2.330 2.411 2.458 2.513 2.580 2.663 2.709 2.742 2.740 2.711 2.680 2.633 2.492 2.479 4.005 
6.500 40.000 0.184 0.420 0.742 0.910 1.119 1.397 1.580 1.810 1.948 2.106 2.177 2.257 2.303 2.357 2.421 2.499 2.541 2.568 2.561 2.528 2.493 2.442 2.294 2.280 3.871 
6.500 50.000 0.067 0.303 0.625 0.793 1.001 1.280 1.462 1.691 1.829 1.986 2.057 2.135 2.181 2.233 2.295 2.370 2.409 2.432 2.423 2.386 2.350 2.298 2.146 2.132 3.765 
6.500 60.000 -0.005 0.231 0.553 0.721 0.929 1.207 1.390 1.619 1.757 1.915 1.986 2.065 2.111 2.163 2.226 2.302 2.340 2.362 2.352 2.314 2.277 2.222 2.066 2.052 3.690 
6.500 70.000 -0.057 0.180 0.501 0.669 0.877 1.155 1.338 1.567 1.704 1.862 1.933 2.011 2.056 2.108 2.170 2.244 2.281 2.299 2.287 2.246 2.208 2.152 1.992 1.978 3.628 
6.500 80.000 -0.083 0.153 0.474 0.642 0.850 1.127 1.309 1.537 1.674 1.829 1.898 1.974 2.018 2.067 2.125 2.193 2.226 2.239 2.224 2.182 2.142 2.086 1.925 1.911 3.584 
6.500 90.000 -0.104 0.132 0.453 0.620 0.828 1.105 1.287 1.513 1.649 1.802 1.870 1.944 1.986 2.033 2.088 2.151 2.181 2.191 2.175 2.132 2.092 2.036 1.877 1.863 3.546 
6.500 100.000 -0.122 0.113 0.434 0.601 0.808 1.085 1.266 1.491 1.626 1.778 1.844 1.916 1.956 2.001 2.053 2.112 2.139 2.145 2.129 2.085 2.045 1.989 1.833 1.819 3.512 
6.500 110.000 -0.137 0.099 0.418 0.586 0.792 1.068 1.249 1.473 1.606 1.756 1.820 1.890 1.928 1.971 2.019 2.073 2.097 2.100 2.083 2.038 1.999 1.943 1.790 1.776 3.484 
6.500 120.000 -0.151 0.085 0.404 0.571 0.778 1.053 1.233 1.456 1.588 1.735 1.798 1.865 1.902 1.942 1.987 2.036 2.057 2.057 2.039 1.994 1.955 1.900 1.749 1.736 3.457 
6.500 130.000 -0.169 0.066 0.385 0.552 0.758 1.033 1.212 1.434 1.565 1.710 1.772 1.836 1.871 1.909 1.951 1.995 2.013 2.010 1.991 1.945 1.906 1.851 1.702 1.689 3.427 
6.500 140.000 -0.189 0.047 0.366 0.532 0.738 1.012 1.191 1.411 1.542 1.685 1.745 1.807 1.841 1.877 1.916 1.956 1.971 1.965 1.945 1.898 1.859 1.804 1.656 1.643 3.397 
6.500 150.000 -0.208 0.027 0.346 0.512 0.718 0.991 1.169 1.389 1.518 1.659 1.718 1.779 1.810 1.844 1.880 1.917 1.929 1.921 1.900 1.854 1.815 1.760 1.615 1.602 3.370 
6.500 175.000 -0.255 -0.021 0.297 0.463 0.668 0.940 1.116 1.333 1.459 1.595 1.650 1.705 1.733 1.762 1.791 1.818 1.825 1.812 1.790 1.744 1.707 1.655 1.517 1.505 3.305 
6.500 200.000 -0.302 -0.068 0.250 0.415 0.619 0.889 1.065 1.279 1.403 1.534 1.586 1.636 1.660 1.683 1.706 1.723 1.724 1.706 1.682 1.636 1.598 1.547 1.414 1.403 3.243 
6.500 250.000 -0.382 -0.149 0.167 0.331 0.533 0.801 0.973 1.182 1.301 1.422 1.467 1.507 1.524 1.539 1.548 1.549 1.540 1.514 1.489 1.444 1.408 1.360 1.237 1.227 3.132 
6.500 300.000 -0.450 -0.218 0.096 0.260 0.461 0.725 0.895 1.098 1.212 1.324 1.363 1.393 1.403 1.408 1.406 1.392 1.375 1.343 1.317 1.274 1.240 1.196 1.083 1.074 3.037 
6.500 350.000 -0.505 -0.274 0.039 0.201 0.400 0.661 0.828 1.025 1.133 1.235 1.266 1.286 1.288 1.284 1.270 1.241 1.217 1.180 1.155 1.115 1.085 1.044 0.943 0.935 2.956 
6.500 400.000 -0.555 -0.324 -0.013 0.148 0.346 0.604 0.767 0.958 1.061 1.152 1.176 1.186 1.181 1.168 1.143 1.101 1.071 1.031 1.008 0.971 0.943 0.907 0.816 0.809 2.884 
6.500 450.000 -0.602 -0.372 -0.063 0.097 0.293 0.548 0.708 0.894 0.991 1.073 1.091 1.091 1.080 1.059 1.024 0.971 0.936 0.895 0.873 0.839 0.814 0.781 0.699 0.693 2.817 
6.500 500.000 -0.645 -0.417 -0.109 0.050 0.244 0.496 0.654 0.834 0.926 0.998 1.010 1.001 0.984 0.956 0.912 0.848 0.810 0.767 0.746 0.716 0.694 0.664 0.590 0.584 2.755 
6.500 600.000 -0.713 -0.486 -0.182 -0.025 0.165 0.410 0.561 0.728 0.808 0.859 0.857 0.829 0.799 0.755 0.692 0.610 0.565 0.524 0.507 0.486 0.470 0.448 0.390 0.385 2.648 
6.500 700.000 -0.788 -0.562 -0.261 -0.106 0.081 0.320 0.465 0.622 0.693 0.727 0.714 0.670 0.631 0.575 0.498 0.402 0.353 0.312 0.299 0.284 0.272 0.254 0.206 0.203 2.545 
6.500 800.000 -0.845 -0.622 -0.323 -0.171 0.013 0.246 0.385 0.531 0.591 0.607 0.583 0.524 0.474 0.407 0.319 0.212 0.161 0.126 0.118 0.110 0.103 0.091 0.054 0.051 2.460 
6.500 1000.000 -0.963 -0.743 -0.450 -0.302 -0.124 0.097 0.225 0.351 0.393 0.377 0.334 0.249 0.183 0.097 -0.011 -0.135 -0.189 -0.218 -0.219 -0.217 -0.218 -0.223 -0.246 -0.248 2.306 
6.500 1200.000 -1.068 -0.851 -0.564 -0.420 -0.249 -0.041 0.075 0.178 0.200 0.150 0.084 -0.030 -0.114 -0.221 -0.353 -0.499 -0.561 -0.591 -0.589 -0.581 -0.577 -0.578 -0.593 -0.594 2.149 
6.500 1500.000 -1.214 -1.003 -0.725 -0.587 -0.427 -0.238 -0.141 -0.071 -0.080 -0.180 -0.276 -0.431 -0.540 -0.674 -0.836 -1.007 -1.076 -1.103 -1.096 -1.079 -1.071 -1.065 -1.071 -1.071 1.939 
7.000 0.000 1.430 1.638 1.918 2.063 2.242 2.479 2.633 2.828 2.948 3.096 3.169 3.259 3.315 3.384 3.472 3.590 3.661 3.728 3.741 3.729 3.705 3.665 3.532 3.519 4.831 
7.000 1.000 1.420 1.628 1.907 2.052 2.231 2.467 2.621 2.815 2.934 3.080 3.152 3.239 3.294 3.360 3.444 3.554 3.619 3.677 3.685 3.666 3.639 3.594 3.453 3.439 4.803 
7.000 5.000 1.351 1.559 1.839 1.983 2.161 2.397 2.550 2.742 2.860 3.002 3.071 3.154 3.206 3.268 3.346 3.447 3.505 3.554 3.558 3.536 3.507 3.462 3.320 3.307 4.703 
7.000 10.000 1.249 1.456 1.735 1.880 2.057 2.292 2.445 2.635 2.751 2.891 2.958 3.039 3.088 3.147 3.221 3.316 3.371 3.418 3.421 3.400 3.372 3.328 3.193 3.181 4.586 
7.000 15.000 1.135 1.342 1.621 1.765 1.943 2.177 2.329 2.519 2.635 2.773 2.839 2.918 2.967 3.024 3.096 3.188 3.241 3.285 3.288 3.265 3.238 3.194 3.059 3.047 4.476 
7.000 20.000 1.033 1.240 1.519 1.663 1.840 2.075 2.226 2.416 2.531 2.668 2.734 2.812 2.860 2.916 2.986 3.076 3.127 3.167 3.168 3.144 3.115 3.070 2.933 2.920 4.383 
7.000 25.000 0.939 1.146 1.425 1.569 1.747 1.980 2.132 2.321 2.436 2.572 2.637 2.715 2.761 2.817 2.885 2.972 3.020 3.057 3.056 3.029 2.998 2.952 2.812 2.799 4.299 
7.000 30.000 0.859 1.067 1.345 1.490 1.667 1.900 2.052 2.241 2.355 2.491 2.556 2.633 2.679 2.734 2.801 2.886 2.932 2.965 2.962 2.933 2.901 2.853 2.709 2.696 4.229 
7.000 40.000 0.725 0.932 1.210 1.355 1.531 1.765 1.916 2.104 2.219 2.354 2.418 2.494 2.539 2.593 2.658 2.739 2.782 2.810 2.804 2.771 2.736 2.685 2.535 2.522 4.111 
7.000 50.000 0.619 0.826 1.105 1.249 1.426 1.659 1.810 1.998 2.112 2.246 2.310 2.385 2.430 2.482 2.546 2.624 2.665 2.689 2.681 2.645 2.609 2.556 2.402 2.388 4.018 
7.000 60.000 0.553 0.760 1.038 1.182 1.359 1.592 1.743 1.931 2.046 2.181 2.245 2.320 2.365 2.418 2.482 2.561 2.601 2.625 2.616 2.579 2.542 2.488 2.332 2.317 3.950 
7.000 70.000 0.505 0.711 0.990 1.133 1.310 1.543 1.694 1.882 1.996 2.131 2.195 2.270 2.314 2.367 2.430 2.507 2.546 2.567 2.556 2.516 2.477 2.422 2.261 2.246 3.893 
7.000 80.000 0.481 0.688 0.966 1.109 1.286 1.518 1.669 1.856 1.969 2.102 2.164 2.237 2.280 2.330 2.391 2.462 2.498 2.514 2.501 2.460 2.421 2.364 2.204 2.189 3.854 
7.000 90.000 0.461 0.667 0.945 1.089 1.265 1.497 1.647 1.833 1.945 2.076 2.137 2.208 2.249 2.298 2.355 2.423 2.455 2.469 2.455 2.413 2.374 2.318 2.159 2.145 3.820 
7.000 100.000 0.443 0.649 0.926 1.070 1.245 1.477 1.627 1.812 1.923 2.052 2.112 2.181 2.221 2.268 2.322 2.386 2.416 2.426 2.411 2.369 2.329 2.274 2.117 2.103 3.789 
7.000 110.000 0.428 0.635 0.912 1.055 1.230 1.461 1.610 1.794 1.904 2.031 2.089 2.156 2.194 2.238 2.290 2.348 2.375 2.382 2.366 2.323 2.284 2.229 2.075 2.061 3.763 
7.000 120.000 0.412 0.618 0.895 1.038 1.213 1.444 1.592 1.775 1.884 2.009 2.066 2.130 2.167 2.209 2.257 2.311 2.335 2.339 2.322 2.278 2.239 2.184 2.031 2.018 3.737 
7.000 130.000 0.395 0.600 0.877 1.020 1.195 1.424 1.572 1.754 1.862 1.985 2.040 2.102 2.138 2.177 2.222 2.272 2.293 2.293 2.275 2.230 2.191 2.136 1.985 1.972 3.709 
7.000 140.000 0.376 0.582 0.858 1.001 1.175 1.404 1.552 1.732 1.839 1.961 2.015 2.075 2.109 2.147 2.189 2.235 2.253 2.251 2.232 2.186 2.147 2.092 1.943 1.930 3.682 
7.000 150.000 0.357 0.563 0.839 0.981 1.156 1.384 1.531 1.711 1.817 1.936 1.989 2.047 2.080 2.115 2.155 2.197 2.213 2.208 2.189 2.143 2.104 2.050 1.902 1.890 3.658 
7.000 175.000 0.310 0.515 0.790 0.932 1.106 1.333 1.478 1.655 1.759 1.874 1.923 1.976 2.005 2.035 2.068 2.101 2.111 2.102 2.081 2.036 1.998 1.946 1.805 1.793 3.597 
7.000 200.000 0.265 0.470 0.744 0.886 1.059 1.285 1.429 1.603 1.704 1.815 1.861 1.909 1.935 1.961 1.987 2.011 2.017 2.002 1.980 1.935 1.897 1.846 1.710 1.699 3.540 
7.000 250.000 0.186 0.390 0.663 0.803 0.975 1.198 1.339 1.509 1.605 1.706 1.746 1.785 1.804 1.821 1.836 1.843 1.840 1.818 1.795 1.751 1.716 1.668 1.544 1.534 3.436 
7.000 300.000 0.123 0.326 0.598 0.738 0.908 1.128 1.267 1.431 1.523 1.615 1.649 1.678 1.690 1.699 1.703 1.697 1.686 1.659 1.636 1.595 1.562 1.518 1.405 1.396 3.353 
7.000 350.000 0.069 0.271 0.542 0.680 0.848 1.066 1.202 1.360 1.446 1.528 1.555 1.574 1.579 1.579 1.570 1.550 1.532 1.501 1.479 1.440 1.411 1.371 1.269 1.262 3.278 
7.000 400.000 0.019 0.220 0.489 0.627 0.793 1.008 1.141 1.294 1.375 1.447 1.468 1.477 1.476 1.467 1.449 1.417 1.394 1.362 1.341 1.307 1.281 1.246 1.155 1.148 3.212 
7.000 450.000 -0.029 0.172 0.439 0.576 0.741 0.952 1.083 1.230 1.306 1.369 1.383 1.384 1.376 1.360 1.332 1.289 1.262 1.228 1.209 1.178 1.155 1.123 1.042 1.035 3.149 
7.000 500.000 -0.071 0.128 0.394 0.530 0.694 0.902 1.029 1.172 1.243 1.297 1.305 1.298 1.284 1.261 1.225 1.173 1.142 1.109 1.092 1.065 1.045 1.016 0.944 0.938 3.090 
7.000 600.000 -0.142 0.056 0.319 0.453 0.613 0.815 0.936 1.066 1.126 1.160 1.156 1.130 1.104 1.066 1.012 0.942 0.904 0.871 0.858 0.839 0.824 0.802 0.744 0.740 2.988 
7.000 700.000 -0.214 -0.018 0.242 0.374 0.531 0.728 0.843 0.964 1.015 1.034 1.019 0.978 0.943 0.894 0.827 0.744 0.702 0.670 0.660 0.647 0.636 0.619 0.572 0.568 2.891 
7.000 800.000 -0.274 -0.079 0.178 0.308 0.462 0.652 0.762 0.873 0.914 0.916 0.890 0.835 0.791 0.731 0.653 0.560 0.517 0.490 0.486 0.480 0.474 0.463 0.426 0.423 2.809 
7.000 1000.000 -0.391 -0.199 0.052 0.178 0.326 0.506 0.606 0.697 0.720 0.692 0.647 0.567 0.506 0.428 0.330 0.221 0.174 0.153 0.155 0.160 0.160 0.156 0.133 0.131 2.667 
7.000 1200.000 -0.492 -0.303 -0.058 0.064 0.206 0.373 0.461 0.531 0.536 0.474 0.409 0.301 0.224 0.126 0.007 -0.122 -0.173 -0.192 -0.186 -0.174 -0.170 -0.169 -0.182 -0.184 2.520 
7.000 1500.000 -0.633 -0.450 -0.213 -0.097 0.035 0.183 0.253 0.290 0.265 0.155 0.061 -0.086 -0.187 -0.310 -0.456 -0.608 -0.664 -0.678 -0.665 -0.644 -0.633 -0.626 -0.629 -0.630 2.326 
7.500 0.000 1.753 1.930 2.166 2.287 2.435 2.630 2.757 2.919 3.021 3.153 3.221 3.308 3.364 3.432 3.520 3.637 3.707 3.772 3.783 3.768 3.742 3.699 3.561 3.547 4.922 
7.500 1.000 1.745 1.921 2.157 2.278 2.426 2.621 2.748 2.908 3.010 3.140 3.207 3.292 3.346 3.412 3.496 3.607 3.671 3.727 3.733 3.712 3.683 3.637 3.490 3.476 4.893 
7.500 5.000 1.692 1.868 2.103 2.224 2.372 2.566 2.692 2.851 2.951 3.078 3.143 3.225 3.276 3.339 3.417 3.519 3.578 3.626 3.629 3.604 3.574 3.526 3.379 3.365 4.809 
7.500 10.000 1.610 1.786 2.021 2.142 2.289 2.483 2.608 2.767 2.866 2.991 3.055 3.136 3.186 3.247 3.323 3.422 3.479 3.526 3.529 3.505 3.475 3.429 3.286 3.272 4.710 
7.500 15.000 1.524 1.700 1.935 2.056 2.203 2.396 2.521 2.679 2.778 2.902 2.965 3.044 3.093 3.153 3.228 3.325 3.380 3.425 3.427 3.404 3.374 3.328 3.187 3.174 4.620 
7.500 20.000 1.442 1.618 1.852 1.973 2.120 2.313 2.438 2.595 2.694 2.817 2.879 2.957 3.005 3.064 3.137 3.230 3.283 3.325 3.325 3.300 3.270 3.223 3.080 3.067 4.542 
7.500 25.000 1.365 1.541 1.776 1.896 2.043 2.236 2.361 2.518 2.616 2.739 2.801 2.879 2.927 2.984 3.057 3.148 3.199 3.238 3.237 3.209 3.178 3.129 2.983 2.969 4.475 
7.500 30.000 1.296 1.472 1.706 1.827 1.974 2.167 2.291 2.448 2.546 2.669 2.731 2.808 2.855 2.913 2.984 3.074 3.124 3.160 3.158 3.127 3.094 3.044 2.894 2.880 4.414 
7.500 40.000 1.178 1.354 1.588 1.708 1.855 2.048 2.172 2.329 2.427 2.548 2.610 2.686 2.733 2.789 2.859 2.945 2.993 3.025 3.020 2.988 2.953 2.902 2.748 2.734 4.315 
7.500 50.000 1.087 1.263 1.497 1.618 1.764 1.957 2.081 2.237 2.334 2.456 2.517 2.592 2.638 2.694 2.762 2.847 2.892 2.921 2.915 2.880 2.844 2.791 2.635 2.620 4.237 
7.500 60.000 1.026 1.202 1.436 1.557 1.703 1.896 2.020 2.176 2.274 2.396 2.457 2.532 2.579 2.635 2.704 2.789 2.834 2.863 2.856 2.821 2.785 2.730 2.572 2.557 4.175 
7.500 70.000 0.985 1.161 1.395 1.515 1.662 1.854 1.978 2.134 2.232 2.353 2.414 2.489 2.535 2.591 2.659 2.742 2.786 2.813 2.805 2.767 2.730 2.674 2.513 2.498 4.126 
7.500 80.000 0.963 1.139 1.372 1.493 1.639 1.831 1.955 2.110 2.206 2.326 2.386 2.459 2.504 2.557 2.623 2.702 2.743 2.766 2.755 2.716 2.678 2.622 2.461 2.446 4.091 
7.500 90.000 0.944 1.120 1.353 1.473 1.619 1.811 1.934 2.088 2.184 2.302 2.361 2.432 2.476 2.528 2.590 2.666 2.704 2.724 2.713 2.673 2.634 2.579 2.419 2.404 4.060 
7.500 100.000 0.927 1.102 1.336 1.455 1.601 1.792 1.915 2.069 2.164 2.280 2.338 2.407 2.450 2.500 2.560 2.631 2.667 2.684 2.672 2.632 2.593 2.538 2.379 2.365 4.032 
7.500 110.000 0.911 1.086 1.319 1.439 1.584 1.775 1.897 2.050 2.144 2.258 2.314 2.382 2.423 2.470 2.527 2.594 2.627 2.640 2.627 2.585 2.547 2.491 2.334 2.320 4.007 
7.500 120.000 0.896 1.071 1.304 1.423 1.569 1.758 1.880 2.032 2.125 2.237 2.292 2.358 2.397 2.442 2.496 2.559 2.589 2.599 2.584 2.542 2.503 2.447 2.292 2.278 3.984 
7.500 130.000 0.879 1.054 1.287 1.406 1.551 1.740 1.862 2.012 2.104 2.215 2.268 2.332 2.370 2.413 2.464 2.523 2.549 2.556 2.541 2.497 2.458 2.403 2.249 2.236 3.959 
7.500 140.000 0.861 1.036 1.268 1.387 1.532 1.721 1.842 1.991 2.083 2.192 2.244 2.306 2.342 2.384 2.432 2.487 2.511 2.516 2.499 2.455 2.416 2.361 2.208 2.195 3.934 
7.500 150.000 0.841 1.016 1.248 1.367 1.511 1.700 1.820 1.969 2.059 2.167 2.218 2.278 2.313 2.353 2.399 2.450 2.472 2.474 2.456 2.412 2.373 2.318 2.167 2.154 3.912 
7.500 175.000 0.795 0.969 1.200 1.319 1.463 1.650 1.769 1.915 2.003 2.106 2.155 2.210 2.241 2.277 2.316 2.358 2.375 2.372 2.353 2.309 2.270 2.217 2.072 2.060 3.857 
7.500 200.000 0.751 0.925 1.156 1.274 1.417 1.603 1.721 1.865 1.951 2.050 2.095 2.146 2.174 2.205 2.239 2.274 2.286 2.278 2.258 2.214 2.177 2.125 1.986 1.974 3.804 
7.500 250.000 0.678 0.851 1.080 1.197 1.339 1.523 1.638 1.778 1.859 1.949 1.988 2.030 2.052 2.074 2.097 2.116 2.119 2.106 2.086 2.044 2.009 1.962 1.836 1.825 3.710 
7.500 300.000 0.620 0.792 1.020 1.137 1.277 1.458 1.571 1.705 1.782 1.863 1.896 1.929 1.944 1.959 1.970 1.975 1.972 1.953 1.933 1.894 1.862 1.818 1.704 1.695 3.634 
7.500 350.000 0.565 0.737 0.964 1.079 1.218 1.396 1.506 1.635 1.707 1.779 1.806 1.829 1.838 1.843 1.844 1.836 1.827 1.805 1.787 1.752 1.723 1.684 1.583 1.575 3.566 
7.500 400.000 0.517 0.687 0.913 1.027 1.165 1.340 1.447 1.571 1.638 1.701 1.721 1.735 1.738 1.736 1.727 1.708 1.693 1.670 1.653 1.622 1.597 1.562 1.472 1.465 3.505 
7.500 450.000 0.470 0.640 0.864 0.978 1.114 1.286 1.391 1.509 1.571 1.625 1.640 1.646 1.642 1.633 1.615 1.586 1.568 1.544 1.529 1.502 1.480 1.450 1.369 1.363 3.446 
7.500 500.000 0.427 0.596 0.819 0.932 1.066 1.236 1.338 1.452 1.509 1.554 1.563 1.561 1.552 1.536 1.510 1.472 1.450 1.427 1.414 1.391 1.372 1.345 1.273 1.268 3.390 
7.500 600.000 0.353 0.520 0.740 0.851 0.982 1.146 1.242 1.345 1.392 1.419 1.416 1.396 1.376 1.346 1.302 1.246 1.217 1.192 1.182 1.165 1.151 1.130 1.072 1.068 3.295 
7.500 700.000 0.280 0.446 0.664 0.773 0.902 1.060 1.152 1.246 1.284 1.297 1.284 1.251 1.222 1.182 1.126 1.058 1.025 1.001 0.995 0.984 0.974 0.957 0.910 0.906 3.205 
7.500 800.000 0.217 0.382 0.597 0.704 0.830 0.983 1.069 1.153 1.183 1.180 1.157 1.110 1.073 1.022 0.956 0.878 0.843 0.825 0.822 0.819 0.813 0.802 0.765 0.762 3.126 
7.500 1000.000 0.099 0.261 0.471 0.574 0.695 0.837 0.914 0.979 0.992 0.959 0.918 0.846 0.793 0.724 0.637 0.542 0.504 0.490 0.494 0.501 0.502 0.498 0.475 0.473 2.997 
7.500 1200.000 0.000 0.159 0.363 0.463 0.578 0.709 0.775 0.821 0.815 0.752 0.692 0.595 0.525 0.438 0.333 0.221 0.179 0.169 0.178 0.192 0.198 0.199 0.186 0.184 2.860 
7.500 1500.000 -0.140 0.014 0.210 0.304 0.409 0.522 0.571 0.587 0.554 0.444 0.356 0.222 0.130 0.019 -0.113 -0.246 -0.292 -0.296 -0.280 -0.256 -0.245 -0.237 -0.240 -0.241 2.681 
7.800 0.000 1.911 2.069 2.280 2.388 2.519 2.693 2.807 2.953 3.048 3.173 3.240 3.326 3.382 3.451 3.539 3.656 3.726 3.789 3.800 3.783 3.757 3.713 3.570 3.557 4.966 
7.800 1.000 1.902 2.060 2.270 2.378 2.510 2.683 2.796 2.942 3.036 3.159 3.225 3.310 3.364 3.430 3.515 3.626 3.690 3.745 3.750 3.727 3.696 3.648 3.496 3.481 4.936 
7.800 5.000 1.852 2.010 2.220 2.328 2.459 2.632 2.744 2.888 2.981 3.102 3.166 3.248 3.300 3.363 3.443 3.546 3.605 3.652 3.654 3.627 3.595 3.545 3.391 3.376 4.857 
7.800 10.000 1.784 1.941 2.151 2.259 2.390 2.562 2.675 2.818 2.910 3.030 3.093 3.173 3.224 3.286 3.365 3.466 3.524 3.571 3.573 3.548 3.517 3.469 3.321 3.307 4.772 
7.800 15.000 1.709 1.867 2.077 2.184 2.315 2.488 2.600 2.743 2.834 2.954 3.016 3.096 3.146 3.208 3.285 3.385 3.442 3.487 3.489 3.464 3.434 3.386 3.239 3.225 4.693 
7.800 20.000 1.637 1.795 2.005 2.112 2.243 2.415 2.527 2.669 2.761 2.879 2.941 3.020 3.069 3.130 3.206 3.303 3.358 3.401 3.402 3.376 3.345 3.296 3.148 3.134 4.625 
7.800 25.000 1.569 1.727 1.936 2.044 2.175 2.346 2.458 2.601 2.692 2.810 2.872 2.950 2.999 3.059 3.134 3.230 3.284 3.325 3.324 3.296 3.264 3.214 3.063 3.049 4.565 
7.800 30.000 1.508 1.665 1.875 1.982 2.113 2.285 2.396 2.539 2.630 2.747 2.809 2.887 2.936 2.995 3.070 3.164 3.217 3.256 3.255 3.225 3.192 3.141 2.989 2.975 4.512 
7.800 40.000 1.397 1.555 1.764 1.872 2.002 2.174 2.285 2.427 2.518 2.635 2.696 2.772 2.821 2.879 2.952 3.043 3.093 3.128 3.124 3.092 3.057 3.005 2.849 2.834 4.419 
7.800 50.000 1.314 1.472 1.681 1.788 1.919 2.090 2.201 2.343 2.433 2.550 2.610 2.687 2.735 2.792 2.864 2.953 3.002 3.034 3.029 2.994 2.958 2.904 2.745 2.730 4.345 
7.800 60.000 1.255 1.413 1.622 1.729 1.860 2.031 2.143 2.284 2.375 2.492 2.553 2.630 2.678 2.736 2.809 2.899 2.948 2.980 2.974 2.938 2.902 2.847 2.684 2.669 4.288 
7.800 70.000 1.217 1.375 1.584 1.691 1.821 1.993 2.104 2.245 2.336 2.452 2.513 2.589 2.637 2.695 2.766 2.855 2.902 2.932 2.924 2.887 2.849 2.793 2.628 2.612 4.243 
7.800 80.000 1.197 1.354 1.563 1.670 1.800 1.971 2.082 2.223 2.312 2.427 2.487 2.561 2.608 2.663 2.732 2.816 2.860 2.886 2.877 2.838 2.799 2.743 2.578 2.562 4.211 
7.800 90.000 1.179 1.336 1.544 1.651 1.781 1.951 2.062 2.202 2.291 2.404 2.463 2.536 2.581 2.635 2.701 2.782 2.823 2.846 2.836 2.796 2.757 2.701 2.537 2.521 4.181 
7.800 100.000 1.161 1.318 1.527 1.633 1.763 1.933 2.043 2.182 2.271 2.383 2.440 2.512 2.556 2.608 2.672 2.749 2.789 2.809 2.797 2.757 2.718 2.661 2.498 2.483 4.153 
7.800 110.000 1.145 1.302 1.510 1.617 1.747 1.916 2.026 2.164 2.251 2.361 2.418 2.487 2.530 2.580 2.641 2.713 2.749 2.766 2.753 2.711 2.672 2.615 2.453 2.439 4.129 
7.800 120.000 1.130 1.287 1.495 1.601 1.731 1.900 2.009 2.146 2.232 2.341 2.396 2.463 2.504 2.552 2.610 2.679 2.712 2.725 2.711 2.669 2.629 2.573 2.413 2.398 4.107 
7.800 130.000 1.114 1.271 1.478 1.584 1.713 1.882 1.990 2.127 2.212 2.319 2.372 2.438 2.477 2.524 2.579 2.643 2.673 2.683 2.668 2.625 2.586 2.529 2.371 2.357 4.083 
7.800 140.000 1.097 1.253 1.460 1.566 1.695 1.863 1.971 2.107 2.191 2.296 2.349 2.412 2.450 2.495 2.547 2.607 2.635 2.643 2.626 2.583 2.543 2.487 2.330 2.316 4.060 
7.800 150.000 1.077 1.234 1.441 1.547 1.675 1.843 1.950 2.085 2.169 2.272 2.323 2.385 2.422 2.465 2.515 2.571 2.597 2.602 2.585 2.541 2.501 2.445 2.290 2.277 4.039 
7.800 175.000 1.033 1.189 1.395 1.501 1.629 1.795 1.901 2.034 2.115 2.214 2.263 2.320 2.354 2.392 2.436 2.484 2.505 2.505 2.487 2.443 2.404 2.350 2.202 2.189 3.986 
7.800 200.000 0.990 1.146 1.352 1.457 1.584 1.749 1.855 1.985 2.064 2.160 2.206 2.259 2.289 2.324 2.362 2.402 2.418 2.414 2.395 2.351 2.313 2.260 2.117 2.104 3.935 
7.800 250.000 0.919 1.074 1.279 1.383 1.509 1.671 1.774 1.899 1.974 2.060 2.099 2.142 2.166 2.191 2.217 2.242 2.249 2.240 2.222 2.182 2.148 2.101 1.975 1.964 3.852 
7.800 300.000 0.862 1.016 1.219 1.322 1.447 1.607 1.707 1.827 1.897 1.974 2.007 2.041 2.058 2.075 2.090 2.100 2.100 2.086 2.068 2.031 2.000 1.957 1.844 1.835 3.777 
7.800 350.000 0.808 0.962 1.164 1.266 1.389 1.546 1.644 1.759 1.823 1.891 1.918 1.943 1.954 1.962 1.967 1.964 1.958 1.942 1.925 1.892 1.865 1.826 1.726 1.718 3.713 
7.800 400.000 0.761 0.914 1.114 1.216 1.338 1.492 1.587 1.697 1.757 1.816 1.837 1.854 1.858 1.860 1.855 1.842 1.831 1.814 1.799 1.770 1.746 1.712 1.622 1.615 3.657 
7.800 450.000 0.715 0.867 1.066 1.167 1.287 1.439 1.531 1.636 1.692 1.743 1.758 1.766 1.765 1.759 1.746 1.723 1.708 1.689 1.676 1.651 1.629 1.599 1.519 1.513 3.601 
7.800 500.000 0.671 0.822 1.021 1.120 1.239 1.389 1.479 1.579 1.630 1.673 1.683 1.684 1.678 1.665 1.644 1.612 1.593 1.572 1.560 1.537 1.518 1.490 1.417 1.411 3.551 
7.800 600.000 0.599 0.749 0.945 1.043 1.159 1.302 1.386 1.477 1.518 1.543 1.541 1.525 1.507 1.481 1.443 1.394 1.369 1.349 1.340 1.325 1.311 1.290 1.232 1.228 3.458 
7.800 700.000 0.527 0.676 0.869 0.965 1.079 1.217 1.297 1.378 1.411 1.422 1.411 1.381 1.355 1.319 1.269 1.207 1.179 1.160 1.154 1.145 1.135 1.119 1.071 1.068 3.374 
7.800 800.000 0.466 0.613 0.803 0.898 1.008 1.142 1.217 1.288 1.313 1.308 1.287 1.244 1.210 1.163 1.102 1.031 1.000 0.985 0.984 0.981 0.975 0.964 0.927 0.924 3.298 
7.800 1000.000 0.350 0.495 0.680 0.771 0.877 1.000 1.064 1.118 1.125 1.091 1.052 0.984 0.933 0.868 0.787 0.698 0.664 0.653 0.659 0.666 0.667 0.664 0.640 0.638 3.180 
7.800 1200.000 0.250 0.392 0.572 0.660 0.760 0.872 0.927 0.962 0.953 0.890 0.832 0.740 0.675 0.593 0.494 0.389 0.351 0.344 0.355 0.370 0.375 0.377 0.363 0.362 3.050 
7.800 1500.000 0.111 0.248 0.420 0.503 0.593 0.689 0.728 0.733 0.697 0.590 0.505 0.377 0.290 0.185 0.060 -0.065 -0.107 -0.108 -0.091 -0.067 -0.055 -0.047 -0.050 -0.051 2.880 
8.000 0.000 2.002 2.149 2.343 2.443 2.565 2.726 2.832 2.970 3.060 3.182 3.249 3.335 3.391 3.460 3.549 3.666 3.736 3.800 3.810 3.793 3.766 3.721 3.577 3.563 4.992 
8.000 1.000 1.991 2.138 2.332 2.432 2.554 2.714 2.820 2.957 3.047 3.168 3.233 3.318 3.372 3.439 3.524 3.636 3.700 3.754 3.759 3.735 3.704 3.655 3.500 3.485 4.961 
8.000 5.000 1.943 2.089 2.284 2.383 2.505 2.665 2.770 2.906 2.995 3.113 3.177 3.259 3.311 3.375 3.456 3.561 3.620 3.667 3.668 3.640 3.607 3.555 3.397 3.382 4.885 
8.000 10.000 1.884 2.030 2.224 2.324 2.445 2.605 2.709 2.845 2.933 3.050 3.113 3.193 3.245 3.308 3.387 3.489 3.548 3.595 3.597 3.571 3.540 3.491 3.340 3.326 4.809 
8.000 15.000 1.817 1.963 2.157 2.256 2.377 2.537 2.642 2.777 2.865 2.981 3.044 3.124 3.175 3.238 3.316 3.418 3.476 3.522 3.524 3.498 3.466 3.417 3.266 3.252 4.737 
8.000 20.000 1.751 1.897 2.091 2.191 2.312 2.471 2.576 2.710 2.798 2.914 2.976 3.056 3.106 3.168 3.246 3.345 3.402 3.447 3.448 3.421 3.389 3.340 3.188 3.174 4.675 
8.000 25.000 1.690 1.836 2.030 2.129 2.250 2.409 2.514 2.648 2.735 2.851 2.913 2.992 3.042 3.103 3.180 3.278 3.334 3.377 3.377 3.349 3.317 3.266 3.114 3.100 4.621 
8.000 30.000 1.633 1.779 1.972 2.072 2.193 2.352 2.456 2.590 2.678 2.793 2.855 2.934 2.983 3.044 3.120 3.218 3.272 3.314 3.313 3.284 3.251 3.200 3.047 3.032 4.572 
8.000 40.000 1.528 1.674 1.867 1.967 2.088 2.247 2.351 2.484 2.571 2.686 2.747 2.824 2.873 2.933 3.008 3.101 3.153 3.191 3.187 3.155 3.121 3.068 2.910 2.895 4.484 
8.000 50.000 1.450 1.596 1.790 1.889 2.010 2.169 2.272 2.406 2.493 2.607 2.668 2.745 2.794 2.853 2.926 3.018 3.069 3.104 3.099 3.065 3.029 2.975 2.814 2.799 4.413 
8.000 60.000 1.393 1.539 1.732 1.831 1.952 2.111 2.215 2.349 2.436 2.551 2.612 2.690 2.739 2.799 2.873 2.966 3.017 3.051 3.046 3.011 2.974 2.919 2.754 2.739 4.360 
8.000 70.000 1.358 1.504 1.697 1.796 1.917 2.076 2.179 2.313 2.400 2.514 2.574 2.652 2.700 2.759 2.832 2.923 2.972 3.004 2.997 2.961 2.923 2.866 2.700 2.684 4.317 
8.000 80.000 1.338 1.484 1.677 1.776 1.896 2.055 2.158 2.291 2.377 2.490 2.549 2.625 2.672 2.729 2.799 2.887 2.932 2.961 2.952 2.914 2.875 2.818 2.651 2.636 4.286 
8.000 90.000 1.320 1.465 1.658 1.757 1.877 2.035 2.138 2.270 2.356 2.467 2.526 2.600 2.646 2.702 2.770 2.854 2.897 2.923 2.913 2.873 2.834 2.777 2.611 2.595 4.256 
8.000 100.000 1.303 1.448 1.641 1.740 1.860 2.017 2.120 2.251 2.336 2.446 2.504 2.577 2.622 2.676 2.742 2.823 2.864 2.886 2.875 2.835 2.796 2.738 2.572 2.557 4.230 
8.000 110.000 1.287 1.432 1.625 1.723 1.843 2.000 2.102 2.233 2.316 2.425 2.481 2.552 2.596 2.648 2.711 2.787 2.825 2.844 2.832 2.791 2.751 2.694 2.530 2.515 4.207 
8.000 120.000 1.272 1.417 1.609 1.708 1.827 1.984 2.086 2.215 2.298 2.405 2.460 2.528 2.571 2.621 2.681 2.753 2.788 2.804 2.791 2.748 2.709 2.652 2.490 2.475 4.185 
8.000 130.000 1.256 1.401 1.593 1.691 1.811 1.967 2.068 2.196 2.278 2.383 2.437 2.503 2.544 2.592 2.650 2.717 2.749 2.762 2.748 2.705 2.665 2.608 2.448 2.433 4.162 
8.000 140.000 1.239 1.384 1.576 1.674 1.793 1.948 2.049 2.177 2.258 2.361 2.413 2.478 2.517 2.564 2.618 2.682 2.712 2.722 2.706 2.663 2.623 2.566 2.408 2.394 4.139 
8.000 150.000 1.220 1.365 1.557 1.655 1.773 1.929 2.029 2.156 2.236 2.338 2.389 2.453 2.491 2.535 2.588 2.648 2.676 2.683 2.667 2.623 2.584 2.527 2.370 2.356 4.120 
8.000 175.000 1.177 1.321 1.512 1.609 1.728 1.882 1.981 2.106 2.184 2.281 2.330 2.389 2.424 2.464 2.511 2.563 2.586 2.589 2.572 2.528 2.489 2.435 2.285 2.271 4.068 
8.000 200.000 1.135 1.279 1.470 1.567 1.684 1.838 1.936 2.058 2.134 2.228 2.274 2.329 2.361 2.397 2.438 2.483 2.501 2.499 2.481 2.437 2.399 2.345 2.200 2.187 4.018 
8.000 250.000 1.067 1.210 1.399 1.496 1.612 1.762 1.857 1.975 2.046 2.130 2.169 2.213 2.238 2.265 2.293 2.321 2.331 2.325 2.308 2.269 2.235 2.188 2.062 2.052 3.940 
8.000 300.000 1.008 1.151 1.339 1.434 1.549 1.696 1.789 1.901 1.967 2.042 2.075 2.110 2.128 2.147 2.164 2.178 2.180 2.170 2.153 2.118 2.087 2.045 1.934 1.924 3.867 
8.000 350.000 0.956 1.098 1.285 1.379 1.493 1.638 1.728 1.835 1.896 1.963 1.990 2.016 2.028 2.038 2.045 2.047 2.044 2.031 2.016 1.984 1.958 1.920 1.821 1.813 3.807 
8.000 400.000 0.910 1.051 1.236 1.330 1.442 1.584 1.672 1.774 1.831 1.888 1.910 1.927 1.933 1.936 1.934 1.925 1.918 1.904 1.890 1.863 1.840 1.806 1.718 1.711 3.753 
8.000 450.000 0.863 1.003 1.188 1.280 1.391 1.531 1.616 1.714 1.766 1.816 1.832 1.842 1.843 1.839 1.828 1.809 1.796 1.779 1.766 1.742 1.720 1.690 1.609 1.603 3.701 
8.000 500.000 0.820 0.960 1.143 1.235 1.344 1.481 1.564 1.658 1.706 1.748 1.759 1.761 1.756 1.746 1.727 1.699 1.682 1.663 1.651 1.629 1.609 1.582 1.508 1.502 3.653 
8.000 600.000 0.750 0.888 1.069 1.159 1.266 1.397 1.475 1.557 1.596 1.620 1.619 1.605 1.589 1.565 1.530 1.485 1.463 1.446 1.439 1.425 1.411 1.391 1.333 1.329 3.562 
8.000 700.000 0.678 0.815 0.993 1.082 1.186 1.313 1.386 1.460 1.490 1.500 1.490 1.462 1.438 1.404 1.357 1.300 1.274 1.258 1.254 1.246 1.237 1.221 1.174 1.170 3.482 
8.000 800.000 0.617 0.753 0.929 1.015 1.117 1.239 1.307 1.372 1.394 1.389 1.369 1.328 1.295 1.251 1.193 1.126 1.098 1.085 1.085 1.083 1.077 1.066 1.029 1.026 3.409 
8.000 1000.000 0.503 0.636 0.807 0.890 0.986 1.098 1.157 1.204 1.209 1.176 1.138 1.073 1.025 0.963 0.885 0.800 0.767 0.759 0.764 0.772 0.773 0.769 0.745 0.743 3.298 
8.000 1200.000 0.403 0.533 0.699 0.779 0.870 0.972 1.020 1.050 1.039 0.977 0.922 0.833 0.770 0.692 0.596 0.496 0.460 0.455 0.466 0.481 0.487 0.488 0.474 0.473 3.171 
8.000 1500.000 0.262 0.388 0.547 0.622 0.704 0.790 0.823 0.824 0.788 0.684 0.603 0.480 0.396 0.294 0.174 0.053 0.013 0.013 0.030 0.053 0.065 0.072 0.068 0.067 3.008 
8.200 0.000 2.087 2.222 2.402 2.495 2.607 2.757 2.856 2.986 3.073 3.191 3.257 3.342 3.397 3.466 3.553 3.669 3.738 3.800 3.810 3.792 3.765 3.721 3.577 3.563 5.015 
8.200 1.000 2.073 2.208 2.388 2.480 2.593 2.742 2.841 2.970 3.057 3.174 3.239 3.323 3.377 3.443 3.528 3.638 3.702 3.755 3.759 3.735 3.704 3.654 3.498 3.483 4.982 
8.200 5.000 2.025 2.160 2.340 2.432 2.544 2.693 2.792 2.920 3.005 3.121 3.184 3.266 3.319 3.383 3.464 3.569 3.628 3.674 3.674 3.646 3.612 3.560 3.399 3.384 4.910 
8.200 10.000 1.975 2.110 2.290 2.382 2.494 2.643 2.741 2.869 2.954 3.069 3.131 3.212 3.263 3.327 3.407 3.510 3.569 3.616 3.618 3.591 3.559 3.510 3.356 3.342 4.844 
8.200 15.000 1.915 2.050 2.230 2.322 2.434 2.583 2.681 2.808 2.893 3.008 3.070 3.151 3.203 3.266 3.345 3.448 3.506 3.553 3.554 3.527 3.495 3.445 3.291 3.277 4.778 
8.200 20.000 1.855 1.990 2.170 2.262 2.374 2.522 2.620 2.748 2.832 2.946 3.008 3.088 3.139 3.202 3.280 3.382 3.439 3.484 3.485 3.457 3.425 3.374 3.220 3.206 4.721 
8.200 25.000 1.801 1.936 2.116 2.208 2.320 2.468 2.566 2.693 2.777 2.891 2.953 3.032 3.083 3.145 3.223 3.323 3.380 3.425 3.425 3.398 3.366 3.316 3.163 3.149 4.673 
8.200 30.000 1.749 1.884 2.063 2.155 2.267 2.415 2.513 2.640 2.724 2.838 2.899 2.978 3.029 3.091 3.168 3.268 3.324 3.367 3.367 3.339 3.306 3.256 3.102 3.087 4.629 
8.200 40.000 1.650 1.785 1.964 2.056 2.168 2.316 2.413 2.540 2.623 2.736 2.797 2.875 2.925 2.985 3.061 3.157 3.210 3.249 3.246 3.215 3.180 3.128 2.970 2.955 4.546 
8.200 50.000 1.578 1.713 1.892 1.983 2.095 2.243 2.340 2.467 2.550 2.663 2.723 2.801 2.850 2.910 2.985 3.080 3.132 3.169 3.165 3.131 3.096 3.042 2.881 2.866 4.478 
8.200 60.000 1.521 1.656 1.835 1.927 2.039 2.187 2.284 2.411 2.495 2.608 2.669 2.748 2.798 2.858 2.934 3.030 3.082 3.119 3.114 3.080 3.043 2.988 2.823 2.807 4.428 
8.200 70.000 1.490 1.624 1.803 1.895 2.007 2.155 2.252 2.378 2.462 2.574 2.634 2.712 2.761 2.821 2.895 2.989 3.039 3.073 3.067 3.030 2.993 2.937 2.770 2.754 4.388 
8.200 80.000 1.471 1.605 1.784 1.875 1.987 2.134 2.231 2.357 2.440 2.551 2.610 2.686 2.734 2.792 2.864 2.953 3.001 3.031 3.023 2.985 2.947 2.890 2.723 2.707 4.358 
8.200 90.000 1.452 1.587 1.765 1.856 1.968 2.115 2.211 2.337 2.419 2.529 2.587 2.662 2.709 2.766 2.836 2.922 2.968 2.995 2.986 2.947 2.908 2.850 2.683 2.667 4.329 
8.200 100.000 1.436 1.570 1.748 1.840 1.951 2.098 2.194 2.318 2.400 2.508 2.566 2.640 2.686 2.741 2.809 2.892 2.935 2.959 2.949 2.909 2.870 2.812 2.645 2.630 4.303 
8.200 110.000 1.419 1.554 1.732 1.823 1.934 2.080 2.176 2.299 2.380 2.487 2.543 2.615 2.660 2.713 2.778 2.857 2.897 2.918 2.907 2.866 2.827 2.769 2.604 2.589 4.281 
8.200 120.000 1.405 1.539 1.717 1.808 1.919 2.064 2.160 2.282 2.362 2.467 2.522 2.592 2.635 2.686 2.749 2.823 2.860 2.878 2.866 2.824 2.785 2.728 2.565 2.550 4.260 
8.200 130.000 1.389 1.523 1.701 1.792 1.902 2.047 2.142 2.264 2.343 2.446 2.500 2.567 2.609 2.658 2.717 2.787 2.821 2.836 2.823 2.780 2.741 2.684 2.523 2.508 4.238 
8.200 140.000 1.373 1.506 1.684 1.775 1.885 2.030 2.124 2.245 2.323 2.424 2.477 2.542 2.583 2.630 2.687 2.753 2.784 2.796 2.782 2.739 2.699 2.643 2.484 2.469 4.216 
8.200 150.000 1.355 1.489 1.666 1.756 1.867 2.011 2.105 2.225 2.302 2.402 2.454 2.518 2.557 2.603 2.658 2.721 2.751 2.761 2.745 2.702 2.663 2.606 2.448 2.434 4.198 
8.200 175.000 1.312 1.445 1.622 1.712 1.822 1.965 2.058 2.176 2.251 2.347 2.396 2.456 2.492 2.533 2.582 2.637 2.662 2.668 2.652 2.609 2.571 2.517 2.366 2.353 4.147 
8.200 200.000 1.272 1.405 1.581 1.671 1.780 1.922 2.014 2.129 2.203 2.295 2.342 2.397 2.430 2.468 2.511 2.559 2.579 2.580 2.562 2.519 2.481 2.428 2.282 2.269 4.099 
8.200 250.000 1.206 1.339 1.513 1.602 1.710 1.849 1.938 2.048 2.116 2.198 2.237 2.283 2.308 2.336 2.366 2.397 2.409 2.405 2.389 2.352 2.319 2.273 2.148 2.138 4.024 
8.200 300.000 1.147 1.279 1.453 1.541 1.647 1.783 1.869 1.975 2.038 2.111 2.144 2.180 2.199 2.219 2.238 2.255 2.260 2.252 2.237 2.204 2.174 2.133 2.023 2.014 3.955 
8.200 350.000 1.097 1.228 1.400 1.487 1.592 1.726 1.809 1.910 1.968 2.032 2.059 2.086 2.099 2.110 2.119 2.124 2.124 2.115 2.102 2.073 2.047 2.011 1.914 1.907 3.899 
8.200 400.000 1.050 1.181 1.352 1.438 1.541 1.673 1.754 1.849 1.903 1.959 1.980 1.999 2.006 2.010 2.010 2.004 1.999 1.989 1.977 1.953 1.930 1.899 1.813 1.806 3.847 
8.200 450.000 1.003 1.133 1.303 1.389 1.491 1.620 1.699 1.790 1.840 1.888 1.904 1.915 1.917 1.914 1.906 1.890 1.879 1.865 1.853 1.829 1.808 1.778 1.697 1.691 3.799 
8.200 500.000 0.961 1.090 1.259 1.343 1.444 1.571 1.647 1.734 1.780 1.820 1.831 1.835 1.832 1.823 1.806 1.780 1.766 1.749 1.738 1.717 1.698 1.671 1.597 1.591 3.752 
8.200 600.000 0.893 1.021 1.187 1.270 1.368 1.489 1.560 1.637 1.672 1.696 1.695 1.683 1.669 1.647 1.615 1.574 1.554 1.541 1.535 1.522 1.510 1.490 1.433 1.429 3.663 
8.200 700.000 0.822 0.948 1.112 1.193 1.289 1.405 1.472 1.540 1.567 1.576 1.566 1.540 1.517 1.485 1.441 1.388 1.365 1.352 1.350 1.343 1.335 1.320 1.274 1.271 3.588 
8.200 800.000 0.762 0.887 1.049 1.128 1.221 1.332 1.394 1.453 1.472 1.467 1.447 1.408 1.377 1.335 1.280 1.216 1.190 1.180 1.182 1.181 1.176 1.166 1.129 1.126 3.517 
8.200 1000.000 0.648 0.771 0.928 1.004 1.092 1.194 1.246 1.288 1.292 1.258 1.221 1.158 1.112 1.052 0.977 0.895 0.864 0.857 0.864 0.872 0.873 0.869 0.845 0.843 3.412 
8.200 1200.000 0.548 0.668 0.821 0.894 0.977 1.068 1.111 1.135 1.123 1.062 1.008 0.922 0.861 0.785 0.693 0.597 0.563 0.560 0.571 0.587 0.593 0.594 0.580 0.579 3.289 
8.200 1500.000 0.413 0.529 0.674 0.741 0.815 0.890 0.917 0.911 0.872 0.766 0.685 0.564 0.481 0.381 0.265 0.149 0.112 0.117 0.136 0.163 0.175 0.183 0.181 0.180 3.133 
