CanadaSHM6-trial_NGAEastGMM13_12 , distance is rrup. Log10 ground motion values in cgs units, PGV and Sa(T<0.1s) not valid
          11 34 25 : nmag, ndist, nperiod
          10.000 7.519 5.000 4.000 3.003 2.000 1.499 1.000 0.750 0.500 0.400 0.300 0.250 0.200 0.150 0.100 0.075 0.050 0.040 0.030 0.025 0.020 0.010 PGA PGV 
          0.620 0.620 0.620 0.620 0.620 0.620 0.620 0.620 0.600 0.580 0.560 0.540 0.530 0.530 0.530 0.530 0.530 0.530 0.530 0.530 0.530 0.530 0.530 0.530 0.620
4.000 0.000 -0.905 -0.636 -0.255 -0.047 0.223 0.614 0.897 1.301 1.586 1.965 2.150 2.354 2.459 2.563 2.666 2.784 2.867 2.983 3.037 3.088 3.106 3.117 3.112 3.111 3.787 
4.000 1.000 -1.011 -0.742 -0.361 -0.152 0.118 0.508 0.791 1.194 1.479 1.857 2.042 2.246 2.351 2.456 2.560 2.682 2.768 2.891 2.949 3.004 3.024 3.036 3.034 3.033 3.698 
4.000 5.000 -1.705 -1.436 -1.053 -0.843 -0.571 -0.174 0.115 0.534 0.834 1.245 1.454 1.693 1.824 1.961 2.105 2.262 2.349 2.435 2.458 2.461 2.449 2.426 2.359 2.354 3.307 
4.000 10.000 -2.169 -1.900 -1.518 -1.308 -1.035 -0.638 -0.347 0.075 0.378 0.796 1.011 1.260 1.398 1.545 1.703 1.877 1.970 2.052 2.067 2.053 2.029 1.990 1.888 1.881 3.015 
4.000 15.000 -2.458 -2.189 -1.807 -1.597 -1.325 -0.928 -0.637 -0.215 0.089 0.509 0.725 0.976 1.116 1.265 1.426 1.604 1.700 1.779 1.790 1.770 1.741 1.696 1.580 1.571 2.791 
4.000 20.000 -2.668 -2.399 -2.018 -1.808 -1.536 -1.139 -0.848 -0.427 -0.123 0.297 0.514 0.766 0.906 1.057 1.219 1.398 1.493 1.571 1.579 1.554 1.522 1.473 1.348 1.338 2.612 
4.000 25.000 -2.844 -2.575 -2.194 -1.985 -1.713 -1.317 -1.026 -0.605 -0.300 0.120 0.337 0.590 0.731 0.883 1.047 1.229 1.325 1.401 1.407 1.379 1.343 1.291 1.156 1.146 2.469 
4.000 30.000 -2.983 -2.715 -2.335 -2.126 -1.854 -1.458 -1.168 -0.746 -0.442 -0.022 0.195 0.449 0.590 0.743 0.908 1.090 1.187 1.262 1.266 1.235 1.198 1.143 1.002 0.991 2.354 
4.000 40.000 -3.198 -2.931 -2.551 -2.343 -2.072 -1.677 -1.387 -0.967 -0.663 -0.243 -0.026 0.227 0.369 0.522 0.687 0.870 0.966 1.039 1.041 1.007 0.967 0.909 0.760 0.749 2.168 
4.000 50.000 -3.363 -3.097 -2.718 -2.510 -2.239 -1.845 -1.556 -1.137 -0.834 -0.415 -0.198 0.055 0.197 0.349 0.514 0.696 0.791 0.862 0.863 0.825 0.784 0.724 0.571 0.559 2.020 
4.000 60.000 -3.436 -3.170 -2.793 -2.585 -2.315 -1.922 -1.634 -1.217 -0.915 -0.499 -0.285 -0.035 0.105 0.254 0.414 0.588 0.677 0.740 0.739 0.700 0.659 0.599 0.450 0.439 1.910 
4.000 70.000 -3.497 -3.231 -2.854 -2.647 -2.378 -1.986 -1.698 -1.280 -0.979 -0.562 -0.347 -0.096 0.044 0.194 0.357 0.535 0.626 0.690 0.688 0.647 0.603 0.541 0.383 0.371 1.815 
4.000 80.000 -3.535 -3.270 -2.893 -2.687 -2.418 -2.027 -1.739 -1.323 -1.022 -0.606 -0.392 -0.141 -0.001 0.149 0.311 0.489 0.579 0.641 0.637 0.594 0.549 0.484 0.322 0.310 1.737 
4.000 90.000 -3.563 -3.299 -2.923 -2.717 -2.449 -2.058 -1.771 -1.356 -1.056 -0.641 -0.427 -0.177 -0.037 0.112 0.273 0.448 0.537 0.597 0.592 0.546 0.500 0.435 0.270 0.258 1.669 
4.000 100.000 -3.589 -3.325 -2.950 -2.744 -2.477 -2.087 -1.801 -1.386 -1.087 -0.673 -0.459 -0.210 -0.071 0.077 0.237 0.411 0.498 0.555 0.549 0.502 0.455 0.388 0.222 0.209 1.607 
4.000 110.000 -3.613 -3.349 -2.975 -2.770 -2.503 -2.114 -1.828 -1.414 -1.116 -0.703 -0.490 -0.242 -0.103 0.045 0.203 0.375 0.460 0.515 0.507 0.459 0.411 0.344 0.177 0.164 1.550 
4.000 120.000 -3.636 -3.373 -2.999 -2.794 -2.527 -2.139 -1.854 -1.441 -1.143 -0.731 -0.519 -0.272 -0.134 0.013 0.170 0.340 0.424 0.477 0.467 0.417 0.369 0.301 0.133 0.120 1.497 
4.000 130.000 -3.657 -3.394 -3.021 -2.817 -2.551 -2.163 -1.879 -1.467 -1.170 -0.760 -0.549 -0.304 -0.167 -0.022 0.133 0.298 0.378 0.426 0.415 0.364 0.316 0.248 0.081 0.069 1.446 
4.000 140.000 -3.678 -3.416 -3.044 -2.840 -2.574 -2.187 -1.904 -1.493 -1.197 -0.789 -0.579 -0.335 -0.200 -0.056 0.096 0.257 0.334 0.378 0.366 0.314 0.265 0.197 0.032 0.019 1.397 
4.000 150.000 -3.703 -3.442 -3.070 -2.866 -2.601 -2.215 -1.932 -1.522 -1.227 -0.820 -0.611 -0.368 -0.234 -0.092 0.058 0.216 0.291 0.332 0.319 0.265 0.216 0.149 -0.016 -0.028 1.350 
4.000 175.000 -3.763 -3.502 -3.132 -2.929 -2.665 -2.281 -2.000 -1.592 -1.299 -0.896 -0.690 -0.452 -0.321 -0.183 -0.039 0.107 0.174 0.206 0.188 0.132 0.083 0.015 -0.145 -0.157 1.240 
4.000 200.000 -3.817 -3.557 -3.188 -2.986 -2.723 -2.341 -2.061 -1.656 -1.365 -0.966 -0.762 -0.528 -0.400 -0.267 -0.130 0.006 0.066 0.089 0.068 0.009 -0.041 -0.107 -0.264 -0.275 1.142 
4.000 250.000 -3.923 -3.665 -3.299 -3.099 -2.838 -2.459 -2.181 -1.781 -1.494 -1.102 -0.903 -0.676 -0.553 -0.427 -0.302 -0.183 -0.137 -0.128 -0.154 -0.215 -0.265 -0.330 -0.478 -0.488 0.987 
4.000 300.000 -4.016 -3.760 -3.396 -3.197 -2.938 -2.561 -2.287 -1.890 -1.607 -1.222 -1.027 -0.808 -0.691 -0.572 -0.458 -0.357 -0.322 -0.326 -0.355 -0.418 -0.467 -0.530 -0.670 -0.679 0.856 
4.000 350.000 -4.099 -3.844 -3.482 -3.284 -3.027 -2.653 -2.381 -1.989 -1.710 -1.331 -1.142 -0.930 -0.818 -0.708 -0.605 -0.522 -0.498 -0.513 -0.546 -0.608 -0.656 -0.716 -0.846 -0.854 0.741 
4.000 400.000 -4.175 -3.921 -3.562 -3.364 -3.109 -2.738 -2.468 -2.080 -1.804 -1.433 -1.249 -1.045 -0.939 -0.837 -0.746 -0.680 -0.667 -0.692 -0.727 -0.789 -0.835 -0.891 -1.010 -1.018 0.634 
4.000 450.000 -4.250 -3.997 -3.640 -3.444 -3.189 -2.821 -2.554 -2.170 -1.899 -1.535 -1.356 -1.161 -1.062 -0.969 -0.891 -0.844 -0.843 -0.879 -0.915 -0.976 -1.020 -1.073 -1.182 -1.188 0.574 
4.000 500.000 -4.318 -4.067 -3.711 -3.516 -3.263 -2.898 -2.632 -2.254 -1.986 -1.631 -1.459 -1.273 -1.181 -1.098 -1.033 -1.006 -1.017 -1.061 -1.099 -1.158 -1.199 -1.249 -1.347 -1.353 0.513 
4.000 600.000 -4.420 -4.171 -3.819 -3.627 -3.378 -3.020 -2.762 -2.398 -2.145 -1.819 -1.667 -1.513 -1.445 -1.392 -1.369 -1.389 -1.419 -1.462 -1.486 -1.519 -1.541 -1.568 -1.622 -1.625 0.397 
4.000 700.000 -4.525 -4.278 -3.930 -3.739 -3.494 -3.142 -2.890 -2.536 -2.295 -1.989 -1.852 -1.721 -1.669 -1.638 -1.642 -1.695 -1.739 -1.788 -1.808 -1.831 -1.847 -1.866 -1.905 -1.907 0.289 
4.000 800.000 -4.618 -4.373 -4.027 -3.839 -3.597 -3.251 -3.005 -2.663 -2.434 -2.151 -2.031 -1.926 -1.892 -1.885 -1.920 -2.013 -2.077 -2.139 -2.160 -2.181 -2.194 -2.209 -2.239 -2.241 0.186 
4.000 1000.000 -4.784 -4.542 -4.203 -4.018 -3.783 -3.449 -3.214 -2.897 -2.690 -2.453 -2.365 -2.309 -2.309 -2.346 -2.437 -2.596 -2.690 -2.769 -2.789 -2.803 -2.809 -2.817 -2.835 -2.836 0.004 
4.000 1200.000 -4.923 -4.685 -4.351 -4.171 -3.942 -3.621 -3.399 -3.108 -2.928 -2.741 -2.688 -2.684 -2.721 -2.802 -2.949 -3.168 -3.287 -3.377 -3.395 -3.401 -3.402 -3.403 -3.411 -3.412 -0.206 
4.000 1500.000 -5.130 -4.896 -4.571 -4.396 -4.176 -3.874 -3.671 -3.417 -3.275 -3.162 -3.159 -3.230 -3.317 -3.463 -3.688 -3.997 -4.159 -4.278 -4.300 -4.305 -4.303 -4.301 -4.303 -4.303 -0.488 
4.500 0.000 -0.575 -0.288 0.122 0.347 0.639 1.059 1.359 1.774 2.051 2.389 2.539 2.692 2.769 2.847 2.931 3.034 3.100 3.173 3.199 3.212 3.209 3.197 3.156 3.153 4.103 
4.500 1.000 -0.639 -0.351 0.058 0.283 0.575 0.995 1.296 1.711 1.988 2.328 2.479 2.634 2.712 2.793 2.881 2.990 3.061 3.142 3.171 3.188 3.187 3.177 3.138 3.135 4.035 
4.500 5.000 -1.157 -0.870 -0.460 -0.235 0.058 0.480 0.783 1.204 1.487 1.839 1.999 2.170 2.259 2.354 2.462 2.594 2.672 2.746 2.763 2.760 2.745 2.718 2.647 2.642 3.696 
4.500 10.000 -1.587 -1.300 -0.890 -0.665 -0.372 0.051 0.355 0.778 1.064 1.423 1.589 1.768 1.864 1.969 2.089 2.237 2.321 2.392 2.403 2.385 2.360 2.320 2.219 2.212 3.421 
4.500 15.000 -1.865 -1.578 -1.170 -0.945 -0.652 -0.229 0.075 0.499 0.786 1.146 1.314 1.496 1.594 1.702 1.827 1.981 2.067 2.137 2.144 2.121 2.091 2.045 1.930 1.922 3.205 
4.500 20.000 -2.069 -1.783 -1.375 -1.150 -0.858 -0.435 -0.131 0.292 0.579 0.941 1.109 1.293 1.392 1.501 1.629 1.785 1.873 1.942 1.947 1.919 1.885 1.836 1.710 1.701 3.037 
4.500 25.000 -2.240 -1.954 -1.547 -1.322 -1.030 -0.608 -0.304 0.119 0.407 0.769 0.938 1.123 1.224 1.335 1.465 1.625 1.714 1.783 1.786 1.754 1.718 1.664 1.529 1.519 2.903 
4.500 30.000 -2.377 -2.092 -1.684 -1.460 -1.169 -0.747 -0.444 -0.020 0.267 0.630 0.799 0.985 1.087 1.199 1.330 1.493 1.583 1.651 1.653 1.619 1.581 1.525 1.383 1.373 2.794 
4.500 40.000 -2.587 -2.302 -1.896 -1.673 -1.382 -0.961 -0.658 -0.236 0.051 0.414 0.584 0.770 0.873 0.986 1.118 1.283 1.374 1.441 1.441 1.404 1.363 1.304 1.153 1.142 2.618 
4.500 50.000 -2.749 -2.465 -2.060 -1.837 -1.547 -1.128 -0.825 -0.404 -0.117 0.245 0.415 0.602 0.704 0.817 0.951 1.116 1.207 1.274 1.273 1.233 1.190 1.129 0.973 0.961 2.479 
4.500 60.000 -2.820 -2.537 -2.133 -1.911 -1.622 -1.203 -0.902 -0.482 -0.197 0.162 0.331 0.515 0.615 0.726 0.855 1.014 1.100 1.160 1.157 1.116 1.073 1.012 0.859 0.848 2.375 
4.500 70.000 -2.879 -2.596 -2.193 -1.971 -1.683 -1.265 -0.965 -0.545 -0.260 0.100 0.269 0.454 0.556 0.668 0.800 0.963 1.051 1.113 1.109 1.066 1.021 0.957 0.796 0.784 2.285 
4.500 80.000 -2.914 -2.632 -2.230 -2.009 -1.721 -1.304 -1.004 -0.586 -0.301 0.058 0.227 0.412 0.513 0.626 0.757 0.919 1.006 1.067 1.061 1.016 0.970 0.904 0.739 0.726 2.213 
4.500 90.000 -2.941 -2.660 -2.258 -2.037 -1.750 -1.335 -1.035 -0.618 -0.334 0.024 0.193 0.377 0.478 0.590 0.720 0.881 0.967 1.025 1.018 0.971 0.924 0.857 0.690 0.677 2.149 
4.500 100.000 -2.965 -2.685 -2.284 -2.064 -1.777 -1.362 -1.064 -0.647 -0.364 -0.007 0.161 0.345 0.445 0.556 0.686 0.845 0.929 0.985 0.977 0.929 0.881 0.813 0.644 0.631 2.091 
4.500 110.000 -2.988 -2.708 -2.308 -2.088 -1.802 -1.388 -1.090 -0.675 -0.392 -0.036 0.131 0.314 0.414 0.525 0.653 0.810 0.893 0.947 0.938 0.888 0.839 0.771 0.601 0.588 2.037 
4.500 120.000 -3.009 -2.729 -2.331 -2.111 -1.826 -1.413 -1.115 -0.701 -0.419 -0.064 0.103 0.285 0.385 0.494 0.622 0.777 0.859 0.910 0.900 0.849 0.799 0.731 0.559 0.546 1.988 
4.500 130.000 -3.029 -2.750 -2.352 -2.133 -1.848 -1.436 -1.139 -0.726 -0.445 -0.091 0.074 0.255 0.353 0.461 0.586 0.737 0.815 0.862 0.851 0.798 0.749 0.680 0.511 0.498 1.941 
4.500 140.000 -3.049 -2.770 -2.373 -2.155 -1.870 -1.459 -1.164 -0.751 -0.471 -0.119 0.045 0.224 0.322 0.428 0.551 0.697 0.773 0.817 0.804 0.750 0.700 0.632 0.464 0.451 1.895 
4.500 150.000 -3.073 -2.795 -2.398 -2.180 -1.896 -1.486 -1.191 -0.779 -0.501 -0.150 0.014 0.192 0.288 0.394 0.514 0.658 0.732 0.773 0.758 0.704 0.654 0.586 0.419 0.406 1.851 
4.500 175.000 -3.128 -2.852 -2.457 -2.240 -1.958 -1.550 -1.256 -0.847 -0.571 -0.224 -0.063 0.112 0.205 0.306 0.420 0.554 0.619 0.651 0.633 0.577 0.526 0.458 0.295 0.283 1.749 
4.500 200.000 -3.179 -2.904 -2.511 -2.295 -2.014 -1.608 -1.316 -0.910 -0.635 -0.292 -0.133 0.037 0.128 0.225 0.333 0.456 0.515 0.538 0.517 0.458 0.407 0.340 0.181 0.170 1.657 
4.500 250.000 -3.279 -3.005 -2.615 -2.401 -2.122 -1.720 -1.431 -1.029 -0.759 -0.422 -0.268 -0.105 -0.019 0.070 0.167 0.273 0.319 0.329 0.303 0.242 0.192 0.126 -0.023 -0.034 1.510 
4.500 300.000 -3.365 -3.094 -2.707 -2.494 -2.217 -1.818 -1.532 -1.135 -0.868 -0.538 -0.389 -0.233 -0.152 -0.070 0.016 0.105 0.139 0.136 0.107 0.045 -0.004 -0.067 -0.207 -0.216 1.387 
4.500 350.000 -3.443 -3.173 -2.788 -2.577 -2.302 -1.906 -1.623 -1.230 -0.968 -0.644 -0.500 -0.351 -0.276 -0.202 -0.127 -0.055 -0.032 -0.046 -0.077 -0.140 -0.187 -0.247 -0.376 -0.384 1.278 
4.500 400.000 -3.514 -3.245 -2.863 -2.653 -2.380 -1.987 -1.706 -1.318 -1.059 -0.743 -0.603 -0.462 -0.393 -0.327 -0.263 -0.209 -0.197 -0.220 -0.253 -0.314 -0.359 -0.415 -0.534 -0.541 1.181 
4.500 450.000 -3.582 -3.315 -2.934 -2.725 -2.455 -2.065 -1.786 -1.403 -1.148 -0.840 -0.705 -0.573 -0.510 -0.453 -0.402 -0.367 -0.365 -0.399 -0.434 -0.493 -0.536 -0.588 -0.696 -0.702 1.125 
4.500 500.000 -3.644 -3.378 -3.000 -2.792 -2.523 -2.136 -1.860 -1.482 -1.231 -0.931 -0.803 -0.679 -0.624 -0.576 -0.538 -0.522 -0.532 -0.574 -0.610 -0.667 -0.707 -0.755 -0.852 -0.858 1.069 
4.500 600.000 -3.737 -3.474 -3.100 -2.895 -2.631 -2.252 -1.984 -1.619 -1.384 -1.112 -1.003 -0.911 -0.878 -0.860 -0.863 -0.894 -0.922 -0.962 -0.984 -1.015 -1.036 -1.062 -1.115 -1.118 0.962 
4.500 700.000 -3.835 -3.574 -3.204 -3.002 -2.740 -2.368 -2.105 -1.752 -1.527 -1.275 -1.181 -1.111 -1.095 -1.098 -1.128 -1.194 -1.239 -1.288 -1.308 -1.333 -1.349 -1.369 -1.409 -1.411 0.861 
4.500 800.000 -3.924 -3.665 -3.299 -3.098 -2.840 -2.474 -2.218 -1.876 -1.662 -1.432 -1.353 -1.307 -1.307 -1.331 -1.390 -1.489 -1.550 -1.607 -1.626 -1.645 -1.657 -1.671 -1.701 -1.702 0.767 
4.500 1000.000 -4.078 -3.824 -3.464 -3.268 -3.017 -2.664 -2.420 -2.103 -1.913 -1.730 -1.683 -1.685 -1.719 -1.788 -1.901 -2.063 -2.151 -2.220 -2.236 -2.246 -2.250 -2.256 -2.271 -2.272 0.596 
4.500 1200.000 -4.215 -3.964 -3.611 -3.419 -3.175 -2.835 -2.604 -2.312 -2.147 -2.011 -1.998 -2.050 -2.118 -2.229 -2.395 -2.616 -2.729 -2.812 -2.826 -2.830 -2.829 -2.830 -2.837 -2.837 0.400 
4.500 1500.000 -4.415 -4.169 -3.824 -3.639 -3.404 -3.084 -2.872 -2.620 -2.494 -2.432 -2.469 -2.594 -2.713 -2.887 -3.128 -3.432 -3.582 -3.685 -3.700 -3.699 -3.694 -3.690 -3.690 -3.690 0.135 
5.000 0.000 -0.161 0.134 0.553 0.783 1.079 1.499 1.791 2.174 2.413 2.681 2.794 2.911 2.973 3.043 3.124 3.223 3.279 3.328 3.336 3.325 3.308 3.281 3.212 3.207 4.350 
5.000 1.000 -0.196 0.099 0.518 0.748 1.045 1.465 1.756 2.140 2.379 2.649 2.762 2.880 2.944 3.015 3.098 3.201 3.260 3.312 3.322 3.312 3.295 3.268 3.199 3.194 4.301 
5.000 5.000 -0.567 -0.272 0.147 0.377 0.674 1.094 1.387 1.774 2.016 2.293 2.413 2.540 2.612 2.693 2.791 2.916 2.987 3.050 3.060 3.048 3.028 2.996 2.915 2.909 4.021 
5.000 10.000 -0.947 -0.653 -0.234 -0.005 0.292 0.713 1.007 1.395 1.639 1.922 2.045 2.180 2.256 2.344 2.452 2.589 2.666 2.727 2.733 2.710 2.682 2.641 2.537 2.530 3.769 
5.000 15.000 -1.210 -0.917 -0.498 -0.269 0.027 0.448 0.741 1.130 1.376 1.660 1.785 1.923 2.001 2.093 2.206 2.350 2.429 2.490 2.493 2.466 2.434 2.387 2.271 2.263 3.567 
5.000 20.000 -1.406 -1.113 -0.695 -0.466 -0.170 0.250 0.543 0.932 1.178 1.463 1.590 1.729 1.809 1.903 2.019 2.166 2.247 2.308 2.309 2.277 2.242 2.192 2.066 2.057 3.413 
5.000 25.000 -1.567 -1.275 -0.858 -0.629 -0.333 0.087 0.380 0.769 1.014 1.301 1.428 1.569 1.650 1.746 1.864 2.015 2.098 2.158 2.158 2.123 2.085 2.031 1.896 1.886 3.288 
5.000 30.000 -1.699 -1.407 -0.991 -0.762 -0.467 -0.048 0.245 0.634 0.880 1.167 1.295 1.437 1.519 1.616 1.737 1.890 1.975 2.035 2.034 1.996 1.957 1.900 1.758 1.748 3.185 
5.000 40.000 -1.904 -1.613 -1.198 -0.970 -0.676 -0.257 0.035 0.423 0.669 0.957 1.085 1.228 1.312 1.410 1.533 1.690 1.776 1.837 1.835 1.794 1.752 1.692 1.541 1.530 3.021 
5.000 50.000 -2.065 -1.774 -1.361 -1.133 -0.840 -0.422 -0.131 0.256 0.502 0.790 0.919 1.063 1.147 1.246 1.371 1.531 1.618 1.680 1.676 1.634 1.590 1.527 1.370 1.358 2.891 
5.000 60.000 -2.135 -1.846 -1.433 -1.206 -0.914 -0.498 -0.207 0.178 0.423 0.708 0.836 0.978 1.061 1.158 1.279 1.434 1.517 1.574 1.568 1.525 1.481 1.418 1.263 1.251 2.793 
5.000 70.000 -2.193 -1.904 -1.492 -1.266 -0.974 -0.559 -0.269 0.116 0.360 0.647 0.775 0.919 1.002 1.102 1.226 1.385 1.471 1.529 1.524 1.478 1.432 1.367 1.203 1.191 2.708 
5.000 80.000 -2.227 -1.939 -1.528 -1.303 -1.012 -0.598 -0.308 0.076 0.320 0.606 0.734 0.878 0.961 1.060 1.185 1.343 1.428 1.486 1.479 1.431 1.384 1.317 1.149 1.136 2.641 
5.000 90.000 -2.253 -1.965 -1.555 -1.331 -1.040 -0.627 -0.339 0.045 0.288 0.573 0.701 0.844 0.927 1.026 1.149 1.306 1.391 1.446 1.438 1.389 1.341 1.273 1.103 1.090 2.581 
5.000 100.000 -2.276 -1.989 -1.581 -1.356 -1.067 -0.655 -0.367 0.016 0.258 0.542 0.670 0.812 0.895 0.993 1.116 1.272 1.355 1.408 1.399 1.349 1.300 1.231 1.060 1.047 2.526 
5.000 110.000 -2.298 -2.012 -1.604 -1.380 -1.091 -0.680 -0.393 -0.011 0.231 0.514 0.641 0.783 0.865 0.963 1.084 1.238 1.320 1.372 1.362 1.310 1.260 1.191 1.018 1.005 2.477 
5.000 120.000 -2.318 -2.032 -1.625 -1.402 -1.114 -0.704 -0.417 -0.037 0.205 0.487 0.614 0.755 0.837 0.934 1.055 1.207 1.288 1.337 1.326 1.273 1.223 1.153 0.979 0.966 2.431 
5.000 130.000 -2.337 -2.052 -1.646 -1.423 -1.135 -0.726 -0.441 -0.061 0.179 0.460 0.586 0.725 0.806 0.901 1.020 1.168 1.246 1.292 1.279 1.225 1.175 1.105 0.933 0.920 2.387 
5.000 140.000 -2.356 -2.072 -1.667 -1.445 -1.157 -0.749 -0.464 -0.086 0.153 0.433 0.558 0.696 0.776 0.870 0.986 1.131 1.205 1.248 1.234 1.179 1.129 1.059 0.889 0.876 2.345 
5.000 150.000 -2.379 -2.095 -1.691 -1.469 -1.183 -0.775 -0.491 -0.114 0.125 0.403 0.527 0.665 0.744 0.837 0.951 1.093 1.166 1.206 1.191 1.136 1.085 1.016 0.846 0.834 2.304 
5.000 175.000 -2.432 -2.150 -1.748 -1.527 -1.242 -0.837 -0.555 -0.180 0.056 0.331 0.453 0.587 0.663 0.752 0.860 0.993 1.058 1.089 1.071 1.013 0.962 0.893 0.728 0.716 2.208 
5.000 200.000 -2.481 -2.200 -1.799 -1.580 -1.296 -0.894 -0.613 -0.241 -0.006 0.265 0.385 0.515 0.588 0.673 0.776 0.898 0.957 0.980 0.959 0.899 0.848 0.779 0.619 0.607 2.122 
5.000 250.000 -2.574 -2.295 -1.899 -1.681 -1.400 -1.001 -0.724 -0.356 -0.126 0.140 0.255 0.378 0.447 0.525 0.616 0.722 0.768 0.778 0.753 0.691 0.640 0.574 0.423 0.413 1.985 
5.000 300.000 -2.656 -2.379 -1.986 -1.770 -1.491 -1.096 -0.821 -0.458 -0.231 0.027 0.138 0.255 0.318 0.389 0.470 0.558 0.593 0.591 0.563 0.501 0.451 0.388 0.248 0.238 1.868 
5.000 350.000 -2.730 -2.455 -2.064 -1.850 -1.573 -1.182 -0.909 -0.551 -0.328 -0.076 0.031 0.140 0.198 0.261 0.331 0.402 0.427 0.414 0.383 0.322 0.275 0.215 0.086 0.077 1.766 
5.000 400.000 -2.798 -2.525 -2.136 -1.923 -1.649 -1.260 -0.991 -0.637 -0.418 -0.172 -0.070 0.032 0.085 0.140 0.198 0.253 0.267 0.245 0.213 0.153 0.108 0.052 -0.066 -0.073 1.679 
5.000 450.000 -2.859 -2.587 -2.201 -1.990 -1.717 -1.332 -1.065 -0.716 -0.500 -0.262 -0.166 -0.072 -0.025 0.021 0.067 0.104 0.107 0.076 0.042 -0.016 -0.059 -0.111 -0.218 -0.224 1.626 
5.000 500.000 -2.916 -2.646 -2.262 -2.052 -1.781 -1.399 -1.135 -0.790 -0.579 -0.349 -0.258 -0.172 -0.133 -0.095 -0.062 -0.044 -0.052 -0.091 -0.126 -0.182 -0.222 -0.269 -0.365 -0.371 1.573 
5.000 600.000 -3.000 -2.733 -2.354 -2.147 -1.881 -1.507 -1.250 -0.920 -0.722 -0.519 -0.447 -0.392 -0.374 -0.366 -0.371 -0.399 -0.425 -0.462 -0.483 -0.513 -0.535 -0.561 -0.613 -0.616 1.473 
5.000 700.000 -3.088 -2.824 -2.449 -2.245 -1.983 -1.615 -1.365 -1.045 -0.859 -0.676 -0.619 -0.587 -0.585 -0.599 -0.632 -0.695 -0.737 -0.781 -0.799 -0.821 -0.836 -0.855 -0.893 -0.895 1.379 
5.000 800.000 -3.172 -2.910 -2.539 -2.337 -2.078 -1.717 -1.473 -1.165 -0.989 -0.826 -0.784 -0.773 -0.787 -0.821 -0.881 -0.975 -1.032 -1.084 -1.101 -1.118 -1.129 -1.142 -1.171 -1.172 1.291 
5.000 1000.000 -3.320 -3.062 -2.698 -2.501 -2.249 -1.901 -1.668 -1.384 -1.232 -1.113 -1.101 -1.137 -1.184 -1.260 -1.373 -1.526 -1.608 -1.671 -1.684 -1.691 -1.694 -1.699 -1.714 -1.715 1.130 
5.000 1200.000 -3.453 -3.199 -2.842 -2.649 -2.404 -2.069 -1.850 -1.590 -1.462 -1.390 -1.411 -1.495 -1.575 -1.692 -1.857 -2.067 -2.174 -2.249 -2.261 -2.262 -2.260 -2.260 -2.266 -2.266 0.947 
5.000 1500.000 -3.646 -3.398 -3.050 -2.864 -2.629 -2.315 -2.115 -1.895 -1.805 -1.806 -1.876 -2.032 -2.162 -2.339 -2.575 -2.861 -2.999 -3.089 -3.099 -3.093 -3.086 -3.080 -3.078 -3.078 0.699 
5.500 0.000 0.261 0.552 0.963 1.187 1.472 1.867 2.131 2.461 2.653 2.861 2.950 3.050 3.108 3.177 3.259 3.359 3.411 3.447 3.446 3.421 3.395 3.358 3.270 3.265 4.532 
5.500 1.000 0.249 0.540 0.951 1.175 1.460 1.854 2.118 2.448 2.640 2.848 2.938 3.037 3.096 3.164 3.247 3.347 3.400 3.437 3.437 3.413 3.387 3.351 3.264 3.258 4.499 
5.500 5.000 0.023 0.313 0.724 0.948 1.233 1.628 1.892 2.224 2.418 2.632 2.725 2.832 2.895 2.972 3.066 3.183 3.246 3.295 3.297 3.274 3.248 3.209 3.115 3.109 4.283 
5.500 10.000 -0.285 0.005 0.415 0.639 0.924 1.319 1.584 1.916 2.113 2.331 2.427 2.539 2.608 2.690 2.793 2.924 2.995 3.048 3.050 3.024 2.994 2.951 2.845 2.838 4.062 
5.500 15.000 -0.522 -0.233 0.177 0.400 0.684 1.079 1.344 1.677 1.874 2.093 2.192 2.306 2.376 2.462 2.569 2.704 2.778 2.832 2.832 2.801 2.768 2.721 2.605 2.597 3.880 
5.500 20.000 -0.706 -0.417 -0.008 0.215 0.499 0.893 1.158 1.491 1.689 1.909 2.009 2.126 2.197 2.285 2.395 2.535 2.610 2.664 2.662 2.628 2.592 2.541 2.416 2.407 3.743 
5.500 25.000 -0.858 -0.570 -0.161 0.061 0.345 0.739 1.003 1.336 1.534 1.756 1.857 1.975 2.048 2.138 2.251 2.394 2.472 2.526 2.523 2.486 2.447 2.393 2.259 2.250 3.630 
5.500 30.000 -0.986 -0.698 -0.290 -0.068 0.215 0.608 0.873 1.206 1.404 1.627 1.729 1.849 1.923 2.014 2.130 2.277 2.357 2.412 2.408 2.369 2.328 2.271 2.131 2.120 3.536 
5.500 40.000 -1.184 -0.897 -0.491 -0.269 0.013 0.406 0.669 1.002 1.201 1.425 1.527 1.649 1.725 1.818 1.937 2.089 2.172 2.228 2.223 2.181 2.138 2.077 1.926 1.915 3.387 
5.500 50.000 -1.341 -1.055 -0.649 -0.429 -0.147 0.244 0.507 0.840 1.038 1.263 1.366 1.489 1.566 1.661 1.783 1.939 2.023 2.081 2.076 2.032 1.987 1.924 1.765 1.753 3.269 
5.500 60.000 -1.410 -1.125 -0.721 -0.501 -0.221 0.169 0.432 0.762 0.960 1.183 1.285 1.407 1.483 1.576 1.695 1.848 1.929 1.984 1.977 1.931 1.886 1.823 1.665 1.653 3.180 
5.500 70.000 -1.466 -1.182 -0.779 -0.560 -0.280 0.109 0.371 0.702 0.899 1.123 1.226 1.349 1.427 1.522 1.644 1.802 1.886 1.943 1.936 1.889 1.842 1.776 1.609 1.597 3.103 
5.500 80.000 -1.499 -1.216 -0.814 -0.596 -0.316 0.072 0.333 0.663 0.860 1.083 1.186 1.310 1.387 1.482 1.605 1.762 1.847 1.902 1.894 1.845 1.797 1.729 1.559 1.546 3.042 
5.500 90.000 -1.524 -1.241 -0.841 -0.622 -0.344 0.043 0.303 0.632 0.829 1.052 1.154 1.277 1.354 1.449 1.571 1.727 1.811 1.865 1.856 1.806 1.757 1.688 1.516 1.502 2.989 
5.500 100.000 -1.546 -1.264 -0.865 -0.647 -0.369 0.017 0.276 0.604 0.800 1.022 1.125 1.247 1.324 1.418 1.540 1.695 1.777 1.829 1.819 1.768 1.718 1.648 1.475 1.461 2.940 
5.500 110.000 -1.566 -1.285 -0.887 -0.670 -0.393 -0.008 0.251 0.578 0.774 0.995 1.097 1.219 1.295 1.389 1.510 1.663 1.745 1.795 1.784 1.731 1.681 1.611 1.436 1.423 2.896 
5.500 120.000 -1.586 -1.305 -0.908 -0.691 -0.415 -0.031 0.228 0.554 0.749 0.969 1.071 1.192 1.268 1.362 1.481 1.633 1.713 1.762 1.750 1.696 1.645 1.575 1.399 1.385 2.856 
5.500 130.000 -1.604 -1.324 -0.928 -0.712 -0.436 -0.053 0.204 0.530 0.724 0.943 1.044 1.164 1.239 1.331 1.448 1.597 1.674 1.720 1.707 1.652 1.601 1.530 1.356 1.342 2.817 
5.500 140.000 -1.623 -1.344 -0.948 -0.733 -0.458 -0.076 0.181 0.505 0.698 0.917 1.017 1.135 1.209 1.300 1.415 1.560 1.636 1.678 1.664 1.608 1.557 1.487 1.314 1.301 2.779 
5.500 150.000 -1.645 -1.366 -0.972 -0.757 -0.482 -0.101 0.155 0.478 0.671 0.888 0.987 1.105 1.178 1.268 1.382 1.525 1.598 1.638 1.623 1.567 1.516 1.446 1.274 1.261 2.743 
5.500 175.000 -1.697 -1.420 -1.027 -0.814 -0.541 -0.162 0.092 0.413 0.604 0.818 0.915 1.030 1.100 1.186 1.294 1.428 1.494 1.526 1.508 1.450 1.399 1.329 1.161 1.149 2.657 
5.500 200.000 -1.744 -1.468 -1.078 -0.865 -0.594 -0.218 0.035 0.353 0.542 0.753 0.848 0.960 1.028 1.110 1.213 1.337 1.397 1.421 1.400 1.341 1.289 1.220 1.057 1.045 2.579 
5.500 250.000 -1.834 -1.561 -1.174 -0.964 -0.695 -0.323 -0.073 0.241 0.426 0.631 0.722 0.827 0.891 0.966 1.058 1.166 1.215 1.227 1.202 1.141 1.090 1.023 0.871 0.860 2.449 
5.500 300.000 -1.913 -1.643 -1.259 -1.050 -0.784 -0.415 -0.168 0.141 0.323 0.522 0.609 0.708 0.766 0.834 0.916 1.007 1.045 1.046 1.018 0.957 0.908 0.844 0.703 0.693 2.339 
5.500 350.000 -1.984 -1.715 -1.334 -1.127 -0.863 -0.498 -0.254 0.051 0.230 0.423 0.505 0.597 0.650 0.711 0.781 0.856 0.883 0.874 0.844 0.784 0.737 0.677 0.548 0.539 2.247 
5.500 400.000 -2.048 -1.781 -1.403 -1.198 -0.936 -0.574 -0.333 -0.032 0.143 0.330 0.408 0.492 0.539 0.592 0.652 0.709 0.726 0.708 0.677 0.619 0.575 0.520 0.403 0.395 2.165 
5.500 450.000 -2.104 -1.839 -1.463 -1.260 -1.000 -0.641 -0.402 -0.106 0.065 0.245 0.317 0.394 0.435 0.479 0.526 0.566 0.572 0.545 0.513 0.457 0.416 0.365 0.260 0.253 2.104 
5.500 500.000 -2.156 -1.892 -1.519 -1.317 -1.059 -0.704 -0.467 -0.175 -0.009 0.163 0.230 0.298 0.332 0.367 0.401 0.422 0.418 0.383 0.351 0.298 0.260 0.214 0.121 0.115 2.045 
5.500 600.000 -2.231 -1.971 -1.603 -1.404 -1.151 -0.804 -0.575 -0.298 -0.145 -0.001 0.046 0.083 0.095 0.100 0.095 0.071 0.049 0.019 0.003 -0.022 -0.040 -0.064 -0.111 -0.114 1.941 
5.500 700.000 -2.316 -2.059 -1.695 -1.498 -1.249 -0.908 -0.685 -0.419 -0.276 -0.150 -0.116 -0.100 -0.103 -0.117 -0.149 -0.205 -0.242 -0.279 -0.294 -0.313 -0.326 -0.343 -0.379 -0.380 1.845 
5.500 800.000 -2.395 -2.140 -1.780 -1.586 -1.340 -1.006 -0.789 -0.533 -0.401 -0.296 -0.276 -0.282 -0.301 -0.336 -0.393 -0.480 -0.530 -0.573 -0.585 -0.597 -0.605 -0.617 -0.642 -0.643 1.757 
5.500 1000.000 -2.533 -2.283 -1.931 -1.741 -1.503 -1.182 -0.977 -0.744 -0.635 -0.572 -0.583 -0.634 -0.685 -0.760 -0.868 -1.012 -1.087 -1.140 -1.149 -1.151 -1.152 -1.156 -1.168 -1.168 1.597 
5.500 1200.000 -2.660 -2.413 -2.068 -1.883 -1.652 -1.345 -1.153 -0.946 -0.861 -0.845 -0.888 -0.987 -1.071 -1.186 -1.344 -1.540 -1.635 -1.694 -1.699 -1.693 -1.688 -1.685 -1.688 -1.689 1.427 
5.500 1500.000 -2.851 -2.610 -2.275 -2.097 -1.876 -1.587 -1.414 -1.244 -1.195 -1.247 -1.336 -1.503 -1.632 -1.804 -2.028 -2.294 -2.418 -2.491 -2.495 -2.482 -2.473 -2.465 -2.462 -2.462 1.196 
6.000 0.000 0.713 0.988 1.375 1.583 1.844 2.195 2.420 2.688 2.839 3.003 3.078 3.168 3.224 3.290 3.370 3.464 3.511 3.537 3.530 3.498 3.467 3.426 3.329 3.323 4.643 
6.000 1.000 0.715 0.990 1.377 1.584 1.845 2.196 2.421 2.689 2.839 3.003 3.078 3.168 3.224 3.290 3.370 3.463 3.509 3.536 3.528 3.496 3.466 3.425 3.329 3.323 4.619 
6.000 5.000 0.595 0.870 1.256 1.463 1.724 2.073 2.298 2.565 2.715 2.877 2.952 3.041 3.095 3.160 3.239 3.331 3.377 3.406 3.400 3.371 3.343 3.304 3.213 3.207 4.457 
6.000 10.000 0.375 0.649 1.034 1.241 1.501 1.850 2.075 2.342 2.492 2.655 2.730 2.820 2.875 2.941 3.021 3.115 3.162 3.190 3.183 3.151 3.121 3.080 2.985 2.979 4.274 
6.000 15.000 0.172 0.446 0.831 1.037 1.296 1.645 1.870 2.137 2.287 2.451 2.527 2.618 2.675 2.743 2.825 2.921 2.969 2.995 2.986 2.951 2.919 2.875 2.775 2.768 4.121 
6.000 20.000 0.007 0.281 0.664 0.870 1.130 1.478 1.702 1.969 2.120 2.286 2.363 2.456 2.514 2.584 2.669 2.769 2.818 2.843 2.833 2.794 2.760 2.713 2.605 2.598 4.003 
6.000 25.000 -0.132 0.141 0.524 0.729 0.988 1.336 1.560 1.828 1.979 2.146 2.224 2.320 2.379 2.451 2.539 2.643 2.693 2.718 2.706 2.665 2.628 2.578 2.463 2.455 3.902 
6.000 30.000 -0.253 0.019 0.402 0.607 0.865 1.213 1.437 1.705 1.857 2.025 2.104 2.202 2.263 2.337 2.428 2.536 2.589 2.614 2.601 2.557 2.518 2.465 2.344 2.336 3.817 
6.000 40.000 -0.445 -0.174 0.207 0.412 0.670 1.016 1.240 1.508 1.660 1.831 1.912 2.012 2.076 2.153 2.249 2.363 2.419 2.446 2.431 2.384 2.341 2.285 2.153 2.144 3.681 
6.000 50.000 -0.599 -0.328 0.052 0.256 0.513 0.859 1.082 1.350 1.503 1.675 1.757 1.859 1.924 2.004 2.104 2.224 2.283 2.311 2.296 2.246 2.201 2.141 2.001 1.992 3.573 
6.000 60.000 -0.667 -0.397 -0.019 0.185 0.441 0.785 1.008 1.275 1.427 1.598 1.679 1.781 1.845 1.924 2.022 2.140 2.197 2.223 2.206 2.155 2.110 2.050 1.910 1.900 3.493 
6.000 70.000 -0.723 -0.454 -0.076 0.126 0.382 0.726 0.948 1.215 1.367 1.540 1.622 1.726 1.793 1.874 1.976 2.100 2.160 2.188 2.171 2.117 2.070 2.007 1.857 1.847 3.423 
6.000 80.000 -0.755 -0.487 -0.111 0.092 0.346 0.689 0.911 1.177 1.329 1.501 1.584 1.689 1.755 1.837 1.940 2.064 2.125 2.152 2.134 2.078 2.029 1.964 1.810 1.799 3.369 
6.000 90.000 -0.779 -0.512 -0.137 0.065 0.319 0.661 0.882 1.147 1.299 1.471 1.554 1.658 1.725 1.806 1.908 2.032 2.092 2.118 2.099 2.042 1.992 1.926 1.770 1.758 3.320 
6.000 100.000 -0.800 -0.534 -0.160 0.041 0.294 0.635 0.856 1.121 1.272 1.443 1.526 1.630 1.696 1.777 1.879 2.002 2.061 2.085 2.065 2.007 1.957 1.889 1.732 1.720 3.277 
6.000 110.000 -0.820 -0.554 -0.181 0.019 0.272 0.612 0.831 1.095 1.246 1.417 1.499 1.603 1.669 1.750 1.851 1.972 2.031 2.054 2.032 1.973 1.922 1.854 1.695 1.684 3.238 
6.000 120.000 -0.838 -0.573 -0.201 -0.001 0.251 0.590 0.809 1.072 1.223 1.393 1.475 1.578 1.643 1.724 1.824 1.944 2.001 2.023 2.001 1.940 1.889 1.821 1.661 1.649 3.203 
6.000 130.000 -0.856 -0.591 -0.220 -0.021 0.230 0.568 0.786 1.049 1.198 1.367 1.449 1.550 1.615 1.694 1.792 1.909 1.964 1.982 1.959 1.899 1.847 1.779 1.621 1.610 3.168 
6.000 140.000 -0.875 -0.611 -0.241 -0.042 0.208 0.545 0.763 1.024 1.173 1.341 1.422 1.522 1.586 1.664 1.760 1.874 1.927 1.943 1.920 1.858 1.807 1.739 1.582 1.571 3.133 
6.000 150.000 -0.896 -0.633 -0.264 -0.066 0.184 0.520 0.737 0.998 1.146 1.313 1.393 1.493 1.556 1.633 1.728 1.840 1.891 1.906 1.882 1.820 1.769 1.701 1.545 1.534 3.100 
6.000 175.000 -0.946 -0.685 -0.318 -0.121 0.127 0.461 0.676 0.934 1.081 1.245 1.323 1.419 1.480 1.553 1.642 1.746 1.791 1.799 1.772 1.709 1.658 1.591 1.439 1.429 3.023 
6.000 200.000 -0.993 -0.733 -0.368 -0.172 0.075 0.406 0.620 0.876 1.021 1.182 1.258 1.350 1.408 1.478 1.562 1.657 1.696 1.697 1.669 1.605 1.554 1.488 1.341 1.331 2.953 
6.000 250.000 -1.078 -0.821 -0.460 -0.266 -0.022 0.306 0.517 0.768 0.909 1.065 1.136 1.222 1.275 1.338 1.411 1.490 1.518 1.509 1.477 1.414 1.364 1.302 1.165 1.156 2.832 
6.000 300.000 -1.153 -0.898 -0.541 -0.348 -0.107 0.217 0.425 0.672 0.810 0.959 1.027 1.106 1.154 1.209 1.271 1.334 1.352 1.333 1.300 1.237 1.190 1.131 1.005 0.997 2.731 
6.000 350.000 -1.221 -0.968 -0.613 -0.423 -0.184 0.137 0.342 0.585 0.720 0.862 0.925 0.997 1.039 1.086 1.138 1.184 1.192 1.165 1.131 1.071 1.026 0.972 0.857 0.850 2.643 
6.000 400.000 -1.283 -1.032 -0.680 -0.491 -0.255 0.063 0.266 0.504 0.635 0.771 0.829 0.893 0.929 0.969 1.009 1.038 1.037 1.004 0.970 0.912 0.871 0.821 0.718 0.712 2.566 
6.000 450.000 -1.336 -1.087 -0.738 -0.551 -0.316 -0.002 0.199 0.433 0.560 0.688 0.741 0.797 0.826 0.857 0.885 0.897 0.887 0.846 0.812 0.758 0.720 0.674 0.583 0.577 2.501 
6.000 500.000 -1.386 -1.138 -0.792 -0.606 -0.373 -0.062 0.136 0.365 0.488 0.609 0.655 0.702 0.725 0.747 0.761 0.757 0.737 0.691 0.657 0.607 0.573 0.532 0.451 0.447 2.441 
6.000 600.000 -1.458 -1.214 -0.872 -0.690 -0.462 -0.159 0.031 0.246 0.355 0.449 0.476 0.493 0.494 0.487 0.465 0.419 0.386 0.348 0.330 0.306 0.289 0.269 0.227 0.224 2.334 
6.000 700.000 -1.541 -1.299 -0.962 -0.782 -0.558 -0.262 -0.077 0.128 0.228 0.303 0.317 0.314 0.301 0.275 0.228 0.153 0.107 0.062 0.046 0.028 0.016 0.001 -0.031 -0.032 2.236 
6.000 800.000 -1.615 -1.376 -1.043 -0.866 -0.645 -0.355 -0.177 0.018 0.106 0.161 0.161 0.136 0.107 0.061 -0.010 -0.114 -0.172 -0.220 -0.233 -0.244 -0.251 -0.260 -0.282 -0.283 2.149 
6.000 1000.000 -1.749 -1.515 -1.189 -1.017 -0.803 -0.526 -0.359 -0.188 -0.120 -0.107 -0.136 -0.205 -0.265 -0.349 -0.469 -0.626 -0.707 -0.764 -0.773 -0.775 -0.775 -0.777 -0.788 -0.788 1.992 
6.000 1200.000 -1.873 -1.643 -1.325 -1.157 -0.951 -0.687 -0.533 -0.385 -0.342 -0.374 -0.435 -0.550 -0.641 -0.764 -0.930 -1.136 -1.235 -1.296 -1.301 -1.295 -1.290 -1.286 -1.288 -1.288 1.831 
6.000 1500.000 -2.064 -1.840 -1.531 -1.370 -1.173 -0.928 -0.792 -0.680 -0.671 -0.767 -0.872 -1.052 -1.186 -1.362 -1.591 -1.862 -1.988 -2.063 -2.066 -2.054 -2.045 -2.037 -2.033 -2.033 1.614 
6.500 0.000 1.168 1.419 1.768 1.952 2.180 2.476 2.660 2.872 2.989 3.124 3.191 3.275 3.327 3.389 3.464 3.548 3.587 3.604 3.593 3.556 3.524 3.481 3.383 3.377 4.705 
6.500 1.000 1.181 1.432 1.781 1.965 2.192 2.489 2.673 2.884 3.001 3.135 3.202 3.285 3.337 3.399 3.472 3.555 3.593 3.610 3.598 3.561 3.529 3.486 3.389 3.383 4.682 
6.500 5.000 1.124 1.375 1.722 1.906 2.132 2.428 2.610 2.819 2.934 3.063 3.126 3.204 3.252 3.308 3.373 3.445 3.477 3.492 3.481 3.449 3.420 3.382 3.295 3.290 4.556 
6.500 10.000 0.981 1.231 1.577 1.760 1.986 2.280 2.462 2.669 2.782 2.908 2.969 3.043 3.087 3.139 3.198 3.262 3.290 3.299 3.288 3.256 3.228 3.190 3.107 3.102 4.413 
6.500 15.000 0.820 1.070 1.415 1.598 1.823 2.116 2.297 2.504 2.617 2.743 2.803 2.877 2.921 2.973 3.031 3.094 3.120 3.127 3.114 3.081 3.052 3.013 2.929 2.924 4.290 
6.500 20.000 0.679 0.927 1.272 1.455 1.680 1.973 2.153 2.360 2.474 2.601 2.662 2.737 2.783 2.835 2.896 2.961 2.987 2.993 2.978 2.942 2.911 2.870 2.781 2.776 4.190 
6.500 25.000 0.550 0.799 1.143 1.325 1.550 1.842 2.023 2.230 2.345 2.473 2.536 2.613 2.661 2.716 2.780 2.848 2.877 2.882 2.866 2.827 2.794 2.751 2.656 2.651 4.101 
6.500 30.000 0.437 0.685 1.029 1.210 1.435 1.727 1.908 2.116 2.231 2.361 2.425 2.505 2.554 2.612 2.680 2.753 2.783 2.789 2.772 2.730 2.695 2.650 2.549 2.543 4.025 
6.500 40.000 0.254 0.501 0.844 1.025 1.249 1.540 1.721 1.930 2.046 2.179 2.245 2.329 2.381 2.443 2.516 2.597 2.631 2.637 2.618 2.572 2.534 2.484 2.374 2.367 3.901 
6.500 50.000 0.108 0.354 0.695 0.876 1.099 1.390 1.571 1.780 1.896 2.032 2.100 2.186 2.240 2.305 2.383 2.470 2.507 2.515 2.495 2.446 2.405 2.352 2.235 2.227 3.802 
6.500 60.000 0.041 0.287 0.627 0.807 1.029 1.319 1.499 1.707 1.823 1.958 2.026 2.112 2.166 2.231 2.308 2.394 2.431 2.437 2.416 2.366 2.325 2.271 2.152 2.144 3.728 
6.500 70.000 -0.014 0.231 0.570 0.749 0.971 1.260 1.440 1.649 1.766 1.903 1.973 2.062 2.118 2.186 2.268 2.361 2.401 2.409 2.386 2.333 2.289 2.231 2.103 2.094 3.665 
6.500 80.000 -0.046 0.198 0.536 0.715 0.936 1.225 1.404 1.612 1.729 1.867 1.937 2.027 2.084 2.153 2.236 2.330 2.370 2.377 2.353 2.297 2.252 2.192 2.059 2.050 3.616 
6.500 90.000 -0.068 0.174 0.511 0.689 0.910 1.198 1.377 1.584 1.701 1.838 1.908 1.998 2.055 2.124 2.208 2.302 2.342 2.347 2.323 2.265 2.218 2.158 2.022 2.013 3.574 
6.500 100.000 -0.089 0.153 0.488 0.666 0.886 1.173 1.351 1.558 1.675 1.812 1.882 1.971 2.029 2.097 2.181 2.274 2.314 2.318 2.292 2.234 2.186 2.124 1.987 1.977 3.535 
6.500 110.000 -0.108 0.133 0.468 0.645 0.864 1.150 1.328 1.534 1.651 1.788 1.857 1.947 2.003 2.072 2.155 2.247 2.286 2.289 2.262 2.203 2.154 2.092 1.953 1.944 3.501 
6.500 120.000 -0.125 0.115 0.449 0.626 0.844 1.129 1.307 1.512 1.628 1.764 1.834 1.923 1.979 2.047 2.129 2.221 2.259 2.260 2.233 2.172 2.123 2.061 1.921 1.911 3.470 
6.500 130.000 -0.144 0.096 0.429 0.605 0.823 1.107 1.284 1.489 1.604 1.739 1.808 1.896 1.951 2.018 2.099 2.187 2.223 2.223 2.195 2.134 2.085 2.023 1.884 1.875 3.437 
6.500 140.000 -0.162 0.077 0.409 0.584 0.801 1.085 1.261 1.465 1.580 1.714 1.782 1.869 1.923 1.989 2.068 2.154 2.189 2.186 2.158 2.097 2.048 1.986 1.849 1.840 3.405 
6.500 150.000 -0.183 0.055 0.386 0.562 0.778 1.061 1.236 1.440 1.554 1.687 1.755 1.841 1.895 1.960 2.038 2.122 2.155 2.152 2.123 2.062 2.013 1.951 1.814 1.805 3.377 
6.500 175.000 -0.232 0.005 0.334 0.508 0.723 1.003 1.177 1.378 1.491 1.621 1.687 1.769 1.821 1.882 1.955 2.031 2.059 2.049 2.019 1.957 1.909 1.849 1.716 1.707 3.308 
6.500 200.000 -0.278 -0.042 0.285 0.458 0.671 0.950 1.122 1.321 1.432 1.559 1.623 1.702 1.751 1.809 1.876 1.944 1.966 1.952 1.920 1.859 1.811 1.752 1.624 1.615 3.244 
6.500 250.000 -0.361 -0.128 0.195 0.366 0.577 0.851 1.021 1.216 1.324 1.445 1.504 1.577 1.621 1.671 1.728 1.781 1.794 1.771 1.738 1.677 1.632 1.575 1.457 1.450 3.132 
6.500 300.000 -0.434 -0.204 0.116 0.285 0.494 0.765 0.932 1.123 1.227 1.342 1.397 1.462 1.501 1.544 1.590 1.627 1.631 1.601 1.567 1.508 1.466 1.413 1.305 1.299 3.038 
6.500 350.000 -0.500 -0.271 0.046 0.213 0.419 0.687 0.852 1.039 1.139 1.247 1.297 1.355 1.387 1.423 1.457 1.479 1.474 1.438 1.404 1.348 1.309 1.261 1.165 1.159 2.956 
6.500 400.000 -0.559 -0.333 -0.019 0.147 0.351 0.616 0.778 0.960 1.057 1.158 1.203 1.252 1.279 1.305 1.328 1.334 1.321 1.280 1.247 1.196 1.160 1.117 1.032 1.027 2.883 
6.500 450.000 -0.611 -0.387 -0.075 0.089 0.291 0.553 0.712 0.890 0.983 1.076 1.115 1.156 1.176 1.193 1.204 1.194 1.172 1.127 1.095 1.048 1.016 0.978 0.903 0.899 2.818 
6.500 500.000 -0.660 -0.436 -0.128 0.035 0.235 0.494 0.651 0.824 0.912 0.998 1.030 1.061 1.075 1.083 1.081 1.055 1.026 0.977 0.947 0.904 0.876 0.842 0.777 0.774 2.758 
6.500 600.000 -0.729 -0.509 -0.206 -0.046 0.149 0.399 0.549 0.708 0.782 0.841 0.854 0.855 0.847 0.828 0.792 0.730 0.690 0.651 0.637 0.619 0.607 0.591 0.557 0.556 2.652 
6.500 700.000 -0.811 -0.593 -0.294 -0.137 0.055 0.299 0.443 0.592 0.657 0.697 0.698 0.679 0.657 0.619 0.560 0.471 0.420 0.377 0.365 0.353 0.346 0.335 0.311 0.309 2.553 
6.500 800.000 -0.881 -0.667 -0.371 -0.217 -0.029 0.209 0.347 0.485 0.540 0.559 0.545 0.504 0.467 0.410 0.327 0.212 0.151 0.107 0.098 0.094 0.091 0.086 0.070 0.069 2.467 
6.500 1000.000 -1.013 -0.803 -0.515 -0.365 -0.184 0.041 0.168 0.284 0.317 0.295 0.252 0.169 0.102 0.008 -0.121 -0.285 -0.365 -0.416 -0.421 -0.416 -0.414 -0.413 -0.418 -0.419 2.314 
6.500 1200.000 -1.138 -0.933 -0.652 -0.506 -0.332 -0.119 -0.004 0.089 0.100 0.037 -0.035 -0.161 -0.257 -0.386 -0.557 -0.765 -0.862 -0.919 -0.920 -0.910 -0.903 -0.897 -0.897 -0.897 2.162 
6.500 1500.000 -1.316 -1.116 -0.845 -0.707 -0.542 -0.349 -0.253 -0.198 -0.224 -0.357 -0.476 -0.669 -0.810 -0.993 -1.225 -1.494 -1.612 -1.675 -1.672 -1.653 -1.640 -1.630 -1.622 -1.623 1.959 
7.000 0.000 1.593 1.813 2.114 2.271 2.461 2.702 2.848 3.013 3.108 3.224 3.286 3.364 3.413 3.470 3.537 3.609 3.640 3.649 3.634 3.596 3.564 3.520 3.425 3.419 4.774 
7.000 1.000 1.611 1.831 2.132 2.288 2.478 2.719 2.865 3.030 3.125 3.241 3.301 3.379 3.427 3.484 3.550 3.621 3.651 3.659 3.643 3.605 3.572 3.529 3.434 3.428 4.745 
7.000 5.000 1.584 1.804 2.104 2.260 2.449 2.688 2.832 2.995 3.086 3.196 3.253 3.323 3.366 3.415 3.470 3.527 3.550 3.553 3.540 3.506 3.477 3.439 3.355 3.350 4.634 
7.000 10.000 1.492 1.711 2.010 2.165 2.353 2.591 2.734 2.893 2.982 3.087 3.139 3.202 3.240 3.282 3.328 3.371 3.386 3.384 3.370 3.337 3.310 3.275 3.198 3.194 4.513 
7.000 15.000 1.369 1.588 1.886 2.040 2.228 2.465 2.607 2.766 2.854 2.957 3.008 3.070 3.106 3.146 3.189 3.229 3.242 3.238 3.223 3.190 3.164 3.129 3.053 3.049 4.409 
7.000 20.000 1.254 1.472 1.769 1.924 2.111 2.348 2.489 2.648 2.736 2.840 2.891 2.954 2.991 3.032 3.075 3.116 3.128 3.123 3.107 3.073 3.045 3.008 2.930 2.926 4.321 
7.000 25.000 1.146 1.363 1.660 1.814 2.001 2.237 2.379 2.538 2.627 2.731 2.784 2.848 2.886 2.929 2.975 3.018 3.031 3.025 3.008 2.972 2.942 2.905 2.823 2.819 4.244 
7.000 30.000 1.047 1.264 1.560 1.714 1.901 2.137 2.279 2.438 2.528 2.634 2.688 2.754 2.794 2.838 2.887 2.934 2.949 2.942 2.924 2.886 2.855 2.815 2.730 2.725 4.178 
7.000 40.000 0.879 1.095 1.390 1.544 1.730 1.966 2.107 2.268 2.358 2.468 2.524 2.594 2.637 2.686 2.740 2.794 2.813 2.807 2.787 2.744 2.710 2.667 2.573 2.568 4.068 
7.000 50.000 0.746 0.961 1.255 1.408 1.594 1.829 1.971 2.132 2.223 2.335 2.393 2.466 2.511 2.563 2.622 2.682 2.703 2.698 2.676 2.630 2.594 2.548 2.448 2.442 3.981 
7.000 60.000 0.682 0.897 1.189 1.342 1.527 1.761 1.903 2.063 2.155 2.266 2.324 2.398 2.443 2.496 2.555 2.615 2.636 2.630 2.607 2.560 2.523 2.476 2.374 2.368 3.914 
7.000 70.000 0.629 0.843 1.135 1.286 1.471 1.705 1.847 2.008 2.100 2.215 2.275 2.352 2.400 2.456 2.521 2.588 2.612 2.607 2.582 2.531 2.491 2.440 2.329 2.322 3.856 
7.000 80.000 0.599 0.811 1.102 1.254 1.438 1.671 1.812 1.974 2.066 2.181 2.242 2.321 2.369 2.427 2.493 2.562 2.587 2.580 2.554 2.501 2.459 2.405 2.290 2.282 3.813 
7.000 90.000 0.575 0.788 1.078 1.228 1.412 1.645 1.785 1.946 2.039 2.154 2.215 2.294 2.343 2.401 2.468 2.537 2.562 2.554 2.527 2.472 2.429 2.374 2.256 2.249 3.774 
7.000 100.000 0.554 0.766 1.055 1.205 1.388 1.620 1.760 1.921 2.014 2.129 2.190 2.269 2.318 2.376 2.443 2.513 2.537 2.528 2.501 2.444 2.400 2.344 2.224 2.216 3.739 
7.000 110.000 0.536 0.746 1.035 1.184 1.367 1.598 1.738 1.898 1.990 2.105 2.166 2.245 2.294 2.352 2.419 2.489 2.513 2.502 2.474 2.416 2.371 2.315 2.193 2.185 3.708 
7.000 120.000 0.517 0.727 1.014 1.164 1.345 1.576 1.716 1.875 1.967 2.082 2.143 2.221 2.270 2.328 2.395 2.464 2.487 2.476 2.447 2.388 2.343 2.286 2.163 2.155 3.679 
7.000 130.000 0.499 0.708 0.995 1.144 1.325 1.554 1.693 1.852 1.944 2.058 2.118 2.195 2.244 2.301 2.366 2.433 2.454 2.442 2.412 2.354 2.309 2.252 2.130 2.122 3.649 
7.000 140.000 0.481 0.689 0.975 1.123 1.304 1.533 1.671 1.830 1.921 2.033 2.093 2.170 2.217 2.273 2.337 2.402 2.423 2.409 2.379 2.320 2.275 2.219 2.098 2.090 3.620 
7.000 150.000 0.460 0.669 0.953 1.101 1.281 1.510 1.648 1.805 1.896 2.008 2.067 2.143 2.190 2.246 2.309 2.372 2.392 2.377 2.347 2.288 2.243 2.187 2.066 2.059 3.594 
7.000 175.000 0.412 0.619 0.902 1.049 1.227 1.454 1.590 1.746 1.835 1.944 2.001 2.074 2.119 2.170 2.229 2.285 2.300 2.280 2.249 2.190 2.146 2.091 1.975 1.968 3.530 
7.000 200.000 0.368 0.573 0.854 1.000 1.177 1.402 1.537 1.691 1.778 1.885 1.940 2.009 2.051 2.100 2.153 2.201 2.212 2.189 2.157 2.098 2.055 2.001 1.889 1.882 3.471 
7.000 250.000 0.285 0.488 0.765 0.909 1.084 1.305 1.438 1.588 1.672 1.773 1.824 1.887 1.924 1.965 2.009 2.043 2.046 2.016 1.983 1.927 1.886 1.836 1.732 1.726 3.367 
7.000 300.000 0.214 0.415 0.689 0.831 1.004 1.222 1.352 1.498 1.579 1.673 1.720 1.775 1.807 1.841 1.874 1.894 1.889 1.853 1.821 1.767 1.729 1.683 1.589 1.583 3.282 
7.000 350.000 0.149 0.348 0.619 0.760 0.931 1.146 1.274 1.416 1.493 1.580 1.622 1.669 1.695 1.721 1.743 1.749 1.735 1.696 1.664 1.614 1.580 1.538 1.455 1.450 3.206 
7.000 400.000 0.091 0.287 0.556 0.695 0.864 1.076 1.202 1.339 1.413 1.493 1.529 1.568 1.588 1.606 1.616 1.607 1.587 1.544 1.514 1.469 1.438 1.401 1.328 1.324 3.139 
7.000 450.000 0.037 0.232 0.499 0.636 0.803 1.012 1.135 1.269 1.338 1.410 1.441 1.471 1.484 1.493 1.492 1.468 1.441 1.395 1.367 1.326 1.299 1.267 1.204 1.200 3.076 
7.000 500.000 -0.012 0.182 0.446 0.582 0.747 0.953 1.073 1.203 1.268 1.331 1.356 1.377 1.383 1.383 1.369 1.331 1.297 1.250 1.224 1.189 1.165 1.137 1.083 1.080 3.018 
7.000 600.000 -0.083 0.107 0.366 0.500 0.660 0.858 0.971 1.086 1.137 1.174 1.179 1.170 1.156 1.129 1.083 1.012 0.970 0.935 0.925 0.913 0.905 0.893 0.866 0.865 2.915 
7.000 700.000 -0.165 0.023 0.278 0.409 0.566 0.758 0.866 0.972 1.014 1.032 1.025 0.997 0.969 0.925 0.858 0.762 0.711 0.672 0.664 0.658 0.654 0.647 0.628 0.627 2.819 
7.000 800.000 -0.238 -0.052 0.199 0.327 0.481 0.667 0.770 0.865 0.897 0.896 0.874 0.826 0.783 0.721 0.632 0.513 0.453 0.413 0.409 0.409 0.409 0.406 0.394 0.394 2.736 
7.000 1000.000 -0.373 -0.192 0.052 0.176 0.323 0.498 0.590 0.665 0.677 0.638 0.589 0.501 0.431 0.334 0.203 0.039 -0.039 -0.086 -0.087 -0.080 -0.076 -0.073 -0.077 -0.077 2.590 
7.000 1200.000 -0.495 -0.318 -0.081 0.040 0.180 0.343 0.424 0.476 0.466 0.385 0.308 0.177 0.079 -0.052 -0.223 -0.428 -0.521 -0.571 -0.570 -0.555 -0.546 -0.539 -0.537 -0.537 2.448 
7.000 1500.000 -0.676 -0.505 -0.276 -0.162 -0.031 0.114 0.178 0.197 0.154 0.010 -0.109 -0.300 -0.439 -0.618 -0.846 -1.108 -1.223 -1.281 -1.278 -1.258 -1.245 -1.234 -1.227 -1.227 2.258 
7.500 0.000 1.936 2.122 2.373 2.501 2.654 2.846 2.961 3.094 3.175 3.282 3.341 3.417 3.464 3.518 3.581 3.648 3.675 3.678 3.661 3.621 3.587 3.543 3.448 3.442 4.823 
7.500 1.000 1.956 2.141 2.392 2.520 2.673 2.864 2.979 3.112 3.193 3.299 3.358 3.433 3.479 3.533 3.595 3.659 3.685 3.687 3.670 3.629 3.596 3.552 3.457 3.451 4.790 
7.500 5.000 1.944 2.129 2.379 2.506 2.659 2.849 2.962 3.092 3.169 3.270 3.323 3.391 3.432 3.478 3.529 3.579 3.596 3.594 3.578 3.541 3.511 3.472 3.388 3.383 4.690 
7.500 10.000 1.885 2.070 2.318 2.445 2.597 2.785 2.896 3.023 3.098 3.191 3.240 3.300 3.334 3.372 3.412 3.446 3.455 3.447 3.431 3.397 3.370 3.335 3.259 3.255 4.584 
7.500 15.000 1.804 1.988 2.236 2.362 2.513 2.700 2.811 2.936 3.009 3.100 3.147 3.203 3.235 3.269 3.304 3.331 3.337 3.327 3.310 3.278 3.252 3.218 3.146 3.142 4.495 
7.500 20.000 1.717 1.900 2.147 2.273 2.424 2.610 2.720 2.845 2.918 3.008 3.054 3.110 3.141 3.175 3.208 3.235 3.239 3.227 3.210 3.177 3.151 3.117 3.045 3.041 4.419 
7.500 25.000 1.629 1.812 2.058 2.184 2.334 2.520 2.631 2.756 2.828 2.919 2.966 3.022 3.055 3.089 3.124 3.152 3.157 3.144 3.126 3.092 3.064 3.029 2.955 2.951 4.354 
7.500 30.000 1.545 1.727 1.973 2.099 2.249 2.435 2.545 2.670 2.744 2.836 2.884 2.942 2.975 3.012 3.049 3.079 3.085 3.072 3.053 3.017 2.989 2.952 2.876 2.871 4.297 
7.500 40.000 1.396 1.577 1.822 1.948 2.097 2.283 2.393 2.520 2.594 2.689 2.739 2.801 2.837 2.877 2.919 2.956 2.965 2.952 2.932 2.893 2.862 2.823 2.740 2.735 4.201 
7.500 50.000 1.283 1.464 1.708 1.833 1.982 2.167 2.277 2.404 2.479 2.576 2.627 2.691 2.730 2.772 2.818 2.858 2.869 2.856 2.835 2.793 2.760 2.719 2.631 2.626 4.125 
7.500 60.000 1.223 1.403 1.646 1.770 1.919 2.104 2.213 2.340 2.416 2.513 2.565 2.629 2.668 2.711 2.758 2.800 2.811 2.798 2.776 2.732 2.699 2.656 2.566 2.561 4.064 
7.500 70.000 1.174 1.354 1.596 1.720 1.868 2.053 2.163 2.291 2.367 2.467 2.521 2.590 2.631 2.679 2.730 2.779 2.793 2.780 2.755 2.708 2.671 2.625 2.527 2.522 4.014 
7.500 80.000 1.146 1.325 1.566 1.690 1.837 2.021 2.131 2.259 2.336 2.437 2.492 2.562 2.604 2.653 2.707 2.758 2.773 2.758 2.732 2.682 2.643 2.595 2.493 2.487 3.975 
7.500 90.000 1.124 1.302 1.543 1.666 1.813 1.997 2.106 2.234 2.311 2.413 2.468 2.538 2.581 2.630 2.685 2.737 2.752 2.736 2.709 2.657 2.618 2.568 2.463 2.457 3.939 
7.500 100.000 1.104 1.282 1.521 1.644 1.791 1.974 2.083 2.211 2.288 2.389 2.444 2.515 2.558 2.608 2.663 2.716 2.730 2.714 2.686 2.632 2.592 2.541 2.434 2.428 3.907 
7.500 110.000 1.085 1.262 1.501 1.623 1.770 1.952 2.061 2.188 2.265 2.367 2.422 2.493 2.536 2.586 2.641 2.694 2.708 2.690 2.662 2.607 2.566 2.515 2.406 2.400 3.878 
7.500 120.000 1.068 1.244 1.482 1.604 1.750 1.932 2.040 2.167 2.244 2.345 2.400 2.471 2.514 2.564 2.619 2.671 2.685 2.667 2.637 2.582 2.540 2.489 2.379 2.372 3.851 
7.500 130.000 1.050 1.226 1.463 1.584 1.730 1.911 2.019 2.145 2.222 2.322 2.377 2.447 2.489 2.538 2.592 2.643 2.656 2.636 2.607 2.551 2.510 2.458 2.350 2.343 3.824 
7.500 140.000 1.032 1.207 1.443 1.564 1.709 1.890 1.998 2.123 2.199 2.299 2.353 2.422 2.464 2.512 2.565 2.615 2.626 2.606 2.577 2.521 2.480 2.429 2.321 2.314 3.797 
7.500 150.000 1.011 1.186 1.421 1.542 1.686 1.866 1.974 2.099 2.174 2.274 2.327 2.396 2.438 2.486 2.538 2.587 2.598 2.577 2.547 2.492 2.451 2.400 2.292 2.286 3.773 
7.500 175.000 0.963 1.137 1.371 1.490 1.633 1.812 1.918 2.041 2.115 2.212 2.264 2.330 2.369 2.414 2.462 2.504 2.512 2.488 2.457 2.402 2.362 2.312 2.208 2.201 3.715 
7.500 200.000 0.920 1.092 1.324 1.443 1.585 1.762 1.867 1.988 2.061 2.155 2.205 2.267 2.304 2.346 2.389 2.425 2.429 2.402 2.371 2.317 2.277 2.229 2.128 2.122 3.661 
7.500 250.000 0.840 1.011 1.240 1.357 1.497 1.670 1.773 1.891 1.961 2.048 2.094 2.150 2.182 2.217 2.251 2.273 2.270 2.237 2.207 2.155 2.118 2.073 1.982 1.976 3.565 
7.500 300.000 0.772 0.940 1.166 1.282 1.420 1.591 1.691 1.805 1.871 1.953 1.994 2.042 2.069 2.096 2.120 2.129 2.118 2.082 2.051 2.004 1.970 1.929 1.846 1.842 3.487 
7.500 350.000 0.709 0.875 1.099 1.213 1.349 1.517 1.616 1.726 1.788 1.863 1.899 1.939 1.960 1.979 1.992 1.988 1.970 1.931 1.902 1.859 1.828 1.792 1.719 1.715 3.418 
7.500 400.000 0.652 0.816 1.037 1.150 1.284 1.450 1.546 1.652 1.711 1.778 1.808 1.840 1.855 1.866 1.868 1.849 1.826 1.784 1.758 1.719 1.693 1.661 1.598 1.595 3.355 
7.500 450.000 0.597 0.760 0.979 1.091 1.223 1.385 1.479 1.581 1.636 1.695 1.720 1.743 1.751 1.754 1.745 1.713 1.683 1.640 1.616 1.583 1.560 1.533 1.479 1.476 3.296 
7.500 500.000 0.547 0.708 0.925 1.035 1.166 1.326 1.417 1.515 1.565 1.616 1.635 1.648 1.650 1.644 1.623 1.578 1.543 1.499 1.478 1.450 1.432 1.409 1.363 1.361 3.241 
7.500 600.000 0.469 0.628 0.840 0.947 1.074 1.226 1.311 1.395 1.433 1.458 1.459 1.445 1.427 1.397 1.347 1.273 1.232 1.201 1.193 1.186 1.180 1.170 1.148 1.147 3.145 
7.500 700.000 0.384 0.541 0.749 0.854 0.978 1.125 1.205 1.280 1.308 1.316 1.305 1.272 1.242 1.195 1.125 1.029 0.979 0.946 0.941 0.940 0.938 0.933 0.918 0.917 3.056 
7.500 800.000 0.307 0.461 0.666 0.769 0.890 1.031 1.106 1.172 1.191 1.181 1.157 1.106 1.062 0.999 0.908 0.791 0.733 0.698 0.696 0.699 0.700 0.699 0.689 0.689 2.976 
7.500 1000.000 0.167 0.317 0.515 0.615 0.729 0.860 0.925 0.971 0.971 0.923 0.873 0.784 0.714 0.618 0.488 0.329 0.255 0.216 0.217 0.228 0.234 0.238 0.236 0.235 2.842 
7.500 1200.000 0.044 0.190 0.383 0.478 0.587 0.707 0.761 0.787 0.766 0.679 0.602 0.474 0.377 0.250 0.083 -0.113 -0.200 -0.243 -0.239 -0.222 -0.212 -0.204 -0.201 -0.201 2.709 
7.500 1500.000 -0.131 0.010 0.194 0.283 0.383 0.485 0.522 0.512 0.456 0.304 0.183 -0.009 -0.146 -0.323 -0.545 -0.795 -0.901 -0.948 -0.939 -0.915 -0.900 -0.888 -0.879 -0.879 2.532 
7.800 0.000 2.110 2.275 2.496 2.608 2.742 2.908 3.008 3.127 3.203 3.307 3.365 3.439 3.486 3.539 3.600 3.664 3.689 3.690 3.672 3.631 3.597 3.553 3.458 3.452 4.843 
7.800 1.000 2.127 2.292 2.513 2.625 2.758 2.924 3.024 3.144 3.219 3.322 3.380 3.454 3.499 3.552 3.612 3.675 3.698 3.698 3.680 3.638 3.604 3.561 3.465 3.459 4.808 
7.800 5.000 2.120 2.284 2.504 2.615 2.748 2.912 3.011 3.127 3.200 3.297 3.350 3.416 3.456 3.501 3.551 3.598 3.614 3.609 3.591 3.554 3.523 3.484 3.399 3.394 4.713 
7.800 10.000 2.076 2.240 2.458 2.569 2.701 2.863 2.960 3.073 3.142 3.232 3.280 3.338 3.371 3.408 3.445 3.476 3.483 3.472 3.455 3.420 3.393 3.358 3.283 3.279 4.619 
7.800 15.000 2.010 2.174 2.391 2.502 2.633 2.795 2.890 3.002 3.069 3.156 3.200 3.254 3.285 3.317 3.348 3.372 3.375 3.362 3.345 3.312 3.286 3.253 3.182 3.178 4.538 
7.800 20.000 1.937 2.099 2.317 2.427 2.558 2.718 2.814 2.924 2.991 3.076 3.121 3.173 3.203 3.233 3.263 3.284 3.285 3.271 3.254 3.221 3.196 3.163 3.093 3.089 4.470 
7.800 25.000 1.860 2.023 2.239 2.349 2.480 2.640 2.735 2.846 2.913 2.998 3.043 3.096 3.126 3.157 3.187 3.208 3.210 3.195 3.178 3.144 3.118 3.084 3.014 3.010 4.410 
7.800 30.000 1.786 1.948 2.164 2.274 2.404 2.565 2.660 2.771 2.838 2.924 2.969 3.024 3.054 3.087 3.119 3.142 3.145 3.130 3.111 3.077 3.050 3.015 2.942 2.938 4.359 
7.800 40.000 1.647 1.808 2.024 2.133 2.263 2.423 2.518 2.630 2.698 2.788 2.835 2.893 2.926 2.962 2.999 3.029 3.034 3.019 3.000 2.962 2.933 2.896 2.818 2.814 4.269 
7.800 50.000 1.548 1.709 1.923 2.032 2.161 2.321 2.417 2.528 2.597 2.688 2.736 2.795 2.830 2.868 2.907 2.939 2.945 2.930 2.910 2.870 2.840 2.801 2.720 2.716 4.197 
7.800 60.000 1.490 1.650 1.864 1.972 2.101 2.260 2.355 2.467 2.536 2.627 2.676 2.736 2.772 2.811 2.852 2.886 2.893 2.877 2.856 2.815 2.784 2.744 2.661 2.656 4.140 
7.800 70.000 1.445 1.604 1.817 1.925 2.054 2.213 2.308 2.421 2.491 2.585 2.636 2.700 2.739 2.782 2.827 2.868 2.877 2.862 2.838 2.793 2.759 2.716 2.625 2.620 4.094 
7.800 80.000 1.417 1.576 1.788 1.896 2.024 2.183 2.278 2.391 2.462 2.557 2.609 2.674 2.714 2.758 2.806 2.849 2.859 2.842 2.817 2.770 2.734 2.688 2.593 2.588 4.057 
7.800 90.000 1.396 1.554 1.765 1.873 2.000 2.159 2.254 2.367 2.438 2.533 2.586 2.652 2.692 2.737 2.786 2.830 2.840 2.822 2.796 2.747 2.710 2.663 2.566 2.560 4.023 
7.800 100.000 1.376 1.534 1.744 1.851 1.978 2.136 2.231 2.344 2.415 2.511 2.563 2.630 2.670 2.716 2.765 2.810 2.820 2.802 2.775 2.724 2.686 2.639 2.539 2.533 3.992 
7.800 110.000 1.357 1.514 1.724 1.831 1.958 2.115 2.210 2.322 2.393 2.489 2.541 2.608 2.649 2.695 2.744 2.789 2.799 2.780 2.752 2.701 2.662 2.614 2.512 2.506 3.964 
7.800 120.000 1.340 1.496 1.705 1.812 1.938 2.095 2.189 2.302 2.372 2.468 2.520 2.587 2.628 2.674 2.723 2.768 2.778 2.758 2.729 2.677 2.638 2.589 2.487 2.481 3.939 
7.800 130.000 1.322 1.478 1.687 1.792 1.918 2.075 2.169 2.280 2.351 2.446 2.498 2.564 2.604 2.649 2.698 2.741 2.750 2.729 2.701 2.649 2.610 2.561 2.459 2.453 3.913 
7.800 140.000 1.304 1.460 1.667 1.773 1.898 2.054 2.148 2.259 2.329 2.423 2.475 2.540 2.579 2.624 2.672 2.714 2.723 2.701 2.673 2.620 2.582 2.533 2.433 2.427 3.887 
7.800 150.000 1.284 1.439 1.646 1.751 1.876 2.031 2.124 2.235 2.305 2.399 2.450 2.515 2.554 2.598 2.646 2.687 2.695 2.674 2.645 2.593 2.554 2.506 2.406 2.400 3.865 
7.800 175.000 1.237 1.391 1.596 1.701 1.825 1.978 2.071 2.180 2.248 2.339 2.388 2.450 2.487 2.529 2.572 2.608 2.612 2.588 2.559 2.507 2.470 2.423 2.326 2.320 3.809 
7.800 200.000 1.195 1.347 1.551 1.655 1.778 1.930 2.021 2.128 2.195 2.283 2.331 2.390 2.424 2.462 2.501 2.531 2.532 2.505 2.476 2.425 2.389 2.343 2.250 2.245 3.757 
7.800 250.000 1.116 1.266 1.467 1.569 1.690 1.840 1.929 2.032 2.096 2.178 2.222 2.274 2.304 2.335 2.364 2.382 2.376 2.345 2.317 2.269 2.236 2.194 2.110 2.105 3.669 
7.800 300.000 1.047 1.196 1.394 1.495 1.614 1.761 1.848 1.948 2.008 2.084 2.122 2.167 2.192 2.216 2.235 2.240 2.228 2.193 2.166 2.122 2.092 2.054 1.979 1.975 3.593 
7.800 350.000 0.985 1.132 1.328 1.427 1.544 1.688 1.773 1.869 1.926 1.995 2.028 2.065 2.084 2.100 2.109 2.101 2.083 2.046 2.021 1.982 1.955 1.922 1.856 1.853 3.527 
7.800 400.000 0.928 1.073 1.267 1.365 1.481 1.622 1.704 1.797 1.849 1.911 1.939 1.968 1.980 1.988 1.987 1.965 1.941 1.904 1.881 1.847 1.824 1.795 1.739 1.736 3.469 
7.800 450.000 0.874 1.017 1.209 1.306 1.420 1.559 1.639 1.727 1.776 1.829 1.852 1.872 1.878 1.878 1.865 1.831 1.802 1.764 1.743 1.715 1.695 1.671 1.623 1.621 3.413 
7.800 500.000 0.823 0.966 1.156 1.251 1.364 1.500 1.577 1.661 1.706 1.751 1.768 1.778 1.778 1.769 1.746 1.699 1.666 1.627 1.610 1.587 1.571 1.551 1.510 1.508 3.362 
7.800 600.000 0.745 0.885 1.070 1.163 1.272 1.401 1.473 1.544 1.576 1.597 1.596 1.581 1.562 1.531 1.480 1.407 1.368 1.340 1.335 1.331 1.327 1.319 1.299 1.298 3.269 
7.800 700.000 0.661 0.799 0.981 1.072 1.177 1.302 1.368 1.430 1.453 1.457 1.444 1.410 1.379 1.331 1.261 1.166 1.119 1.090 1.089 1.090 1.090 1.087 1.073 1.073 3.185 
7.800 800.000 0.587 0.722 0.901 0.989 1.092 1.211 1.272 1.324 1.337 1.322 1.296 1.242 1.197 1.132 1.041 0.925 0.871 0.843 0.844 0.852 0.855 0.856 0.849 0.848 3.109 
7.800 1000.000 0.448 0.580 0.752 0.837 0.934 1.042 1.094 1.126 1.120 1.067 1.014 0.922 0.851 0.754 0.626 0.472 0.404 0.373 0.379 0.394 0.403 0.409 0.409 0.409 2.983 
7.800 1200.000 0.320 0.448 0.616 0.697 0.789 0.888 0.930 0.945 0.921 0.834 0.758 0.632 0.538 0.413 0.251 0.061 -0.023 -0.062 -0.056 -0.037 -0.027 -0.019 -0.015 -0.015 2.855 
7.800 1500.000 0.147 0.271 0.429 0.505 0.588 0.669 0.694 0.674 0.615 0.464 0.344 0.156 0.021 -0.151 -0.368 -0.609 -0.710 -0.751 -0.740 -0.714 -0.699 -0.686 -0.677 -0.677 2.686 
8.000 0.000 2.211 2.362 2.564 2.666 2.788 2.939 3.031 3.143 3.217 3.319 3.377 3.451 3.497 3.550 3.610 3.673 3.697 3.697 3.678 3.637 3.603 3.559 3.464 3.458 4.853 
8.000 1.000 2.224 2.375 2.577 2.679 2.801 2.952 3.044 3.156 3.229 3.331 3.388 3.462 3.508 3.560 3.620 3.682 3.705 3.704 3.686 3.644 3.610 3.565 3.469 3.464 4.817 
8.000 5.000 2.216 2.367 2.568 2.670 2.791 2.940 3.031 3.140 3.210 3.307 3.360 3.426 3.466 3.512 3.561 3.609 3.624 3.618 3.600 3.561 3.530 3.490 3.404 3.399 4.725 
8.000 10.000 2.182 2.333 2.532 2.633 2.753 2.901 2.990 3.096 3.162 3.251 3.298 3.356 3.390 3.426 3.462 3.492 3.499 3.487 3.469 3.434 3.406 3.370 3.295 3.290 4.638 
8.000 15.000 2.128 2.278 2.477 2.577 2.697 2.843 2.931 3.035 3.099 3.184 3.229 3.281 3.311 3.343 3.373 3.394 3.396 3.381 3.364 3.330 3.305 3.271 3.201 3.197 4.563 
8.000 20.000 2.063 2.213 2.411 2.511 2.630 2.776 2.863 2.966 3.030 3.113 3.156 3.208 3.236 3.266 3.293 3.311 3.311 3.296 3.279 3.246 3.221 3.188 3.119 3.115 4.500 
8.000 25.000 1.995 2.144 2.342 2.442 2.560 2.706 2.793 2.895 2.959 3.042 3.085 3.137 3.165 3.195 3.222 3.240 3.240 3.224 3.207 3.174 3.148 3.116 3.046 3.043 4.445 
8.000 30.000 1.927 2.075 2.273 2.373 2.491 2.636 2.723 2.826 2.890 2.974 3.018 3.070 3.099 3.130 3.159 3.178 3.179 3.163 3.145 3.111 3.085 3.051 2.981 2.977 4.397 
8.000 40.000 1.795 1.943 2.140 2.239 2.357 2.503 2.590 2.693 2.758 2.845 2.891 2.946 2.978 3.012 3.045 3.071 3.074 3.058 3.039 3.003 2.975 2.939 2.864 2.860 4.312 
8.000 50.000 1.707 1.855 2.051 2.149 2.267 2.412 2.499 2.602 2.668 2.755 2.801 2.857 2.890 2.925 2.960 2.987 2.991 2.975 2.955 2.917 2.888 2.851 2.774 2.770 4.242 
8.000 60.000 1.651 1.797 1.993 2.091 2.208 2.352 2.439 2.543 2.609 2.697 2.744 2.801 2.835 2.871 2.908 2.937 2.942 2.925 2.905 2.866 2.836 2.798 2.718 2.714 4.188 
8.000 70.000 1.608 1.754 1.949 2.047 2.163 2.308 2.395 2.500 2.567 2.657 2.707 2.768 2.804 2.844 2.885 2.921 2.928 2.911 2.888 2.845 2.813 2.771 2.685 2.680 4.144 
8.000 80.000 1.582 1.727 1.921 2.019 2.135 2.279 2.366 2.471 2.539 2.630 2.680 2.743 2.780 2.822 2.866 2.903 2.911 2.893 2.869 2.823 2.789 2.746 2.655 2.650 4.108 
8.000 90.000 1.560 1.705 1.898 1.996 2.112 2.255 2.342 2.447 2.515 2.607 2.658 2.721 2.759 2.801 2.846 2.886 2.893 2.875 2.849 2.802 2.767 2.722 2.629 2.624 4.076 
8.000 100.000 1.541 1.685 1.877 1.975 2.090 2.233 2.320 2.425 2.493 2.585 2.636 2.700 2.738 2.781 2.827 2.867 2.875 2.856 2.829 2.781 2.744 2.699 2.604 2.598 4.046 
8.000 110.000 1.522 1.666 1.857 1.954 2.069 2.212 2.299 2.404 2.471 2.564 2.615 2.679 2.718 2.761 2.807 2.847 2.855 2.835 2.808 2.758 2.721 2.675 2.578 2.573 4.019 
8.000 120.000 1.505 1.648 1.839 1.935 2.050 2.193 2.279 2.383 2.451 2.543 2.594 2.658 2.697 2.740 2.787 2.827 2.835 2.814 2.786 2.736 2.698 2.651 2.554 2.548 3.994 
8.000 130.000 1.487 1.630 1.820 1.917 2.031 2.173 2.259 2.362 2.429 2.521 2.572 2.635 2.674 2.716 2.762 2.801 2.808 2.786 2.759 2.709 2.671 2.625 2.528 2.522 3.969 
8.000 140.000 1.469 1.612 1.801 1.897 2.011 2.152 2.238 2.341 2.408 2.499 2.549 2.612 2.650 2.692 2.737 2.775 2.781 2.759 2.732 2.682 2.645 2.598 2.502 2.497 3.945 
8.000 150.000 1.449 1.591 1.780 1.876 1.989 2.130 2.215 2.318 2.384 2.475 2.525 2.588 2.625 2.667 2.711 2.749 2.755 2.733 2.705 2.656 2.619 2.573 2.477 2.472 3.923 
8.000 175.000 1.404 1.544 1.732 1.826 1.939 2.078 2.162 2.264 2.329 2.417 2.465 2.525 2.560 2.599 2.639 2.671 2.674 2.649 2.622 2.573 2.537 2.492 2.400 2.395 3.869 
8.000 200.000 1.362 1.501 1.687 1.781 1.893 2.031 2.114 2.214 2.277 2.362 2.408 2.465 2.498 2.534 2.569 2.596 2.595 2.568 2.541 2.493 2.458 2.415 2.327 2.321 3.818 
8.000 250.000 1.283 1.421 1.604 1.697 1.806 1.942 2.023 2.119 2.179 2.259 2.300 2.350 2.378 2.408 2.434 2.449 2.442 2.412 2.385 2.341 2.309 2.270 2.190 2.186 3.735 
8.000 300.000 1.215 1.351 1.531 1.622 1.730 1.863 1.942 2.035 2.091 2.164 2.201 2.244 2.267 2.289 2.306 2.308 2.295 2.263 2.237 2.197 2.169 2.134 2.063 2.059 3.661 
8.000 350.000 1.153 1.287 1.465 1.555 1.661 1.792 1.868 1.957 2.010 2.077 2.108 2.143 2.160 2.175 2.181 2.171 2.153 2.119 2.095 2.060 2.035 2.004 1.943 1.940 3.598 
8.000 400.000 1.096 1.229 1.405 1.494 1.598 1.726 1.800 1.885 1.935 1.993 2.020 2.046 2.057 2.063 2.060 2.037 2.013 1.978 1.958 1.928 1.907 1.880 1.828 1.825 3.542 
8.000 450.000 1.041 1.173 1.347 1.435 1.538 1.663 1.735 1.816 1.862 1.912 1.933 1.951 1.956 1.954 1.940 1.905 1.877 1.842 1.824 1.798 1.781 1.759 1.714 1.712 3.489 
8.000 500.000 0.991 1.122 1.294 1.381 1.482 1.604 1.675 1.751 1.792 1.835 1.850 1.859 1.857 1.847 1.822 1.775 1.742 1.708 1.693 1.673 1.659 1.641 1.604 1.602 3.440 
8.000 600.000 0.913 1.041 1.209 1.293 1.391 1.507 1.571 1.635 1.664 1.683 1.681 1.665 1.645 1.613 1.562 1.490 1.452 1.428 1.425 1.423 1.420 1.414 1.395 1.394 3.349 
8.000 700.000 0.830 0.955 1.121 1.203 1.297 1.408 1.468 1.523 1.543 1.545 1.531 1.496 1.464 1.416 1.346 1.252 1.207 1.182 1.182 1.186 1.186 1.184 1.172 1.172 3.268 
8.000 800.000 0.754 0.878 1.040 1.120 1.212 1.317 1.372 1.418 1.429 1.413 1.386 1.333 1.288 1.224 1.133 1.019 0.965 0.938 0.940 0.948 0.951 0.952 0.945 0.945 3.194 
8.000 1000.000 0.611 0.731 0.888 0.964 1.051 1.148 1.193 1.222 1.216 1.166 1.117 1.029 0.961 0.868 0.744 0.592 0.524 0.491 0.495 0.509 0.516 0.521 0.520 0.520 3.074 
8.000 1200.000 0.488 0.605 0.756 0.829 0.911 0.997 1.033 1.042 1.017 0.931 0.857 0.733 0.640 0.518 0.359 0.172 0.091 0.054 0.061 0.080 0.091 0.099 0.103 0.103 2.950 
8.000 1500.000 0.304 0.416 0.560 0.628 0.702 0.774 0.795 0.775 0.721 0.580 0.468 0.290 0.162 -0.004 -0.213 -0.450 -0.552 -0.598 -0.590 -0.568 -0.554 -0.543 -0.535 -0.535 2.786 
8.200 0.000 2.304 2.443 2.627 2.720 2.830 2.968 3.053 3.159 3.230 3.332 3.388 3.462 3.507 3.559 3.619 3.680 3.702 3.701 3.683 3.641 3.607 3.563 3.468 3.463 4.860 
8.200 1.000 2.310 2.449 2.633 2.725 2.836 2.974 3.059 3.165 3.236 3.338 3.395 3.469 3.514 3.567 3.627 3.688 3.711 3.709 3.690 3.647 3.613 3.568 3.472 3.466 4.824 
8.200 5.000 2.302 2.440 2.623 2.716 2.825 2.962 3.046 3.150 3.218 3.314 3.367 3.434 3.474 3.520 3.570 3.618 3.633 3.626 3.607 3.567 3.536 3.495 3.407 3.402 4.735 
8.200 10.000 2.278 2.415 2.597 2.689 2.798 2.933 3.015 3.115 3.179 3.267 3.314 3.372 3.405 3.441 3.477 3.506 3.512 3.499 3.481 3.445 3.417 3.381 3.305 3.300 4.656 
8.200 15.000 2.237 2.374 2.555 2.647 2.755 2.888 2.969 3.067 3.129 3.212 3.255 3.307 3.336 3.366 3.394 3.413 3.413 3.397 3.379 3.346 3.320 3.287 3.217 3.213 4.586 
8.200 20.000 2.181 2.318 2.499 2.590 2.697 2.830 2.910 3.007 3.068 3.149 3.191 3.240 3.267 3.295 3.320 3.335 3.333 3.316 3.298 3.266 3.241 3.209 3.142 3.138 4.527 
8.200 25.000 2.120 2.257 2.437 2.528 2.635 2.767 2.847 2.944 3.004 3.085 3.127 3.176 3.202 3.230 3.254 3.268 3.266 3.249 3.232 3.200 3.175 3.143 3.076 3.072 4.477 
8.200 30.000 2.059 2.195 2.375 2.466 2.573 2.705 2.785 2.881 2.942 3.023 3.065 3.114 3.142 3.170 3.195 3.210 3.209 3.191 3.174 3.141 3.116 3.084 3.016 3.012 4.432 
8.200 40.000 1.936 2.071 2.250 2.340 2.447 2.579 2.659 2.756 2.818 2.901 2.945 2.998 3.027 3.058 3.088 3.109 3.110 3.094 3.075 3.041 3.014 2.980 2.909 2.905 4.352 
8.200 50.000 1.859 1.993 2.172 2.261 2.368 2.499 2.579 2.676 2.738 2.821 2.865 2.917 2.947 2.979 3.009 3.030 3.031 3.014 2.995 2.959 2.932 2.898 2.825 2.821 4.285 
8.200 60.000 1.804 1.938 2.115 2.205 2.311 2.442 2.521 2.618 2.681 2.765 2.810 2.864 2.895 2.928 2.960 2.983 2.985 2.968 2.948 2.912 2.884 2.848 2.773 2.769 4.234 
8.200 70.000 1.764 1.897 2.074 2.163 2.269 2.400 2.480 2.578 2.642 2.729 2.775 2.833 2.867 2.903 2.940 2.969 2.973 2.955 2.933 2.893 2.862 2.823 2.742 2.738 4.192 
8.200 80.000 1.738 1.871 2.047 2.136 2.242 2.373 2.452 2.551 2.615 2.703 2.751 2.810 2.845 2.883 2.922 2.953 2.958 2.939 2.916 2.873 2.840 2.800 2.715 2.710 4.158 
8.200 90.000 1.717 1.849 2.025 2.113 2.218 2.349 2.429 2.527 2.591 2.680 2.729 2.789 2.824 2.863 2.904 2.937 2.942 2.922 2.898 2.853 2.819 2.777 2.690 2.685 4.126 
8.200 100.000 1.698 1.829 2.004 2.093 2.197 2.327 2.407 2.505 2.570 2.659 2.708 2.768 2.804 2.844 2.885 2.919 2.925 2.904 2.879 2.833 2.798 2.755 2.666 2.660 4.097 
8.200 110.000 1.679 1.810 1.985 2.072 2.177 2.307 2.386 2.484 2.548 2.638 2.687 2.748 2.784 2.824 2.866 2.901 2.906 2.885 2.859 2.812 2.777 2.733 2.642 2.636 4.071 
8.200 120.000 1.662 1.792 1.966 2.054 2.158 2.287 2.366 2.464 2.528 2.618 2.667 2.728 2.764 2.804 2.846 2.881 2.886 2.864 2.838 2.790 2.754 2.710 2.618 2.613 4.047 
8.200 130.000 1.644 1.775 1.948 2.035 2.139 2.268 2.346 2.444 2.508 2.596 2.645 2.705 2.741 2.781 2.822 2.856 2.860 2.838 2.812 2.764 2.729 2.685 2.594 2.588 4.023 
8.200 140.000 1.627 1.757 1.929 2.016 2.119 2.248 2.326 2.423 2.486 2.575 2.623 2.683 2.718 2.757 2.798 2.831 2.835 2.812 2.786 2.739 2.704 2.660 2.570 2.564 4.000 
8.200 150.000 1.607 1.736 1.908 1.995 2.098 2.226 2.304 2.400 2.464 2.551 2.599 2.659 2.694 2.733 2.773 2.806 2.810 2.787 2.761 2.714 2.679 2.636 2.546 2.540 3.979 
8.200 175.000 1.562 1.691 1.861 1.947 2.049 2.175 2.252 2.347 2.409 2.494 2.540 2.597 2.630 2.666 2.702 2.729 2.730 2.706 2.680 2.634 2.600 2.558 2.472 2.467 3.926 
8.200 200.000 1.521 1.648 1.817 1.903 2.003 2.129 2.205 2.298 2.358 2.441 2.485 2.538 2.569 2.602 2.634 2.656 2.653 2.627 2.601 2.556 2.524 2.483 2.401 2.396 3.877 
8.200 250.000 1.443 1.569 1.735 1.819 1.918 2.041 2.115 2.204 2.262 2.338 2.378 2.425 2.451 2.477 2.500 2.511 2.503 2.474 2.450 2.409 2.379 2.343 2.269 2.264 3.797 
8.200 300.000 1.375 1.498 1.663 1.745 1.843 1.963 2.035 2.121 2.175 2.244 2.280 2.319 2.340 2.359 2.373 2.371 2.358 2.328 2.305 2.268 2.242 2.210 2.145 2.141 3.726 
8.200 350.000 1.313 1.435 1.597 1.679 1.774 1.892 1.962 2.044 2.094 2.157 2.187 2.219 2.234 2.246 2.249 2.236 2.217 2.186 2.165 2.134 2.112 2.084 2.027 2.024 3.667 
8.200 400.000 1.256 1.377 1.537 1.618 1.712 1.827 1.895 1.973 2.019 2.074 2.099 2.122 2.131 2.135 2.128 2.103 2.080 2.048 2.030 2.004 1.986 1.962 1.915 1.912 3.613 
8.200 450.000 1.202 1.322 1.480 1.559 1.652 1.765 1.830 1.905 1.947 1.994 2.013 2.028 2.031 2.027 2.011 1.973 1.946 1.914 1.899 1.878 1.863 1.844 1.803 1.801 3.563 
8.200 500.000 1.152 1.271 1.427 1.505 1.597 1.707 1.770 1.840 1.878 1.917 1.930 1.936 1.933 1.921 1.894 1.845 1.814 1.783 1.771 1.755 1.744 1.728 1.695 1.693 3.515 
8.200 600.000 1.073 1.189 1.342 1.417 1.505 1.609 1.667 1.726 1.753 1.770 1.767 1.750 1.730 1.698 1.646 1.574 1.538 1.516 1.514 1.513 1.511 1.505 1.488 1.487 3.426 
8.200 700.000 0.991 1.105 1.255 1.328 1.413 1.512 1.565 1.614 1.632 1.631 1.616 1.579 1.546 1.497 1.427 1.334 1.291 1.270 1.272 1.278 1.280 1.279 1.269 1.269 3.349 
8.200 800.000 0.916 1.028 1.174 1.246 1.328 1.422 1.471 1.511 1.519 1.501 1.473 1.418 1.373 1.308 1.218 1.106 1.055 1.031 1.035 1.046 1.050 1.052 1.047 1.046 3.277 
8.200 1000.000 0.772 0.881 1.022 1.091 1.169 1.254 1.294 1.317 1.309 1.259 1.210 1.123 1.056 0.964 0.841 0.692 0.626 0.596 0.602 0.616 0.624 0.630 0.629 0.629 3.163 
8.200 1200.000 0.649 0.755 0.891 0.957 1.029 1.104 1.135 1.139 1.112 1.026 0.952 0.830 0.738 0.617 0.460 0.277 0.198 0.164 0.172 0.192 0.203 0.212 0.216 0.216 3.042 
8.200 1500.000 0.481 0.582 0.710 0.770 0.833 0.891 0.904 0.872 0.810 0.658 0.540 0.355 0.223 0.055 -0.154 -0.384 -0.476 -0.507 -0.493 -0.463 -0.446 -0.432 -0.422 -0.422 2.884 
