CanadaSHM6-trial_NGAEastGMM13_10 , distance is rrup. Log10 ground motion values in cgs units, PGV and Sa(T<0.1s) not valid
          11 34 25 : nmag, ndist, nperiod
          10.000 7.519 5.000 4.000 3.003 2.000 1.499 1.000 0.750 0.500 0.400 0.300 0.250 0.200 0.150 0.100 0.075 0.050 0.040 0.030 0.025 0.020 0.010 PGA PGV 
          0.620 0.620 0.620 0.620 0.620 0.620 0.620 0.620 0.600 0.580 0.560 0.540 0.530 0.530 0.530 0.530 0.530 0.530 0.530 0.530 0.530 0.530 0.530 0.530 0.620
4.000 0.000 -1.387 -1.015 -0.506 -0.237 0.098 0.556 0.863 1.264 1.520 1.837 1.990 2.170 2.276 2.398 2.541 2.712 2.808 2.905 2.935 2.943 2.931 2.899 2.784 2.775 3.794 
4.000 1.000 -1.507 -1.136 -0.627 -0.358 -0.022 0.435 0.743 1.144 1.401 1.719 1.873 2.054 2.161 2.284 2.429 2.603 2.701 2.800 2.830 2.838 2.825 2.793 2.677 2.667 3.674 
4.000 5.000 -2.141 -1.769 -1.260 -0.991 -0.654 -0.195 0.115 0.521 0.783 1.112 1.275 1.470 1.588 1.727 1.896 2.104 2.222 2.336 2.367 2.370 2.351 2.309 2.168 2.157 3.068 
4.000 10.000 -2.570 -2.199 -1.689 -1.420 -1.083 -0.624 -0.313 0.094 0.357 0.689 0.854 1.054 1.175 1.318 1.492 1.706 1.827 1.939 1.967 1.962 1.937 1.889 1.733 1.721 2.651 
4.000 15.000 -2.834 -2.462 -1.952 -1.683 -1.347 -0.887 -0.576 -0.169 0.095 0.427 0.593 0.793 0.914 1.058 1.233 1.447 1.567 1.674 1.697 1.686 1.657 1.605 1.439 1.426 2.392 
4.000 20.000 -3.025 -2.654 -2.144 -1.875 -1.539 -1.079 -0.769 -0.361 -0.098 0.235 0.400 0.601 0.722 0.865 1.040 1.252 1.369 1.470 1.489 1.473 1.440 1.384 1.210 1.196 2.201 
4.000 25.000 -3.186 -2.815 -2.306 -2.037 -1.700 -1.241 -0.930 -0.523 -0.259 0.074 0.240 0.441 0.563 0.707 0.881 1.093 1.208 1.305 1.321 1.299 1.263 1.202 1.020 1.006 2.041 
4.000 30.000 -3.314 -2.943 -2.434 -2.165 -1.828 -1.369 -1.058 -0.651 -0.387 -0.054 0.112 0.313 0.434 0.578 0.752 0.964 1.077 1.170 1.183 1.158 1.120 1.057 0.870 0.855 1.914 
4.000 40.000 -3.510 -3.138 -2.630 -2.361 -2.025 -1.565 -1.255 -0.848 -0.584 -0.252 -0.086 0.114 0.235 0.378 0.551 0.759 0.869 0.956 0.965 0.935 0.893 0.827 0.633 0.618 1.719 
4.000 50.000 -3.659 -3.288 -2.779 -2.511 -2.175 -1.716 -1.406 -0.999 -0.736 -0.404 -0.239 -0.039 0.081 0.223 0.394 0.598 0.705 0.785 0.790 0.755 0.711 0.641 0.442 0.427 1.570 
4.000 60.000 -3.731 -3.361 -2.853 -2.584 -2.248 -1.790 -1.480 -1.073 -0.810 -0.479 -0.314 -0.115 0.005 0.147 0.317 0.520 0.625 0.702 0.706 0.668 0.622 0.551 0.350 0.334 1.487 
4.000 70.000 -3.790 -3.420 -2.912 -2.644 -2.308 -1.849 -1.540 -1.133 -0.871 -0.539 -0.374 -0.175 -0.055 0.087 0.257 0.458 0.562 0.636 0.637 0.597 0.549 0.476 0.269 0.253 1.417 
4.000 80.000 -3.837 -3.467 -2.959 -2.691 -2.356 -1.898 -1.588 -1.182 -0.920 -0.589 -0.425 -0.226 -0.106 0.034 0.203 0.402 0.503 0.573 0.572 0.528 0.479 0.404 0.194 0.178 1.356 
4.000 90.000 -3.871 -3.501 -2.994 -2.726 -2.390 -1.933 -1.624 -1.218 -0.956 -0.627 -0.463 -0.266 -0.148 -0.009 0.158 0.352 0.449 0.515 0.512 0.466 0.415 0.339 0.129 0.113 1.304 
4.000 100.000 -3.902 -3.532 -3.025 -2.757 -2.422 -1.965 -1.656 -1.251 -0.990 -0.661 -0.499 -0.303 -0.186 -0.048 0.115 0.306 0.400 0.461 0.455 0.407 0.356 0.279 0.068 0.052 1.257 
4.000 110.000 -3.930 -3.560 -3.053 -2.786 -2.451 -1.994 -1.686 -1.282 -1.021 -0.694 -0.532 -0.338 -0.221 -0.086 0.075 0.261 0.352 0.409 0.401 0.351 0.299 0.222 0.011 -0.005 1.213 
4.000 120.000 -3.956 -3.586 -3.080 -2.813 -2.478 -2.022 -1.714 -1.310 -1.050 -0.724 -0.563 -0.371 -0.256 -0.122 0.036 0.218 0.305 0.358 0.348 0.297 0.245 0.167 -0.044 -0.060 1.172 
4.000 130.000 -3.981 -3.612 -3.106 -2.839 -2.504 -2.048 -1.741 -1.338 -1.079 -0.754 -0.594 -0.403 -0.289 -0.157 -0.001 0.175 0.259 0.307 0.296 0.243 0.190 0.112 -0.098 -0.114 1.133 
4.000 140.000 -4.006 -3.637 -3.131 -2.864 -2.530 -2.075 -1.768 -1.365 -1.107 -0.783 -0.624 -0.434 -0.322 -0.191 -0.038 0.134 0.214 0.258 0.246 0.191 0.137 0.059 -0.152 -0.168 1.096 
4.000 150.000 -4.032 -3.663 -3.158 -2.891 -2.558 -2.103 -1.796 -1.394 -1.136 -0.813 -0.655 -0.467 -0.355 -0.227 -0.076 0.092 0.170 0.210 0.196 0.140 0.086 0.007 -0.203 -0.219 1.060 
4.000 175.000 -4.095 -3.726 -3.222 -2.956 -2.623 -2.169 -1.863 -1.463 -1.206 -0.887 -0.731 -0.546 -0.438 -0.313 -0.169 -0.011 0.059 0.091 0.073 0.015 -0.040 -0.118 -0.326 -0.342 0.967 
4.000 200.000 -4.151 -3.784 -3.280 -3.014 -2.682 -2.229 -1.924 -1.526 -1.270 -0.954 -0.800 -0.619 -0.513 -0.393 -0.255 -0.108 -0.045 -0.021 -0.042 -0.103 -0.158 -0.236 -0.442 -0.457 0.884 
4.000 250.000 -4.266 -3.899 -3.397 -3.133 -2.802 -2.351 -2.048 -1.653 -1.401 -1.091 -0.942 -0.769 -0.669 -0.557 -0.432 -0.305 -0.255 -0.246 -0.271 -0.333 -0.387 -0.463 -0.659 -0.674 0.724 
4.000 300.000 -4.364 -3.998 -3.498 -3.234 -2.905 -2.456 -2.155 -1.764 -1.515 -1.212 -1.068 -0.903 -0.809 -0.706 -0.595 -0.487 -0.451 -0.454 -0.481 -0.543 -0.595 -0.667 -0.852 -0.866 0.586 
4.000 350.000 -4.451 -4.086 -3.588 -3.325 -2.997 -2.550 -2.251 -1.864 -1.619 -1.322 -1.183 -1.027 -0.940 -0.846 -0.747 -0.660 -0.635 -0.649 -0.679 -0.740 -0.790 -0.858 -1.032 -1.044 0.462 
4.000 400.000 -4.530 -4.167 -3.670 -3.408 -3.081 -2.637 -2.340 -1.956 -1.715 -1.425 -1.292 -1.143 -1.063 -0.978 -0.893 -0.824 -0.812 -0.836 -0.868 -0.927 -0.974 -1.038 -1.201 -1.212 0.348 
4.000 450.000 -4.624 -4.262 -3.766 -3.506 -3.180 -2.739 -2.444 -2.064 -1.827 -1.545 -1.417 -1.278 -1.204 -1.129 -1.057 -1.009 -1.008 -1.040 -1.071 -1.126 -1.169 -1.228 -1.376 -1.386 0.223 
4.000 500.000 -4.707 -4.346 -3.853 -3.593 -3.269 -2.830 -2.537 -2.162 -1.928 -1.654 -1.532 -1.403 -1.336 -1.270 -1.213 -1.183 -1.192 -1.231 -1.261 -1.312 -1.350 -1.403 -1.538 -1.547 0.108 
4.000 600.000 -4.844 -4.486 -3.996 -3.739 -3.418 -2.986 -2.699 -2.335 -2.113 -1.862 -1.756 -1.654 -1.606 -1.567 -1.545 -1.558 -1.583 -1.616 -1.630 -1.650 -1.668 -1.696 -1.780 -1.787 -0.103 
4.000 700.000 -4.973 -4.617 -4.131 -3.875 -3.558 -3.130 -2.848 -2.493 -2.279 -2.044 -1.951 -1.866 -1.833 -1.813 -1.816 -1.862 -1.903 -1.944 -1.955 -1.966 -1.977 -1.997 -2.063 -2.068 -0.295 
4.000 800.000 -5.087 -4.733 -4.251 -3.997 -3.683 -3.261 -2.984 -2.638 -2.434 -2.217 -2.136 -2.073 -2.054 -2.054 -2.083 -2.160 -2.215 -2.257 -2.262 -2.261 -2.263 -2.271 -2.317 -2.321 -0.473 
4.000 1000.000 -5.291 -4.942 -4.466 -4.217 -3.909 -3.498 -3.230 -2.902 -2.716 -2.533 -2.477 -2.451 -2.460 -2.495 -2.570 -2.700 -2.776 -2.820 -2.814 -2.793 -2.780 -2.773 -2.789 -2.791 -0.799 
4.000 1200.000 -5.459 -5.114 -4.645 -4.401 -4.099 -3.698 -3.440 -3.132 -2.963 -2.815 -2.783 -2.795 -2.830 -2.899 -3.018 -3.197 -3.290 -3.335 -3.320 -3.281 -3.257 -3.237 -3.233 -3.234 -1.091 
4.000 1500.000 -5.694 -5.357 -4.899 -4.661 -4.368 -3.985 -3.743 -3.464 -3.325 -3.232 -3.240 -3.310 -3.387 -3.508 -3.691 -3.937 -4.055 -4.098 -4.071 -4.010 -3.973 -3.938 -3.910 -3.910 -1.516 
4.500 0.000 -0.865 -0.521 -0.051 0.197 0.507 0.929 1.213 1.582 1.816 2.104 2.243 2.405 2.501 2.612 2.744 2.898 2.980 3.050 3.062 3.048 3.023 2.979 2.847 2.837 3.987 
4.500 1.000 -0.948 -0.605 -0.135 0.113 0.423 0.845 1.129 1.498 1.732 2.020 2.158 2.320 2.416 2.526 2.657 2.810 2.891 2.960 2.972 2.957 2.932 2.888 2.756 2.746 3.900 
4.500 5.000 -1.447 -1.104 -0.634 -0.386 -0.075 0.349 0.634 1.005 1.243 1.538 1.682 1.854 1.957 2.079 2.226 2.405 2.503 2.588 2.604 2.591 2.563 2.515 2.369 2.358 3.408 
4.500 10.000 -1.848 -1.505 -1.034 -0.786 -0.475 -0.051 0.234 0.607 0.846 1.143 1.289 1.464 1.570 1.695 1.848 2.034 2.136 2.222 2.237 2.218 2.187 2.134 1.976 1.964 3.022 
4.500 15.000 -2.099 -1.755 -1.285 -1.037 -0.726 -0.303 -0.017 0.356 0.595 0.893 1.039 1.215 1.321 1.447 1.600 1.786 1.887 1.969 1.980 1.957 1.922 1.866 1.700 1.687 2.776 
4.500 20.000 -2.283 -1.940 -1.470 -1.222 -0.911 -0.487 -0.202 0.171 0.410 0.707 0.853 1.029 1.135 1.260 1.412 1.596 1.694 1.770 1.778 1.750 1.712 1.652 1.479 1.466 2.594 
4.500 25.000 -2.438 -2.095 -1.625 -1.377 -1.066 -0.643 -0.357 0.015 0.254 0.552 0.698 0.874 0.980 1.105 1.257 1.440 1.536 1.609 1.614 1.581 1.541 1.478 1.298 1.284 2.440 
4.500 30.000 -2.562 -2.219 -1.749 -1.501 -1.191 -0.767 -0.482 -0.109 0.129 0.427 0.573 0.749 0.855 0.980 1.131 1.313 1.408 1.477 1.479 1.444 1.401 1.336 1.152 1.137 2.318 
4.500 40.000 -2.750 -2.407 -1.938 -1.690 -1.380 -0.957 -0.672 -0.300 -0.061 0.236 0.382 0.556 0.662 0.785 0.935 1.113 1.204 1.267 1.265 1.224 1.179 1.111 0.921 0.906 2.131 
4.500 50.000 -2.894 -2.552 -2.083 -1.835 -1.525 -1.103 -0.818 -0.446 -0.208 0.088 0.233 0.407 0.511 0.634 0.782 0.956 1.043 1.100 1.095 1.050 1.003 0.932 0.737 0.722 1.988 
4.500 60.000 -2.964 -2.621 -2.153 -1.905 -1.596 -1.173 -0.889 -0.518 -0.280 0.016 0.161 0.334 0.438 0.561 0.707 0.879 0.965 1.020 1.013 0.966 0.917 0.845 0.648 0.632 1.911 
4.500 70.000 -3.020 -2.678 -2.210 -1.963 -1.653 -1.231 -0.947 -0.576 -0.338 -0.043 0.102 0.275 0.379 0.501 0.647 0.819 0.903 0.954 0.945 0.896 0.845 0.771 0.569 0.554 1.845 
4.500 80.000 -3.064 -2.722 -2.254 -2.007 -1.698 -1.276 -0.992 -0.622 -0.384 -0.090 0.055 0.227 0.330 0.451 0.596 0.764 0.846 0.893 0.882 0.829 0.777 0.702 0.498 0.482 1.788 
4.500 90.000 -3.095 -2.754 -2.286 -2.039 -1.730 -1.309 -1.026 -0.656 -0.419 -0.126 0.018 0.189 0.291 0.410 0.552 0.715 0.794 0.837 0.823 0.769 0.716 0.640 0.436 0.420 1.740 
4.500 100.000 -3.124 -2.783 -2.316 -2.069 -1.760 -1.340 -1.056 -0.687 -0.451 -0.159 -0.016 0.153 0.254 0.372 0.511 0.670 0.745 0.783 0.768 0.712 0.659 0.582 0.378 0.362 1.696 
4.500 110.000 -3.150 -2.809 -2.342 -2.096 -1.787 -1.367 -1.084 -0.716 -0.480 -0.189 -0.048 0.120 0.220 0.336 0.472 0.627 0.698 0.732 0.715 0.658 0.604 0.527 0.324 0.308 1.655 
4.500 120.000 -3.174 -2.833 -2.367 -2.120 -1.812 -1.393 -1.110 -0.742 -0.508 -0.218 -0.077 0.089 0.188 0.302 0.435 0.585 0.653 0.683 0.665 0.606 0.552 0.475 0.273 0.257 1.618 
4.500 130.000 -3.197 -2.857 -2.391 -2.145 -1.837 -1.418 -1.136 -0.769 -0.535 -0.246 -0.106 0.058 0.155 0.268 0.398 0.544 0.608 0.634 0.614 0.554 0.499 0.422 0.221 0.206 1.582 
4.500 140.000 -3.221 -2.880 -2.415 -2.169 -1.861 -1.443 -1.161 -0.795 -0.561 -0.274 -0.135 0.028 0.124 0.234 0.362 0.503 0.564 0.586 0.565 0.503 0.448 0.371 0.170 0.155 1.547 
4.500 150.000 -3.245 -2.905 -2.440 -2.194 -1.887 -1.469 -1.187 -0.822 -0.589 -0.303 -0.165 -0.004 0.091 0.200 0.326 0.462 0.521 0.539 0.516 0.453 0.398 0.321 0.121 0.106 1.513 
4.500 175.000 -3.303 -2.964 -2.500 -2.254 -1.948 -1.531 -1.250 -0.887 -0.655 -0.372 -0.237 -0.079 0.013 0.117 0.236 0.362 0.413 0.423 0.397 0.332 0.277 0.200 0.004 -0.010 1.427 
4.500 200.000 -3.356 -3.017 -2.554 -2.309 -2.004 -1.588 -1.308 -0.946 -0.717 -0.437 -0.304 -0.150 -0.061 0.039 0.152 0.268 0.311 0.313 0.285 0.219 0.163 0.088 -0.104 -0.118 1.349 
4.500 250.000 -3.464 -3.127 -2.665 -2.422 -2.117 -1.704 -1.426 -1.068 -0.842 -0.569 -0.441 -0.295 -0.212 -0.121 -0.022 0.074 0.104 0.093 0.061 -0.005 -0.059 -0.131 -0.311 -0.324 1.198 
4.500 300.000 -3.557 -3.221 -2.761 -2.519 -2.216 -1.805 -1.530 -1.175 -0.952 -0.686 -0.563 -0.425 -0.349 -0.266 -0.180 -0.105 -0.087 -0.110 -0.144 -0.208 -0.259 -0.327 -0.494 -0.506 1.067 
4.500 350.000 -3.639 -3.305 -2.847 -2.605 -2.304 -1.895 -1.622 -1.271 -1.052 -0.793 -0.675 -0.546 -0.475 -0.402 -0.329 -0.273 -0.267 -0.300 -0.335 -0.398 -0.446 -0.509 -0.664 -0.675 0.949 
4.500 400.000 -3.714 -3.381 -2.925 -2.684 -2.385 -1.978 -1.707 -1.360 -1.145 -0.893 -0.780 -0.659 -0.595 -0.530 -0.470 -0.432 -0.437 -0.479 -0.515 -0.575 -0.620 -0.678 -0.821 -0.830 0.842 
4.500 450.000 -3.807 -3.475 -3.021 -2.782 -2.484 -2.080 -1.811 -1.468 -1.257 -1.012 -0.905 -0.792 -0.735 -0.680 -0.633 -0.614 -0.629 -0.677 -0.713 -0.768 -0.809 -0.862 -0.990 -0.999 0.720 
4.500 500.000 -3.890 -3.559 -3.107 -2.869 -2.572 -2.171 -1.905 -1.566 -1.358 -1.121 -1.019 -0.916 -0.866 -0.819 -0.785 -0.784 -0.809 -0.862 -0.897 -0.947 -0.983 -1.030 -1.145 -1.153 0.608 
4.500 600.000 -4.027 -3.699 -3.251 -3.015 -2.722 -2.327 -2.067 -1.739 -1.543 -1.327 -1.241 -1.162 -1.130 -1.108 -1.106 -1.142 -1.180 -1.226 -1.244 -1.267 -1.283 -1.308 -1.377 -1.382 0.405 
4.500 700.000 -4.153 -3.828 -3.384 -3.150 -2.860 -2.471 -2.215 -1.896 -1.708 -1.508 -1.433 -1.372 -1.353 -1.349 -1.371 -1.437 -1.489 -1.540 -1.555 -1.567 -1.577 -1.592 -1.644 -1.648 0.220 
4.500 800.000 -4.268 -3.945 -3.505 -3.274 -2.987 -2.603 -2.352 -2.042 -1.862 -1.678 -1.614 -1.571 -1.565 -1.577 -1.621 -1.714 -1.777 -1.830 -1.840 -1.843 -1.846 -1.853 -1.889 -1.892 0.049 
4.500 1000.000 -4.471 -4.153 -3.720 -3.493 -3.213 -2.840 -2.599 -2.306 -2.143 -1.990 -1.950 -1.941 -1.960 -2.004 -2.090 -2.229 -2.310 -2.363 -2.363 -2.348 -2.337 -2.330 -2.342 -2.343 -0.264 
4.500 1200.000 -4.634 -4.321 -3.896 -3.674 -3.400 -3.038 -2.806 -2.532 -2.385 -2.266 -2.248 -2.274 -2.317 -2.393 -2.518 -2.701 -2.799 -2.854 -2.846 -2.817 -2.797 -2.780 -2.774 -2.775 -0.540 
4.500 1500.000 -4.863 -4.558 -4.145 -3.930 -3.666 -3.321 -3.105 -2.860 -2.742 -2.675 -2.694 -2.775 -2.857 -2.982 -3.166 -3.413 -3.534 -3.591 -3.574 -3.527 -3.496 -3.467 -3.442 -3.442 -0.942 
5.000 0.000 -0.381 -0.066 0.365 0.593 0.878 1.265 1.525 1.861 2.073 2.328 2.450 2.590 2.673 2.768 2.880 3.010 3.076 3.125 3.127 3.104 3.075 3.029 2.899 2.889 4.143 
5.000 1.000 -0.446 -0.132 0.299 0.527 0.812 1.199 1.459 1.794 2.006 2.261 2.382 2.521 2.603 2.697 2.807 2.935 2.999 3.045 3.046 3.021 2.991 2.945 2.814 2.804 4.074 
5.000 5.000 -0.818 -0.503 -0.072 0.156 0.441 0.829 1.089 1.427 1.640 1.900 2.025 2.171 2.258 2.359 2.480 2.625 2.701 2.760 2.765 2.742 2.712 2.664 2.525 2.515 3.696 
5.000 10.000 -1.178 -0.864 -0.432 -0.205 0.081 0.469 0.730 1.068 1.283 1.545 1.671 1.821 1.910 2.015 2.142 2.295 2.375 2.438 2.442 2.416 2.384 2.332 2.185 2.173 3.349 
5.000 15.000 -1.412 -1.098 -0.667 -0.439 -0.154 0.234 0.495 0.833 1.048 1.311 1.437 1.587 1.677 1.782 1.909 2.063 2.143 2.202 2.205 2.175 2.140 2.086 1.932 1.920 3.120 
5.000 20.000 -1.587 -1.273 -0.842 -0.614 -0.330 0.058 0.319 0.658 0.872 1.134 1.261 1.410 1.499 1.604 1.730 1.881 1.959 2.013 2.013 1.979 1.942 1.885 1.725 1.713 2.948 
5.000 25.000 -1.731 -1.417 -0.986 -0.759 -0.474 -0.087 0.174 0.512 0.727 0.989 1.115 1.264 1.353 1.457 1.582 1.731 1.806 1.856 1.852 1.815 1.775 1.715 1.551 1.538 2.803 
5.000 30.000 -1.849 -1.535 -1.104 -0.877 -0.592 -0.205 0.056 0.394 0.608 0.869 0.995 1.144 1.233 1.336 1.461 1.607 1.680 1.727 1.721 1.681 1.639 1.577 1.408 1.395 2.687 
5.000 40.000 -2.029 -1.716 -1.286 -1.058 -0.774 -0.387 -0.127 0.211 0.424 0.685 0.810 0.958 1.045 1.148 1.270 1.412 1.482 1.522 1.512 1.467 1.423 1.359 1.185 1.172 2.508 
5.000 50.000 -2.170 -1.857 -1.427 -1.200 -0.916 -0.529 -0.269 0.067 0.281 0.541 0.665 0.812 0.899 1.000 1.120 1.259 1.325 1.360 1.347 1.299 1.253 1.186 1.009 0.995 2.372 
5.000 60.000 -2.237 -1.924 -1.495 -1.268 -0.984 -0.598 -0.338 -0.002 0.211 0.471 0.595 0.741 0.828 0.928 1.048 1.185 1.249 1.282 1.267 1.217 1.169 1.102 0.922 0.908 2.299 
5.000 70.000 -2.292 -1.979 -1.550 -1.324 -1.040 -0.654 -0.395 -0.059 0.154 0.414 0.538 0.684 0.770 0.871 0.989 1.125 1.188 1.218 1.202 1.148 1.099 1.029 0.846 0.831 2.237 
5.000 80.000 -2.333 -2.020 -1.591 -1.365 -1.082 -0.696 -0.437 -0.101 0.111 0.369 0.493 0.638 0.724 0.823 0.940 1.072 1.133 1.158 1.140 1.085 1.034 0.963 0.778 0.764 2.184 
5.000 90.000 -2.362 -2.050 -1.622 -1.396 -1.113 -0.728 -0.469 -0.134 0.078 0.335 0.458 0.601 0.686 0.783 0.898 1.026 1.083 1.104 1.083 1.026 0.975 0.903 0.718 0.704 2.139 
5.000 100.000 -2.389 -2.077 -1.649 -1.423 -1.141 -0.756 -0.498 -0.164 0.047 0.303 0.425 0.567 0.650 0.746 0.858 0.981 1.035 1.052 1.030 0.971 0.919 0.847 0.662 0.648 2.098 
5.000 110.000 -2.413 -2.101 -1.674 -1.448 -1.166 -0.782 -0.524 -0.191 0.020 0.274 0.395 0.536 0.618 0.712 0.820 0.939 0.990 1.002 0.978 0.918 0.866 0.794 0.610 0.597 2.061 
5.000 120.000 -2.435 -2.124 -1.697 -1.472 -1.190 -0.806 -0.549 -0.216 -0.006 0.247 0.367 0.506 0.587 0.679 0.786 0.900 0.947 0.955 0.930 0.869 0.816 0.745 0.562 0.548 2.026 
5.000 130.000 -2.457 -2.146 -1.719 -1.494 -1.213 -0.829 -0.572 -0.240 -0.032 0.221 0.340 0.477 0.556 0.647 0.750 0.860 0.903 0.907 0.881 0.818 0.765 0.694 0.512 0.499 1.992 
5.000 140.000 -2.479 -2.168 -1.742 -1.517 -1.235 -0.853 -0.596 -0.265 -0.057 0.194 0.312 0.447 0.526 0.614 0.715 0.820 0.860 0.860 0.832 0.769 0.716 0.645 0.465 0.452 1.960 
5.000 150.000 -2.501 -2.191 -1.765 -1.540 -1.259 -0.877 -0.621 -0.291 -0.083 0.167 0.283 0.417 0.494 0.581 0.679 0.780 0.817 0.814 0.784 0.720 0.668 0.597 0.419 0.406 1.929 
5.000 175.000 -2.555 -2.245 -1.820 -1.596 -1.316 -0.935 -0.680 -0.352 -0.146 0.100 0.215 0.345 0.419 0.501 0.592 0.682 0.711 0.700 0.668 0.603 0.551 0.481 0.309 0.296 1.848 
5.000 200.000 -2.603 -2.294 -1.870 -1.647 -1.368 -0.988 -0.734 -0.407 -0.203 0.039 0.151 0.277 0.348 0.425 0.509 0.589 0.611 0.593 0.559 0.493 0.442 0.374 0.207 0.195 1.775 
5.000 250.000 -2.705 -2.398 -1.976 -1.754 -1.476 -1.099 -0.847 -0.525 -0.324 -0.088 0.018 0.136 0.200 0.268 0.339 0.398 0.407 0.376 0.340 0.275 0.226 0.162 0.009 -0.002 1.632 
5.000 300.000 -2.793 -2.487 -2.068 -1.846 -1.570 -1.196 -0.947 -0.628 -0.431 -0.202 -0.101 0.009 0.066 0.126 0.184 0.223 0.220 0.179 0.141 0.079 0.033 -0.026 -0.166 -0.176 1.507 
5.000 350.000 -2.872 -2.567 -2.150 -1.930 -1.655 -1.283 -1.036 -0.721 -0.528 -0.307 -0.210 -0.109 -0.058 -0.007 0.038 0.058 0.044 -0.005 -0.044 -0.104 -0.146 -0.200 -0.327 -0.336 1.396 
5.000 400.000 -2.943 -2.640 -2.225 -2.006 -1.733 -1.364 -1.119 -0.808 -0.619 -0.404 -0.313 -0.220 -0.175 -0.133 -0.100 -0.097 -0.121 -0.177 -0.216 -0.271 -0.310 -0.359 -0.474 -0.481 1.296 
5.000 450.000 -3.036 -2.734 -2.321 -2.103 -1.832 -1.466 -1.223 -0.917 -0.731 -0.524 -0.438 -0.354 -0.315 -0.282 -0.262 -0.275 -0.308 -0.370 -0.407 -0.458 -0.492 -0.536 -0.637 -0.644 1.176 
5.000 500.000 -3.119 -2.818 -2.407 -2.190 -1.921 -1.558 -1.317 -1.015 -0.833 -0.634 -0.553 -0.477 -0.445 -0.420 -0.413 -0.443 -0.483 -0.549 -0.584 -0.630 -0.660 -0.698 -0.788 -0.793 1.067 
5.000 600.000 -3.254 -2.956 -2.549 -2.336 -2.070 -1.713 -1.479 -1.187 -1.016 -0.837 -0.771 -0.719 -0.703 -0.701 -0.722 -0.785 -0.836 -0.892 -0.912 -0.932 -0.945 -0.963 -1.013 -1.017 0.868 
5.000 700.000 -3.378 -3.083 -2.681 -2.469 -2.207 -1.856 -1.626 -1.343 -1.181 -1.017 -0.961 -0.926 -0.922 -0.936 -0.979 -1.067 -1.129 -1.188 -1.204 -1.215 -1.221 -1.231 -1.266 -1.269 0.689 
5.000 800.000 -3.491 -3.199 -2.801 -2.592 -2.333 -1.987 -1.763 -1.489 -1.334 -1.185 -1.141 -1.122 -1.131 -1.160 -1.223 -1.335 -1.406 -1.466 -1.477 -1.478 -1.478 -1.480 -1.503 -1.505 0.524 
5.000 1000.000 -3.690 -3.404 -3.014 -2.810 -2.558 -2.223 -2.008 -1.752 -1.613 -1.495 -1.472 -1.486 -1.517 -1.575 -1.675 -1.826 -1.912 -1.969 -1.970 -1.955 -1.944 -1.934 -1.936 -1.937 0.223 
5.000 1200.000 -3.850 -3.569 -3.187 -2.988 -2.742 -2.419 -2.214 -1.974 -1.851 -1.762 -1.759 -1.802 -1.855 -1.942 -2.077 -2.270 -2.374 -2.440 -2.440 -2.419 -2.403 -2.388 -2.380 -2.380 -0.038 
5.000 1500.000 -4.070 -3.797 -3.428 -3.236 -3.002 -2.697 -2.507 -2.297 -2.202 -2.164 -2.196 -2.292 -2.380 -2.510 -2.697 -2.941 -3.060 -3.119 -3.107 -3.066 -3.039 -3.012 -2.987 -2.987 -0.418 
5.500 0.000 0.030 0.316 0.708 0.916 1.175 1.528 1.765 2.069 2.259 2.485 2.590 2.710 2.779 2.860 2.954 3.063 3.118 3.153 3.150 3.123 3.094 3.050 2.929 2.920 4.235 
5.500 1.000 -0.029 0.257 0.649 0.857 1.116 1.469 1.705 2.009 2.199 2.424 2.528 2.647 2.716 2.795 2.887 2.993 3.044 3.075 3.070 3.040 3.010 2.965 2.843 2.834 4.175 
5.500 5.000 -0.275 0.011 0.403 0.610 0.869 1.222 1.459 1.764 1.954 2.181 2.286 2.408 2.479 2.560 2.657 2.770 2.825 2.862 2.858 2.829 2.799 2.753 2.627 2.618 3.907 
5.500 10.000 -0.574 -0.288 0.104 0.311 0.570 0.924 1.160 1.466 1.657 1.885 1.992 2.116 2.189 2.273 2.374 2.493 2.552 2.592 2.589 2.558 2.526 2.478 2.346 2.336 3.614 
5.500 15.000 -0.785 -0.499 -0.108 0.100 0.359 0.712 0.949 1.254 1.445 1.674 1.781 1.905 1.978 2.063 2.165 2.284 2.344 2.382 2.377 2.345 2.311 2.262 2.125 2.115 3.407 
5.500 20.000 -0.950 -0.664 -0.273 -0.066 0.194 0.546 0.783 1.088 1.279 1.507 1.614 1.738 1.811 1.895 1.995 2.112 2.170 2.204 2.196 2.161 2.125 2.073 1.932 1.922 3.247 
5.500 25.000 -1.086 -0.801 -0.409 -0.202 0.057 0.409 0.646 0.950 1.141 1.369 1.475 1.598 1.670 1.754 1.853 1.967 2.021 2.051 2.041 2.001 1.964 1.910 1.765 1.754 3.111 
5.500 30.000 -1.200 -0.915 -0.524 -0.317 -0.058 0.294 0.531 0.835 1.025 1.253 1.359 1.482 1.554 1.636 1.734 1.846 1.899 1.925 1.912 1.871 1.831 1.775 1.627 1.616 3.000 
5.500 40.000 -1.375 -1.090 -0.699 -0.492 -0.234 0.118 0.354 0.658 0.848 1.074 1.180 1.301 1.372 1.453 1.549 1.657 1.706 1.725 1.710 1.663 1.622 1.563 1.411 1.399 2.828 
5.500 50.000 -1.512 -1.227 -0.837 -0.631 -0.373 -0.021 0.214 0.518 0.707 0.933 1.038 1.159 1.229 1.309 1.403 1.507 1.553 1.568 1.549 1.500 1.456 1.396 1.240 1.228 2.697 
5.500 60.000 -1.580 -1.295 -0.905 -0.699 -0.441 -0.090 0.145 0.448 0.637 0.863 0.968 1.088 1.158 1.238 1.331 1.434 1.478 1.490 1.470 1.419 1.374 1.312 1.153 1.141 2.628 
5.500 70.000 -1.633 -1.349 -0.960 -0.754 -0.496 -0.145 0.090 0.392 0.581 0.807 0.911 1.031 1.101 1.181 1.273 1.375 1.418 1.428 1.406 1.352 1.305 1.242 1.079 1.066 2.568 
5.500 80.000 -1.673 -1.390 -1.001 -0.795 -0.538 -0.187 0.047 0.349 0.538 0.762 0.867 0.986 1.055 1.133 1.224 1.323 1.363 1.369 1.345 1.289 1.241 1.177 1.013 1.000 2.518 
5.500 90.000 -1.702 -1.419 -1.030 -0.825 -0.568 -0.218 0.016 0.317 0.505 0.728 0.832 0.949 1.017 1.094 1.182 1.276 1.313 1.315 1.289 1.231 1.183 1.118 0.954 0.942 2.475 
5.500 100.000 -1.729 -1.446 -1.057 -0.852 -0.596 -0.247 -0.013 0.288 0.475 0.697 0.799 0.915 0.982 1.057 1.142 1.232 1.266 1.263 1.235 1.176 1.127 1.062 0.900 0.887 2.436 
5.500 110.000 -1.752 -1.469 -1.082 -0.877 -0.620 -0.272 -0.039 0.261 0.448 0.668 0.770 0.884 0.949 1.023 1.105 1.190 1.221 1.214 1.185 1.124 1.075 1.011 0.849 0.837 2.400 
5.500 120.000 -1.774 -1.491 -1.104 -0.900 -0.644 -0.296 -0.063 0.236 0.422 0.641 0.742 0.855 0.919 0.990 1.070 1.150 1.177 1.167 1.136 1.075 1.026 0.961 0.802 0.790 2.367 
5.500 130.000 -1.795 -1.513 -1.126 -0.922 -0.666 -0.319 -0.087 0.212 0.397 0.614 0.714 0.825 0.887 0.957 1.034 1.109 1.133 1.118 1.087 1.024 0.975 0.911 0.753 0.742 2.335 
5.500 140.000 -1.817 -1.535 -1.148 -0.944 -0.689 -0.342 -0.110 0.187 0.372 0.588 0.686 0.795 0.857 0.924 0.998 1.069 1.089 1.071 1.038 0.975 0.926 0.862 0.707 0.695 2.304 
5.500 150.000 -1.839 -1.557 -1.171 -0.967 -0.713 -0.366 -0.135 0.162 0.346 0.561 0.658 0.766 0.826 0.892 0.963 1.029 1.047 1.025 0.991 0.928 0.879 0.815 0.661 0.650 2.274 
5.500 175.000 -1.892 -1.611 -1.226 -1.023 -0.769 -0.424 -0.194 0.101 0.283 0.494 0.589 0.692 0.749 0.810 0.875 0.930 0.940 0.911 0.875 0.811 0.764 0.702 0.555 0.544 2.197 
5.500 200.000 -1.939 -1.659 -1.276 -1.073 -0.820 -0.476 -0.247 0.045 0.225 0.433 0.525 0.624 0.678 0.734 0.791 0.836 0.839 0.803 0.766 0.702 0.656 0.596 0.456 0.446 2.126 
5.500 250.000 -2.037 -1.759 -1.377 -1.176 -0.925 -0.584 -0.357 -0.069 0.107 0.308 0.395 0.485 0.532 0.579 0.623 0.647 0.638 0.590 0.551 0.490 0.446 0.392 0.266 0.257 1.989 
5.500 300.000 -2.121 -1.844 -1.465 -1.265 -1.015 -0.678 -0.453 -0.169 0.003 0.196 0.278 0.360 0.401 0.439 0.469 0.475 0.453 0.398 0.358 0.300 0.260 0.210 0.098 0.091 1.870 
5.500 350.000 -2.195 -1.919 -1.543 -1.344 -1.096 -0.762 -0.540 -0.260 -0.091 0.095 0.171 0.244 0.278 0.307 0.325 0.312 0.281 0.218 0.179 0.125 0.089 0.045 -0.054 -0.060 1.765 
5.500 400.000 -2.262 -1.988 -1.614 -1.416 -1.170 -0.838 -0.619 -0.343 -0.179 0.000 0.070 0.135 0.163 0.183 0.189 0.159 0.119 0.051 0.013 -0.037 -0.069 -0.107 -0.193 -0.199 1.669 
5.500 450.000 -2.343 -2.071 -1.699 -1.503 -1.259 -0.930 -0.713 -0.442 -0.282 -0.111 -0.045 0.011 0.032 0.044 0.037 -0.008 -0.056 -0.128 -0.164 -0.209 -0.236 -0.270 -0.344 -0.349 1.558 
5.500 500.000 -2.417 -2.147 -1.777 -1.582 -1.340 -1.014 -0.800 -0.533 -0.376 -0.213 -0.153 -0.105 -0.090 -0.087 -0.105 -0.165 -0.221 -0.295 -0.329 -0.368 -0.392 -0.420 -0.483 -0.488 1.456 
5.500 600.000 -2.541 -2.274 -1.909 -1.717 -1.479 -1.160 -0.952 -0.696 -0.550 -0.408 -0.362 -0.337 -0.338 -0.356 -0.401 -0.489 -0.551 -0.614 -0.633 -0.648 -0.656 -0.666 -0.697 -0.700 1.270 
5.500 700.000 -2.658 -2.394 -2.034 -1.845 -1.610 -1.297 -1.093 -0.846 -0.708 -0.580 -0.544 -0.534 -0.546 -0.578 -0.642 -0.751 -0.822 -0.885 -0.900 -0.906 -0.908 -0.912 -0.931 -0.933 1.102 
5.500 800.000 -2.764 -2.503 -2.148 -1.961 -1.730 -1.423 -1.224 -0.986 -0.856 -0.743 -0.718 -0.723 -0.746 -0.793 -0.874 -1.003 -1.081 -1.144 -1.154 -1.152 -1.149 -1.146 -1.156 -1.157 0.946 
5.500 1000.000 -2.954 -2.700 -2.353 -2.172 -1.948 -1.652 -1.463 -1.242 -1.127 -1.041 -1.036 -1.070 -1.113 -1.185 -1.299 -1.465 -1.558 -1.623 -1.629 -1.618 -1.608 -1.598 -1.595 -1.596 0.661 
5.500 1200.000 -3.102 -2.853 -2.515 -2.339 -2.123 -1.839 -1.660 -1.457 -1.359 -1.303 -1.318 -1.382 -1.447 -1.545 -1.690 -1.889 -1.993 -2.058 -2.057 -2.036 -2.019 -2.003 -1.990 -1.990 0.414 
5.500 1500.000 -3.312 -3.073 -2.749 -2.581 -2.376 -2.110 -1.948 -1.774 -1.702 -1.694 -1.740 -1.850 -1.946 -2.081 -2.269 -2.507 -2.620 -2.677 -2.666 -2.629 -2.604 -2.579 -2.554 -2.553 0.056 
6.000 0.000 0.410 0.667 1.020 1.207 1.440 1.759 1.973 2.246 2.416 2.613 2.703 2.804 2.863 2.929 3.008 3.098 3.141 3.165 3.158 3.128 3.100 3.058 2.946 2.937 4.306 
6.000 1.000 0.351 0.608 0.960 1.147 1.381 1.699 1.913 2.186 2.355 2.553 2.642 2.742 2.800 2.865 2.942 3.029 3.070 3.089 3.080 3.047 3.017 2.973 2.858 2.849 4.247 
6.000 5.000 0.188 0.444 0.797 0.983 1.217 1.535 1.749 2.022 2.191 2.388 2.477 2.577 2.634 2.700 2.776 2.862 2.902 2.921 2.912 2.879 2.848 2.805 2.690 2.681 4.061 
6.000 10.000 -0.037 0.219 0.572 0.758 0.992 1.310 1.523 1.796 1.966 2.163 2.253 2.353 2.411 2.477 2.555 2.644 2.685 2.706 2.697 2.664 2.633 2.590 2.474 2.465 3.832 
6.000 15.000 -0.217 0.039 0.392 0.578 0.811 1.129 1.343 1.616 1.785 1.982 2.072 2.173 2.231 2.297 2.375 2.464 2.506 2.526 2.516 2.482 2.450 2.406 2.287 2.278 3.656 
6.000 20.000 -0.366 -0.110 0.242 0.428 0.662 0.979 1.192 1.465 1.634 1.831 1.921 2.021 2.079 2.144 2.221 2.308 2.347 2.363 2.351 2.314 2.281 2.235 2.113 2.104 3.512 
6.000 25.000 -0.492 -0.236 0.116 0.302 0.535 0.853 1.065 1.338 1.506 1.703 1.792 1.891 1.948 2.012 2.087 2.171 2.207 2.218 2.204 2.164 2.129 2.081 1.956 1.946 3.385 
6.000 30.000 -0.600 -0.344 0.007 0.193 0.426 0.743 0.956 1.228 1.396 1.592 1.680 1.779 1.836 1.900 1.973 2.054 2.089 2.096 2.080 2.037 2.001 1.951 1.823 1.813 3.280 
6.000 40.000 -0.771 -0.515 -0.164 0.022 0.254 0.571 0.783 1.054 1.222 1.417 1.505 1.603 1.658 1.721 1.792 1.869 1.899 1.901 1.880 1.833 1.794 1.742 1.609 1.599 3.118 
6.000 50.000 -0.905 -0.650 -0.299 -0.114 0.119 0.435 0.647 0.918 1.085 1.280 1.367 1.465 1.520 1.582 1.652 1.727 1.755 1.752 1.729 1.678 1.637 1.582 1.444 1.434 2.993 
6.000 60.000 -0.972 -0.717 -0.367 -0.182 0.050 0.366 0.578 0.848 1.016 1.210 1.297 1.395 1.450 1.512 1.582 1.656 1.683 1.678 1.653 1.601 1.558 1.502 1.361 1.350 2.927 
6.000 70.000 -1.025 -0.771 -0.421 -0.236 -0.005 0.311 0.522 0.793 0.960 1.154 1.241 1.338 1.393 1.454 1.524 1.597 1.623 1.616 1.589 1.534 1.491 1.433 1.289 1.278 2.870 
6.000 80.000 -1.065 -0.811 -0.462 -0.277 -0.046 0.269 0.480 0.750 0.916 1.110 1.196 1.292 1.346 1.407 1.475 1.544 1.568 1.557 1.529 1.472 1.427 1.369 1.224 1.213 2.821 
6.000 90.000 -1.094 -0.840 -0.492 -0.307 -0.076 0.238 0.449 0.718 0.883 1.075 1.161 1.256 1.309 1.367 1.433 1.498 1.518 1.503 1.473 1.415 1.370 1.311 1.167 1.156 2.780 
6.000 100.000 -1.119 -0.866 -0.518 -0.334 -0.103 0.211 0.421 0.689 0.854 1.045 1.130 1.223 1.274 1.331 1.394 1.455 1.472 1.453 1.422 1.363 1.317 1.258 1.116 1.105 2.742 
6.000 110.000 -1.143 -0.889 -0.542 -0.358 -0.128 0.185 0.395 0.662 0.827 1.016 1.100 1.191 1.242 1.297 1.357 1.413 1.426 1.404 1.371 1.311 1.266 1.207 1.066 1.056 2.708 
6.000 120.000 -1.163 -0.910 -0.563 -0.379 -0.150 0.163 0.372 0.639 0.802 0.990 1.073 1.162 1.211 1.264 1.321 1.372 1.383 1.356 1.323 1.262 1.217 1.159 1.021 1.011 2.676 
6.000 130.000 -1.184 -0.932 -0.585 -0.402 -0.173 0.139 0.348 0.614 0.776 0.963 1.044 1.132 1.180 1.231 1.285 1.331 1.338 1.308 1.273 1.212 1.167 1.109 0.974 0.964 2.645 
6.000 140.000 -1.206 -0.954 -0.608 -0.425 -0.196 0.115 0.323 0.588 0.750 0.935 1.016 1.102 1.148 1.198 1.249 1.290 1.294 1.261 1.225 1.163 1.118 1.061 0.928 0.918 2.615 
6.000 150.000 -1.228 -0.977 -0.631 -0.448 -0.220 0.091 0.299 0.563 0.724 0.908 0.987 1.072 1.117 1.165 1.213 1.251 1.251 1.215 1.178 1.116 1.071 1.014 0.883 0.874 2.586 
6.000 175.000 -1.280 -1.029 -0.685 -0.503 -0.275 0.034 0.240 0.502 0.661 0.841 0.918 0.998 1.040 1.083 1.124 1.150 1.144 1.100 1.062 1.000 0.957 0.903 0.780 0.772 2.511 
6.000 200.000 -1.327 -1.077 -0.734 -0.553 -0.326 -0.019 0.186 0.446 0.603 0.780 0.854 0.930 0.968 1.006 1.040 1.056 1.043 0.993 0.953 0.893 0.851 0.799 0.683 0.675 2.442 
6.000 250.000 -1.419 -1.171 -0.830 -0.650 -0.426 -0.121 0.081 0.337 0.490 0.659 0.727 0.795 0.826 0.855 0.875 0.870 0.845 0.785 0.744 0.686 0.648 0.602 0.501 0.494 2.313 
6.000 300.000 -1.497 -1.251 -0.913 -0.734 -0.511 -0.210 -0.010 0.241 0.390 0.551 0.614 0.673 0.698 0.717 0.724 0.701 0.665 0.597 0.557 0.503 0.469 0.429 0.342 0.336 2.200 
6.000 350.000 -1.567 -1.322 -0.987 -0.810 -0.589 -0.291 -0.094 0.152 0.297 0.450 0.508 0.557 0.575 0.585 0.578 0.537 0.492 0.420 0.381 0.333 0.303 0.269 0.196 0.192 2.101 
6.000 400.000 -1.630 -1.387 -1.055 -0.879 -0.660 -0.365 -0.171 0.071 0.211 0.356 0.408 0.449 0.460 0.461 0.443 0.386 0.332 0.257 0.220 0.178 0.153 0.124 0.063 0.059 2.009 
6.000 450.000 -1.703 -1.462 -1.132 -0.958 -0.741 -0.449 -0.257 -0.020 0.116 0.253 0.300 0.331 0.337 0.329 0.299 0.227 0.167 0.090 0.055 0.019 -0.002 -0.026 -0.076 -0.079 1.908 
6.000 500.000 -1.770 -1.530 -1.203 -1.030 -0.815 -0.527 -0.338 -0.105 0.027 0.156 0.197 0.220 0.219 0.203 0.162 0.078 0.012 -0.066 -0.098 -0.129 -0.145 -0.164 -0.205 -0.207 1.814 
6.000 600.000 -1.882 -1.646 -1.324 -1.154 -0.944 -0.663 -0.480 -0.259 -0.138 -0.029 -0.003 -0.001 -0.018 -0.053 -0.117 -0.225 -0.294 -0.357 -0.374 -0.382 -0.384 -0.388 -0.403 -0.404 1.642 
6.000 700.000 -1.990 -1.757 -1.440 -1.273 -1.067 -0.792 -0.615 -0.403 -0.290 -0.196 -0.179 -0.193 -0.220 -0.268 -0.350 -0.476 -0.551 -0.613 -0.624 -0.625 -0.622 -0.620 -0.626 -0.627 1.484 
6.000 800.000 -2.087 -1.858 -1.545 -1.382 -1.179 -0.911 -0.739 -0.537 -0.432 -0.353 -0.346 -0.375 -0.412 -0.474 -0.571 -0.713 -0.793 -0.851 -0.858 -0.851 -0.843 -0.836 -0.834 -0.835 1.338 
6.000 1000.000 -2.264 -2.041 -1.739 -1.581 -1.386 -1.129 -0.967 -0.782 -0.692 -0.640 -0.652 -0.707 -0.762 -0.847 -0.973 -1.145 -1.236 -1.297 -1.301 -1.287 -1.275 -1.263 -1.253 -1.253 1.071 
6.000 1200.000 -2.403 -2.187 -1.894 -1.742 -1.555 -1.311 -1.160 -0.994 -0.920 -0.898 -0.929 -1.013 -1.087 -1.195 -1.348 -1.547 -1.646 -1.704 -1.702 -1.680 -1.663 -1.646 -1.629 -1.629 0.837 
6.000 1500.000 -2.605 -2.400 -2.122 -1.978 -1.803 -1.579 -1.444 -1.306 -1.259 -1.281 -1.341 -1.467 -1.569 -1.709 -1.898 -2.128 -2.235 -2.288 -2.278 -2.245 -2.223 -2.200 -2.176 -2.176 0.499 
6.500 0.000 0.772 0.999 1.311 1.477 1.684 1.968 2.159 2.402 2.552 2.724 2.801 2.886 2.934 2.989 3.054 3.129 3.165 3.181 3.171 3.140 3.112 3.072 2.966 2.958 4.361 
6.500 1.000 0.714 0.941 1.253 1.418 1.626 1.910 2.100 2.344 2.494 2.666 2.742 2.826 2.874 2.928 2.992 3.065 3.099 3.111 3.099 3.064 3.034 2.991 2.881 2.872 4.304 
6.500 5.000 0.600 0.826 1.138 1.304 1.511 1.795 1.985 2.228 2.377 2.548 2.623 2.706 2.753 2.805 2.867 2.936 2.966 2.975 2.961 2.926 2.896 2.854 2.746 2.737 4.174 
6.500 10.000 0.442 0.668 0.980 1.145 1.353 1.636 1.825 2.068 2.217 2.387 2.462 2.543 2.589 2.641 2.701 2.768 2.797 2.805 2.792 2.759 2.730 2.689 2.586 2.578 4.005 
6.500 15.000 0.299 0.525 0.837 1.002 1.209 1.492 1.682 1.924 2.072 2.242 2.317 2.398 2.444 2.496 2.555 2.621 2.650 2.657 2.644 2.610 2.581 2.541 2.437 2.429 3.865 
6.500 20.000 0.168 0.395 0.706 0.871 1.078 1.360 1.550 1.792 1.940 2.109 2.184 2.265 2.310 2.361 2.420 2.484 2.511 2.516 2.500 2.464 2.433 2.392 2.285 2.277 3.740 
6.500 25.000 0.051 0.277 0.588 0.753 0.959 1.242 1.431 1.673 1.821 1.989 2.064 2.144 2.189 2.239 2.297 2.359 2.384 2.384 2.367 2.328 2.295 2.252 2.142 2.133 3.627 
6.500 30.000 -0.052 0.174 0.484 0.649 0.856 1.138 1.327 1.568 1.716 1.885 1.959 2.039 2.084 2.134 2.190 2.251 2.274 2.272 2.252 2.211 2.177 2.131 2.017 2.009 3.531 
6.500 40.000 -0.216 0.010 0.320 0.485 0.691 0.972 1.161 1.402 1.549 1.717 1.790 1.870 1.914 1.963 2.018 2.075 2.095 2.087 2.064 2.017 1.981 1.932 1.813 1.804 3.378 
6.500 50.000 -0.344 -0.119 0.190 0.355 0.560 0.841 1.030 1.270 1.417 1.584 1.657 1.736 1.780 1.828 1.882 1.936 1.953 1.942 1.917 1.867 1.829 1.779 1.656 1.647 3.260 
6.500 60.000 -0.411 -0.186 0.123 0.287 0.493 0.773 0.961 1.201 1.348 1.515 1.588 1.667 1.711 1.759 1.813 1.868 1.885 1.872 1.846 1.795 1.756 1.704 1.578 1.568 3.196 
6.500 70.000 -0.464 -0.239 0.070 0.233 0.439 0.719 0.906 1.146 1.293 1.460 1.533 1.612 1.656 1.704 1.758 1.813 1.829 1.814 1.787 1.733 1.692 1.638 1.508 1.498 3.142 
6.500 80.000 -0.503 -0.279 0.029 0.193 0.398 0.677 0.865 1.104 1.250 1.416 1.489 1.567 1.610 1.658 1.711 1.762 1.777 1.759 1.729 1.674 1.631 1.577 1.444 1.434 3.095 
6.500 90.000 -0.531 -0.307 0.000 0.163 0.368 0.647 0.834 1.072 1.218 1.383 1.455 1.531 1.573 1.619 1.670 1.717 1.728 1.706 1.675 1.619 1.576 1.521 1.390 1.380 3.055 
6.500 100.000 -0.557 -0.333 -0.026 0.137 0.341 0.619 0.805 1.043 1.188 1.352 1.423 1.498 1.539 1.583 1.631 1.674 1.682 1.657 1.624 1.566 1.524 1.469 1.340 1.330 3.019 
6.500 110.000 -0.579 -0.356 -0.049 0.113 0.317 0.595 0.781 1.017 1.161 1.324 1.394 1.467 1.507 1.549 1.594 1.632 1.637 1.607 1.573 1.515 1.472 1.419 1.292 1.283 2.986 
6.500 120.000 -0.599 -0.377 -0.071 0.092 0.295 0.572 0.757 0.993 1.136 1.298 1.366 1.438 1.476 1.517 1.558 1.592 1.593 1.560 1.525 1.466 1.424 1.371 1.247 1.238 2.956 
6.500 130.000 -0.622 -0.399 -0.094 0.068 0.271 0.547 0.732 0.967 1.110 1.269 1.337 1.407 1.444 1.482 1.521 1.550 1.548 1.511 1.475 1.416 1.374 1.321 1.200 1.191 2.926 
6.500 140.000 -0.644 -0.422 -0.117 0.045 0.247 0.523 0.707 0.941 1.083 1.241 1.308 1.377 1.412 1.449 1.485 1.510 1.504 1.464 1.427 1.367 1.325 1.273 1.155 1.146 2.897 
6.500 150.000 -0.664 -0.443 -0.139 0.022 0.225 0.500 0.683 0.917 1.058 1.214 1.280 1.347 1.381 1.416 1.449 1.469 1.461 1.418 1.380 1.320 1.279 1.228 1.113 1.104 2.869 
6.500 175.000 -0.716 -0.495 -0.192 -0.032 0.169 0.443 0.625 0.856 0.995 1.148 1.211 1.273 1.304 1.334 1.360 1.369 1.353 1.304 1.265 1.206 1.167 1.119 1.013 1.006 2.797 
6.500 200.000 -0.763 -0.543 -0.242 -0.082 0.118 0.390 0.571 0.800 0.936 1.086 1.146 1.204 1.231 1.256 1.275 1.273 1.251 1.195 1.155 1.097 1.060 1.015 0.916 0.910 2.731 
6.500 250.000 -0.850 -0.632 -0.334 -0.175 0.022 0.291 0.469 0.693 0.826 0.967 1.021 1.070 1.090 1.106 1.110 1.088 1.054 0.989 0.949 0.896 0.862 0.823 0.742 0.737 2.608 
6.500 300.000 -0.924 -0.709 -0.413 -0.256 -0.060 0.205 0.380 0.599 0.727 0.860 0.909 0.949 0.962 0.968 0.959 0.918 0.874 0.803 0.764 0.717 0.688 0.655 0.589 0.585 2.501 
6.500 350.000 -0.990 -0.776 -0.483 -0.328 -0.135 0.127 0.299 0.513 0.637 0.762 0.804 0.835 0.841 0.838 0.816 0.758 0.705 0.631 0.594 0.553 0.529 0.503 0.450 0.447 2.406 
6.500 400.000 -1.050 -0.838 -0.547 -0.394 -0.203 0.055 0.225 0.434 0.553 0.669 0.706 0.727 0.727 0.715 0.681 0.608 0.548 0.472 0.439 0.403 0.384 0.364 0.322 0.319 2.319 
6.500 450.000 -1.114 -0.904 -0.616 -0.465 -0.275 -0.021 0.146 0.350 0.465 0.573 0.604 0.616 0.609 0.588 0.543 0.457 0.392 0.316 0.285 0.256 0.241 0.226 0.194 0.192 2.227 
6.500 500.000 -1.173 -0.965 -0.680 -0.530 -0.343 -0.092 0.072 0.271 0.381 0.481 0.506 0.510 0.497 0.467 0.412 0.313 0.244 0.169 0.142 0.119 0.108 0.097 0.074 0.072 2.140 
6.500 600.000 -1.271 -1.067 -0.788 -0.641 -0.459 -0.216 -0.059 0.128 0.226 0.305 0.316 0.299 0.271 0.224 0.147 0.031 -0.038 -0.096 -0.108 -0.110 -0.108 -0.107 -0.110 -0.111 1.982 
6.500 700.000 -1.368 -1.168 -0.894 -0.751 -0.573 -0.337 -0.185 -0.008 0.082 0.146 0.147 0.114 0.077 0.017 -0.075 -0.207 -0.280 -0.335 -0.343 -0.338 -0.332 -0.326 -0.323 -0.323 1.835 
6.500 800.000 -1.453 -1.257 -0.989 -0.848 -0.675 -0.446 -0.300 -0.133 -0.052 -0.004 -0.013 -0.061 -0.109 -0.181 -0.287 -0.430 -0.506 -0.556 -0.558 -0.546 -0.536 -0.526 -0.517 -0.517 1.699 
6.500 1000.000 -1.616 -1.427 -1.170 -1.035 -0.870 -0.654 -0.519 -0.369 -0.303 -0.281 -0.308 -0.380 -0.444 -0.537 -0.667 -0.835 -0.920 -0.971 -0.971 -0.955 -0.942 -0.929 -0.915 -0.915 1.449 
6.500 1200.000 -1.747 -1.566 -1.319 -1.191 -1.034 -0.832 -0.708 -0.578 -0.528 -0.535 -0.580 -0.678 -0.760 -0.873 -1.026 -1.215 -1.305 -1.354 -1.350 -1.328 -1.312 -1.296 -1.278 -1.278 1.226 
6.500 1500.000 -1.938 -1.767 -1.537 -1.418 -1.274 -1.092 -0.986 -0.884 -0.860 -0.910 -0.982 -1.118 -1.224 -1.365 -1.548 -1.763 -1.860 -1.906 -1.898 -1.870 -1.851 -1.831 -1.810 -1.810 0.904 
7.000 0.000 1.119 1.315 1.586 1.729 1.910 2.158 2.325 2.539 2.670 2.818 2.883 2.953 2.993 3.039 3.093 3.158 3.189 3.202 3.191 3.160 3.132 3.093 2.989 2.981 4.447 
7.000 1.000 1.065 1.261 1.532 1.675 1.856 2.104 2.271 2.485 2.616 2.764 2.829 2.899 2.939 2.984 3.039 3.103 3.132 3.142 3.129 3.094 3.064 3.022 2.912 2.903 4.390 
7.000 5.000 0.979 1.175 1.445 1.589 1.769 2.017 2.183 2.397 2.527 2.675 2.739 2.808 2.847 2.891 2.943 3.003 3.029 3.035 3.020 2.984 2.953 2.911 2.802 2.793 4.289 
7.000 10.000 0.864 1.060 1.330 1.473 1.654 1.901 2.067 2.280 2.410 2.557 2.620 2.689 2.727 2.770 2.821 2.878 2.903 2.908 2.893 2.857 2.827 2.786 2.681 2.673 4.164 
7.000 15.000 0.754 0.950 1.219 1.363 1.543 1.790 1.956 2.168 2.298 2.445 2.508 2.576 2.614 2.657 2.707 2.763 2.788 2.791 2.776 2.740 2.710 2.669 2.565 2.557 4.056 
7.000 20.000 0.645 0.840 1.109 1.252 1.432 1.679 1.845 2.057 2.186 2.333 2.396 2.463 2.501 2.543 2.593 2.648 2.671 2.672 2.655 2.617 2.586 2.544 2.437 2.428 3.951 
7.000 25.000 0.542 0.737 1.006 1.149 1.329 1.576 1.741 1.953 2.082 2.228 2.291 2.358 2.395 2.437 2.486 2.539 2.560 2.558 2.540 2.500 2.467 2.423 2.313 2.304 3.856 
7.000 30.000 0.452 0.647 0.916 1.059 1.239 1.485 1.650 1.862 1.991 2.136 2.199 2.266 2.303 2.344 2.392 2.444 2.463 2.459 2.439 2.396 2.362 2.317 2.204 2.195 3.771 
7.000 40.000 0.301 0.496 0.764 0.906 1.086 1.331 1.496 1.707 1.836 1.981 2.043 2.109 2.146 2.186 2.233 2.282 2.299 2.290 2.267 2.221 2.185 2.137 2.018 2.009 3.631 
7.000 50.000 0.182 0.376 0.644 0.786 0.965 1.210 1.375 1.585 1.714 1.858 1.920 1.986 2.023 2.063 2.109 2.157 2.173 2.162 2.137 2.088 2.050 2.000 1.877 1.867 3.522 
7.000 60.000 0.119 0.312 0.579 0.721 0.900 1.144 1.309 1.519 1.647 1.791 1.853 1.919 1.956 1.996 2.042 2.091 2.107 2.094 2.069 2.019 1.980 1.929 1.803 1.793 3.462 
7.000 70.000 0.067 0.261 0.527 0.669 0.847 1.091 1.255 1.465 1.593 1.737 1.799 1.865 1.901 1.942 1.988 2.036 2.052 2.038 2.011 1.959 1.919 1.866 1.735 1.725 3.410 
7.000 80.000 0.029 0.222 0.488 0.630 0.807 1.051 1.214 1.424 1.551 1.695 1.756 1.821 1.857 1.897 1.942 1.988 2.001 1.984 1.956 1.903 1.861 1.808 1.676 1.666 3.366 
7.000 90.000 0.000 0.193 0.458 0.599 0.777 1.019 1.183 1.391 1.518 1.660 1.721 1.785 1.820 1.858 1.901 1.943 1.953 1.933 1.903 1.849 1.807 1.754 1.624 1.614 3.328 
7.000 100.000 -0.026 0.166 0.431 0.572 0.749 0.991 1.154 1.361 1.488 1.629 1.689 1.752 1.786 1.822 1.863 1.901 1.908 1.884 1.853 1.797 1.756 1.703 1.575 1.565 3.293 
7.000 110.000 -0.048 0.143 0.408 0.548 0.725 0.966 1.128 1.335 1.461 1.600 1.659 1.721 1.753 1.788 1.826 1.859 1.863 1.835 1.802 1.746 1.704 1.652 1.528 1.518 3.261 
7.000 120.000 -0.071 0.120 0.384 0.524 0.700 0.941 1.102 1.308 1.433 1.572 1.630 1.690 1.721 1.754 1.789 1.818 1.819 1.787 1.753 1.696 1.655 1.603 1.482 1.472 3.231 
7.000 130.000 -0.094 0.097 0.360 0.500 0.676 0.916 1.077 1.282 1.406 1.543 1.600 1.659 1.689 1.721 1.753 1.777 1.775 1.739 1.704 1.646 1.605 1.554 1.435 1.426 3.202 
7.000 140.000 -0.115 0.075 0.338 0.477 0.652 0.892 1.052 1.257 1.380 1.516 1.572 1.629 1.658 1.688 1.717 1.737 1.732 1.692 1.656 1.598 1.557 1.507 1.391 1.383 3.174 
7.000 150.000 -0.136 0.054 0.316 0.455 0.630 0.869 1.029 1.232 1.355 1.489 1.544 1.599 1.627 1.655 1.682 1.697 1.689 1.646 1.609 1.551 1.511 1.461 1.350 1.342 3.148 
7.000 175.000 -0.188 0.001 0.262 0.400 0.574 0.811 0.969 1.170 1.291 1.422 1.475 1.525 1.550 1.574 1.593 1.598 1.582 1.533 1.494 1.437 1.398 1.352 1.251 1.244 3.078 
7.000 200.000 -0.233 -0.045 0.213 0.351 0.523 0.759 0.916 1.115 1.233 1.361 1.410 1.457 1.478 1.497 1.510 1.504 1.482 1.426 1.386 1.330 1.294 1.251 1.159 1.152 3.014 
7.000 250.000 -0.318 -0.132 0.123 0.259 0.429 0.661 0.815 1.009 1.124 1.244 1.288 1.326 1.341 1.350 1.350 1.324 1.289 1.225 1.185 1.134 1.102 1.066 0.992 0.988 2.897 
7.000 300.000 -0.389 -0.205 0.048 0.182 0.350 0.578 0.729 0.918 1.028 1.140 1.179 1.208 1.216 1.216 1.203 1.159 1.115 1.045 1.008 0.962 0.936 0.906 0.849 0.845 2.795 
7.000 350.000 -0.452 -0.271 -0.021 0.111 0.277 0.501 0.650 0.834 0.939 1.042 1.075 1.095 1.096 1.087 1.061 1.000 0.948 0.876 0.841 0.802 0.781 0.758 0.715 0.712 2.705 
7.000 400.000 -0.510 -0.330 -0.083 0.047 0.210 0.431 0.576 0.755 0.856 0.951 0.978 0.989 0.984 0.966 0.928 0.854 0.796 0.723 0.692 0.660 0.644 0.626 0.595 0.593 2.623 
7.000 450.000 -0.567 -0.389 -0.146 -0.017 0.144 0.361 0.503 0.677 0.773 0.860 0.881 0.883 0.871 0.845 0.796 0.710 0.647 0.575 0.547 0.522 0.509 0.497 0.474 0.473 2.539 
7.000 500.000 -0.619 -0.444 -0.203 -0.076 0.083 0.296 0.435 0.603 0.695 0.773 0.789 0.782 0.765 0.731 0.672 0.575 0.509 0.440 0.415 0.396 0.387 0.379 0.364 0.363 2.461 
7.000 600.000 -0.706 -0.535 -0.301 -0.178 -0.024 0.180 0.312 0.468 0.548 0.605 0.607 0.580 0.548 0.497 0.420 0.308 0.244 0.191 0.181 0.180 0.183 0.186 0.187 0.186 2.316 
7.000 700.000 -0.793 -0.626 -0.398 -0.278 -0.129 0.068 0.194 0.340 0.411 0.453 0.445 0.403 0.362 0.300 0.208 0.084 0.017 -0.032 -0.039 -0.034 -0.028 -0.021 -0.015 -0.015 2.181 
7.000 800.000 -0.871 -0.708 -0.486 -0.369 -0.225 -0.035 0.084 0.220 0.282 0.309 0.291 0.235 0.185 0.112 0.009 -0.126 -0.194 -0.239 -0.241 -0.230 -0.221 -0.211 -0.202 -0.202 2.055 
7.000 1000.000 -1.020 -0.865 -0.654 -0.544 -0.409 -0.233 -0.124 -0.007 0.041 0.042 0.008 -0.070 -0.136 -0.227 -0.352 -0.508 -0.585 -0.633 -0.634 -0.621 -0.610 -0.599 -0.587 -0.586 1.823 
7.000 1200.000 -1.144 -0.997 -0.798 -0.695 -0.568 -0.407 -0.309 -0.212 -0.181 -0.208 -0.260 -0.362 -0.443 -0.553 -0.697 -0.871 -0.953 -0.999 -0.998 -0.981 -0.969 -0.956 -0.941 -0.941 1.610 
7.000 1500.000 -1.326 -1.191 -1.010 -0.916 -0.803 -0.663 -0.583 -0.514 -0.508 -0.574 -0.651 -0.787 -0.890 -1.023 -1.193 -1.390 -1.478 -1.525 -1.521 -1.502 -1.488 -1.474 -1.458 -1.458 1.304 
7.500 0.000 1.444 1.608 1.835 1.956 2.109 2.319 2.461 2.644 2.756 2.883 2.938 2.997 3.030 3.069 3.118 3.179 3.211 3.229 3.222 3.195 3.168 3.130 3.022 3.012 4.556 
7.500 1.000 1.400 1.564 1.790 1.911 2.064 2.274 2.416 2.599 2.711 2.838 2.893 2.952 2.985 3.024 3.073 3.134 3.165 3.182 3.173 3.143 3.114 3.073 2.957 2.946 4.506 
7.500 5.000 1.334 1.498 1.724 1.845 1.998 2.208 2.349 2.532 2.644 2.770 2.824 2.883 2.916 2.954 3.001 3.059 3.088 3.101 3.090 3.057 3.027 2.984 2.866 2.855 4.424 
7.500 10.000 1.251 1.414 1.640 1.761 1.913 2.123 2.264 2.447 2.558 2.684 2.738 2.796 2.829 2.867 2.913 2.970 2.998 3.009 2.998 2.964 2.934 2.892 2.774 2.764 4.329 
7.500 15.000 1.160 1.324 1.550 1.670 1.822 2.031 2.173 2.355 2.467 2.592 2.646 2.704 2.736 2.774 2.820 2.877 2.905 2.916 2.904 2.870 2.839 2.797 2.678 2.667 4.238 
7.500 20.000 1.072 1.235 1.460 1.581 1.733 1.942 2.083 2.265 2.376 2.501 2.555 2.612 2.645 2.682 2.728 2.783 2.810 2.819 2.805 2.770 2.738 2.694 2.573 2.562 4.153 
7.500 25.000 0.987 1.150 1.375 1.496 1.647 1.856 1.997 2.179 2.290 2.415 2.468 2.526 2.558 2.595 2.640 2.695 2.721 2.728 2.714 2.676 2.644 2.598 2.473 2.462 4.075 
7.500 30.000 0.909 1.072 1.297 1.417 1.568 1.776 1.917 2.099 2.209 2.334 2.388 2.445 2.477 2.514 2.559 2.613 2.638 2.643 2.628 2.589 2.555 2.508 2.380 2.368 4.003 
7.500 40.000 0.774 0.936 1.161 1.280 1.431 1.639 1.780 1.960 2.071 2.195 2.248 2.304 2.336 2.372 2.416 2.468 2.492 2.494 2.476 2.435 2.400 2.351 2.219 2.207 3.880 
7.500 50.000 0.671 0.832 1.056 1.176 1.326 1.533 1.674 1.854 1.964 2.088 2.141 2.197 2.229 2.265 2.308 2.360 2.383 2.384 2.365 2.322 2.286 2.236 2.100 2.087 3.787 
7.500 60.000 0.611 0.772 0.996 1.115 1.265 1.471 1.611 1.791 1.901 2.024 2.077 2.134 2.165 2.201 2.245 2.296 2.319 2.320 2.301 2.257 2.221 2.170 2.032 2.020 3.731 
7.500 70.000 0.564 0.725 0.947 1.066 1.216 1.422 1.561 1.741 1.850 1.973 2.026 2.082 2.114 2.149 2.193 2.244 2.266 2.265 2.246 2.201 2.163 2.112 1.971 1.959 3.682 
7.500 80.000 0.528 0.688 0.910 1.029 1.178 1.383 1.522 1.701 1.810 1.933 1.985 2.040 2.071 2.106 2.148 2.197 2.217 2.214 2.193 2.146 2.108 2.056 1.915 1.903 3.641 
7.500 90.000 0.500 0.660 0.881 0.999 1.148 1.353 1.491 1.669 1.778 1.899 1.951 2.005 2.035 2.069 2.110 2.155 2.172 2.165 2.142 2.094 2.055 2.003 1.864 1.852 3.605 
7.500 100.000 0.474 0.633 0.854 0.972 1.120 1.325 1.462 1.640 1.748 1.868 1.919 1.973 2.002 2.035 2.073 2.115 2.130 2.119 2.094 2.044 2.005 1.953 1.816 1.804 3.573 
7.500 110.000 0.449 0.609 0.829 0.946 1.094 1.298 1.435 1.612 1.719 1.838 1.889 1.941 1.969 2.001 2.037 2.075 2.086 2.071 2.044 1.993 1.953 1.901 1.767 1.756 3.543 
7.500 120.000 0.427 0.586 0.805 0.922 1.070 1.273 1.410 1.585 1.692 1.810 1.860 1.911 1.938 1.968 2.002 2.036 2.044 2.025 1.996 1.944 1.904 1.852 1.721 1.710 3.515 
7.500 130.000 0.405 0.563 0.782 0.899 1.046 1.248 1.384 1.559 1.665 1.782 1.831 1.881 1.907 1.936 1.967 1.997 2.002 1.978 1.948 1.895 1.855 1.803 1.675 1.665 3.487 
7.500 140.000 0.383 0.541 0.759 0.875 1.022 1.223 1.359 1.533 1.639 1.755 1.803 1.851 1.877 1.904 1.933 1.959 1.961 1.933 1.902 1.847 1.807 1.756 1.632 1.622 3.461 
7.500 150.000 0.360 0.518 0.735 0.851 0.998 1.198 1.334 1.507 1.612 1.727 1.774 1.821 1.846 1.872 1.899 1.921 1.920 1.888 1.856 1.800 1.760 1.710 1.589 1.580 3.436 
7.500 175.000 0.308 0.465 0.681 0.796 0.941 1.140 1.274 1.445 1.548 1.660 1.705 1.749 1.771 1.793 1.814 1.826 1.818 1.779 1.744 1.688 1.649 1.601 1.490 1.482 3.368 
7.500 200.000 0.262 0.417 0.632 0.746 0.890 1.087 1.220 1.389 1.490 1.599 1.642 1.682 1.701 1.719 1.735 1.737 1.722 1.675 1.638 1.583 1.545 1.500 1.401 1.394 3.307 
7.500 250.000 0.181 0.334 0.545 0.657 0.799 0.993 1.122 1.287 1.384 1.486 1.524 1.557 1.571 1.581 1.583 1.566 1.539 1.481 1.443 1.391 1.358 1.321 1.243 1.238 3.196 
7.500 300.000 0.113 0.264 0.472 0.582 0.722 0.912 1.038 1.198 1.291 1.386 1.419 1.444 1.451 1.453 1.443 1.408 1.370 1.306 1.268 1.222 1.194 1.164 1.105 1.101 3.099 
7.500 350.000 0.052 0.200 0.405 0.514 0.650 0.836 0.960 1.115 1.204 1.291 1.319 1.335 1.336 1.329 1.307 1.256 1.210 1.142 1.107 1.067 1.045 1.022 0.978 0.976 3.013 
7.500 400.000 -0.004 0.143 0.344 0.451 0.585 0.768 0.889 1.038 1.123 1.202 1.225 1.233 1.228 1.212 1.180 1.116 1.064 0.995 0.963 0.929 0.911 0.893 0.862 0.860 2.933 
7.500 450.000 -0.055 0.089 0.287 0.392 0.524 0.702 0.820 0.964 1.044 1.116 1.132 1.132 1.121 1.098 1.055 0.978 0.922 0.854 0.825 0.798 0.785 0.773 0.751 0.750 2.857 
7.500 500.000 -0.102 0.039 0.234 0.338 0.467 0.641 0.756 0.895 0.970 1.034 1.045 1.037 1.020 0.989 0.937 0.850 0.791 0.725 0.700 0.678 0.669 0.660 0.646 0.645 2.785 
7.500 600.000 -0.183 -0.046 0.142 0.242 0.365 0.531 0.638 0.764 0.829 0.872 0.870 0.842 0.812 0.766 0.696 0.595 0.537 0.487 0.475 0.471 0.471 0.472 0.473 0.473 2.652 
7.500 700.000 -0.263 -0.130 0.051 0.147 0.266 0.424 0.525 0.642 0.698 0.727 0.716 0.675 0.637 0.580 0.498 0.387 0.326 0.278 0.269 0.269 0.272 0.276 0.280 0.280 2.528 
7.500 800.000 -0.337 -0.208 -0.033 0.059 0.173 0.324 0.419 0.525 0.572 0.587 0.567 0.514 0.467 0.401 0.308 0.188 0.125 0.081 0.075 0.079 0.084 0.090 0.097 0.097 2.412 
7.500 1000.000 -0.475 -0.355 -0.193 -0.107 -0.003 0.134 0.217 0.305 0.338 0.329 0.294 0.220 0.160 0.077 -0.036 -0.177 -0.248 -0.298 -0.304 -0.300 -0.294 -0.287 -0.279 -0.279 2.197 
7.500 1200.000 -0.595 -0.484 -0.334 -0.256 -0.161 -0.039 0.033 0.102 0.119 0.085 0.034 -0.060 -0.134 -0.232 -0.360 -0.514 -0.589 -0.638 -0.642 -0.634 -0.627 -0.619 -0.609 -0.609 1.995 
7.500 1500.000 -0.775 -0.677 -0.544 -0.477 -0.395 -0.295 -0.240 -0.198 -0.203 -0.274 -0.346 -0.471 -0.563 -0.683 -0.836 -1.017 -1.102 -1.159 -1.165 -1.158 -1.151 -1.143 -1.134 -1.134 1.703 
7.800 0.000 1.633 1.777 1.977 2.084 2.219 2.405 2.531 2.695 2.796 2.909 2.957 3.010 3.039 3.075 3.119 3.179 3.213 3.238 3.235 3.214 3.190 3.155 3.044 3.033 4.625 
7.800 1.000 1.593 1.737 1.937 2.044 2.179 2.365 2.492 2.655 2.756 2.869 2.917 2.970 2.999 3.035 3.079 3.138 3.172 3.195 3.191 3.167 3.142 3.104 2.984 2.972 4.580 
7.800 5.000 1.536 1.680 1.880 1.986 2.121 2.307 2.433 2.596 2.697 2.809 2.858 2.909 2.939 2.973 3.017 3.074 3.106 3.125 3.119 3.092 3.065 3.025 2.900 2.887 4.508 
7.800 10.000 1.468 1.612 1.811 1.917 2.051 2.237 2.363 2.526 2.626 2.739 2.787 2.838 2.868 2.902 2.945 3.002 3.033 3.052 3.045 3.018 2.990 2.950 2.826 2.813 4.427 
7.800 15.000 1.393 1.536 1.735 1.841 1.975 2.161 2.287 2.449 2.549 2.662 2.710 2.761 2.790 2.825 2.868 2.925 2.956 2.974 2.968 2.940 2.912 2.871 2.745 2.732 4.350 
7.800 20.000 1.317 1.460 1.658 1.764 1.898 2.084 2.209 2.372 2.471 2.583 2.631 2.683 2.712 2.746 2.789 2.845 2.875 2.893 2.885 2.856 2.827 2.785 2.656 2.643 4.277 
7.800 25.000 1.243 1.386 1.584 1.690 1.823 2.008 2.134 2.296 2.395 2.507 2.555 2.606 2.635 2.669 2.712 2.767 2.797 2.814 2.805 2.775 2.746 2.702 2.570 2.557 4.209 
7.800 30.000 1.174 1.316 1.514 1.620 1.753 1.938 2.063 2.225 2.324 2.436 2.484 2.535 2.564 2.597 2.640 2.695 2.724 2.739 2.730 2.699 2.669 2.625 2.490 2.477 4.146 
7.800 40.000 1.048 1.191 1.388 1.493 1.626 1.810 1.935 2.096 2.195 2.306 2.354 2.404 2.433 2.466 2.508 2.561 2.588 2.601 2.590 2.557 2.525 2.479 2.341 2.327 4.034 
7.800 50.000 0.957 1.099 1.295 1.400 1.533 1.716 1.841 2.001 2.100 2.211 2.258 2.309 2.337 2.370 2.412 2.465 2.493 2.505 2.494 2.460 2.427 2.381 2.239 2.224 3.952 
7.800 60.000 0.900 1.042 1.237 1.342 1.475 1.657 1.781 1.942 2.040 2.150 2.198 2.248 2.276 2.310 2.351 2.404 2.432 2.444 2.433 2.398 2.366 2.318 2.175 2.160 3.899 
7.800 70.000 0.856 0.997 1.192 1.297 1.429 1.611 1.734 1.894 1.992 2.102 2.149 2.199 2.227 2.260 2.301 2.353 2.380 2.391 2.379 2.343 2.310 2.262 2.116 2.102 3.853 
7.800 80.000 0.822 0.962 1.157 1.261 1.392 1.574 1.697 1.856 1.954 2.063 2.110 2.159 2.187 2.219 2.259 2.309 2.334 2.341 2.328 2.290 2.256 2.207 2.062 2.047 3.814 
7.800 90.000 0.794 0.934 1.128 1.232 1.363 1.544 1.666 1.825 1.922 2.030 2.076 2.125 2.152 2.183 2.222 2.269 2.291 2.295 2.280 2.240 2.205 2.155 2.011 1.997 3.779 
7.800 100.000 0.769 0.908 1.102 1.205 1.336 1.516 1.638 1.796 1.892 2.000 2.045 2.093 2.120 2.150 2.187 2.231 2.251 2.251 2.234 2.192 2.156 2.106 1.963 1.949 3.748 
7.800 110.000 0.744 0.884 1.076 1.179 1.309 1.489 1.611 1.768 1.863 1.970 2.015 2.062 2.088 2.117 2.152 2.193 2.210 2.205 2.186 2.142 2.105 2.055 1.913 1.900 3.719 
7.800 120.000 0.722 0.860 1.052 1.155 1.285 1.464 1.585 1.741 1.836 1.942 1.986 2.032 2.057 2.085 2.119 2.156 2.170 2.161 2.140 2.094 2.056 2.006 1.867 1.855 3.691 
7.800 130.000 0.699 0.838 1.029 1.131 1.261 1.439 1.559 1.715 1.810 1.915 1.958 2.003 2.027 2.054 2.085 2.119 2.130 2.117 2.093 2.045 2.008 1.957 1.822 1.809 3.665 
7.800 140.000 0.678 0.815 1.006 1.108 1.237 1.414 1.534 1.689 1.783 1.887 1.930 1.974 1.997 2.023 2.052 2.082 2.091 2.074 2.048 1.999 1.960 1.910 1.778 1.766 3.639 
7.800 150.000 0.656 0.793 0.983 1.085 1.213 1.390 1.509 1.663 1.757 1.860 1.902 1.945 1.967 1.992 2.019 2.046 2.051 2.030 2.002 1.952 1.914 1.864 1.735 1.724 3.615 
7.800 175.000 0.604 0.741 0.929 1.030 1.157 1.332 1.450 1.602 1.694 1.795 1.835 1.875 1.896 1.917 1.940 1.958 1.956 1.927 1.896 1.843 1.805 1.757 1.638 1.628 3.549 
7.800 200.000 0.558 0.693 0.880 0.980 1.106 1.279 1.396 1.546 1.637 1.734 1.773 1.810 1.829 1.847 1.864 1.873 1.865 1.828 1.794 1.740 1.703 1.656 1.548 1.539 3.489 
7.800 250.000 0.476 0.609 0.792 0.890 1.014 1.183 1.298 1.443 1.530 1.622 1.657 1.687 1.701 1.711 1.717 1.709 1.688 1.637 1.601 1.549 1.516 1.476 1.392 1.386 3.383 
7.800 300.000 0.408 0.538 0.718 0.814 0.935 1.102 1.213 1.354 1.437 1.523 1.553 1.577 1.585 1.588 1.583 1.557 1.526 1.466 1.429 1.381 1.352 1.319 1.254 1.250 3.290 
7.800 350.000 0.346 0.474 0.651 0.745 0.864 1.026 1.134 1.271 1.350 1.428 1.454 1.470 1.472 1.467 1.451 1.409 1.368 1.304 1.269 1.226 1.202 1.177 1.129 1.127 3.206 
7.800 400.000 0.291 0.417 0.591 0.683 0.799 0.957 1.063 1.194 1.269 1.340 1.361 1.370 1.366 1.354 1.327 1.271 1.224 1.158 1.125 1.089 1.070 1.050 1.016 1.014 3.130 
7.800 450.000 0.240 0.363 0.533 0.624 0.737 0.892 0.994 1.121 1.191 1.255 1.271 1.272 1.263 1.243 1.207 1.139 1.087 1.020 0.990 0.960 0.945 0.930 0.906 0.905 3.056 
7.800 500.000 0.192 0.313 0.480 0.568 0.679 0.830 0.929 1.051 1.117 1.174 1.184 1.178 1.164 1.138 1.092 1.014 0.958 0.892 0.865 0.839 0.827 0.816 0.799 0.798 2.987 
7.800 600.000 0.113 0.229 0.389 0.474 0.579 0.721 0.813 0.922 0.978 1.015 1.013 0.989 0.962 0.921 0.858 0.767 0.712 0.660 0.646 0.637 0.635 0.634 0.632 0.632 2.859 
7.800 700.000 0.034 0.146 0.299 0.380 0.480 0.614 0.700 0.799 0.847 0.871 0.861 0.824 0.790 0.738 0.664 0.562 0.504 0.454 0.442 0.437 0.437 0.439 0.440 0.440 2.738 
7.800 800.000 -0.038 0.069 0.216 0.293 0.388 0.515 0.594 0.684 0.723 0.734 0.715 0.666 0.624 0.564 0.479 0.368 0.307 0.259 0.249 0.248 0.250 0.254 0.258 0.258 2.625 
7.800 1000.000 -0.173 -0.075 0.058 0.128 0.214 0.326 0.394 0.466 0.491 0.478 0.445 0.377 0.321 0.245 0.142 0.009 -0.061 -0.115 -0.126 -0.127 -0.125 -0.121 -0.116 -0.116 2.417 
7.800 1200.000 -0.292 -0.203 -0.083 -0.020 0.056 0.153 0.210 0.263 0.274 0.238 0.191 0.104 0.036 -0.053 -0.172 -0.319 -0.393 -0.448 -0.458 -0.458 -0.455 -0.450 -0.444 -0.444 2.220 
7.800 1500.000 -0.468 -0.393 -0.291 -0.239 -0.177 -0.101 -0.061 -0.035 -0.045 -0.115 -0.183 -0.297 -0.382 -0.493 -0.636 -0.809 -0.895 -0.960 -0.973 -0.975 -0.972 -0.968 -0.962 -0.962 1.936 
8.000 0.000 1.758 1.888 2.069 2.166 2.289 2.459 2.575 2.725 2.817 2.921 2.965 3.013 3.040 3.072 3.114 3.172 3.207 3.236 3.238 3.223 3.203 3.171 3.062 3.050 4.673 
8.000 1.000 1.719 1.850 2.031 2.128 2.250 2.420 2.536 2.686 2.778 2.882 2.926 2.974 3.001 3.034 3.076 3.133 3.168 3.196 3.197 3.180 3.158 3.124 3.005 2.992 4.629 
8.000 5.000 1.666 1.796 1.977 2.074 2.197 2.366 2.482 2.631 2.723 2.827 2.871 2.918 2.945 2.977 3.018 3.074 3.107 3.133 3.131 3.111 3.087 3.051 2.926 2.912 4.562 
8.000 10.000 1.607 1.738 1.918 2.015 2.137 2.306 2.421 2.571 2.663 2.766 2.810 2.857 2.884 2.915 2.956 3.011 3.044 3.068 3.066 3.045 3.022 2.985 2.860 2.847 4.490 
8.000 15.000 1.542 1.672 1.852 1.949 2.071 2.240 2.355 2.504 2.596 2.699 2.743 2.790 2.816 2.848 2.889 2.944 2.976 3.000 2.998 2.977 2.953 2.915 2.788 2.774 4.421 
8.000 20.000 1.474 1.604 1.784 1.880 2.002 2.171 2.286 2.434 2.526 2.629 2.673 2.719 2.746 2.778 2.818 2.873 2.905 2.928 2.926 2.903 2.879 2.840 2.711 2.697 4.356 
8.000 25.000 1.407 1.537 1.716 1.813 1.934 2.103 2.217 2.366 2.457 2.560 2.603 2.650 2.677 2.708 2.748 2.802 2.834 2.857 2.854 2.831 2.805 2.766 2.635 2.620 4.294 
8.000 30.000 1.344 1.473 1.653 1.749 1.870 2.038 2.152 2.301 2.392 2.494 2.538 2.584 2.611 2.642 2.682 2.736 2.767 2.789 2.785 2.761 2.736 2.696 2.562 2.548 4.237 
8.000 40.000 1.226 1.354 1.533 1.629 1.750 1.917 2.031 2.178 2.269 2.371 2.414 2.461 2.487 2.518 2.557 2.609 2.639 2.659 2.654 2.628 2.601 2.559 2.422 2.407 4.132 
8.000 50.000 1.143 1.272 1.450 1.545 1.665 1.832 1.946 2.093 2.183 2.285 2.328 2.374 2.400 2.431 2.471 2.523 2.553 2.573 2.568 2.542 2.515 2.473 2.332 2.316 4.058 
8.000 60.000 1.089 1.217 1.394 1.489 1.609 1.775 1.888 2.035 2.125 2.226 2.269 2.315 2.341 2.372 2.412 2.464 2.494 2.514 2.509 2.482 2.455 2.412 2.270 2.254 4.008 
8.000 70.000 1.047 1.174 1.351 1.446 1.565 1.731 1.844 1.989 2.079 2.180 2.223 2.268 2.294 2.325 2.363 2.415 2.444 2.462 2.456 2.429 2.400 2.357 2.214 2.198 3.964 
8.000 80.000 1.014 1.141 1.317 1.411 1.530 1.695 1.807 1.953 2.042 2.142 2.185 2.230 2.255 2.285 2.323 2.372 2.399 2.415 2.407 2.377 2.348 2.304 2.160 2.144 3.926 
8.000 90.000 0.987 1.113 1.288 1.382 1.501 1.665 1.777 1.922 2.010 2.110 2.152 2.196 2.221 2.250 2.287 2.334 2.359 2.371 2.361 2.329 2.298 2.253 2.109 2.093 3.892 
8.000 100.000 0.961 1.087 1.262 1.355 1.474 1.637 1.749 1.893 1.981 2.080 2.121 2.165 2.189 2.218 2.253 2.297 2.320 2.328 2.317 2.282 2.251 2.205 2.061 2.046 3.862 
8.000 110.000 0.937 1.062 1.236 1.330 1.447 1.610 1.721 1.864 1.952 2.050 2.091 2.134 2.158 2.185 2.219 2.260 2.281 2.285 2.270 2.234 2.201 2.154 2.012 1.997 3.833 
8.000 120.000 0.914 1.039 1.213 1.305 1.423 1.585 1.695 1.838 1.925 2.022 2.063 2.105 2.128 2.154 2.186 2.225 2.242 2.242 2.226 2.187 2.153 2.105 1.965 1.951 3.806 
8.000 130.000 0.892 1.016 1.189 1.281 1.398 1.560 1.670 1.811 1.898 1.994 2.034 2.075 2.098 2.123 2.154 2.189 2.204 2.199 2.181 2.139 2.105 2.057 1.918 1.905 3.780 
8.000 140.000 0.870 0.994 1.166 1.258 1.375 1.535 1.645 1.786 1.872 1.967 2.007 2.047 2.069 2.093 2.122 2.154 2.166 2.157 2.137 2.094 2.058 2.010 1.874 1.861 3.755 
8.000 150.000 0.849 0.972 1.143 1.235 1.351 1.511 1.620 1.760 1.846 1.941 1.979 2.019 2.040 2.063 2.090 2.120 2.129 2.117 2.095 2.050 2.014 1.966 1.833 1.820 3.731 
8.000 175.000 0.798 0.920 1.090 1.181 1.295 1.454 1.561 1.700 1.784 1.876 1.914 1.951 1.970 1.991 2.014 2.035 2.038 2.017 1.991 1.943 1.906 1.859 1.735 1.724 3.667 
8.000 200.000 0.751 0.872 1.040 1.130 1.244 1.401 1.507 1.643 1.726 1.816 1.852 1.887 1.904 1.922 1.940 1.954 1.951 1.922 1.892 1.842 1.805 1.759 1.644 1.634 3.608 
8.000 250.000 0.668 0.787 0.952 1.040 1.151 1.304 1.407 1.540 1.619 1.704 1.736 1.766 1.779 1.790 1.799 1.796 1.780 1.737 1.703 1.652 1.619 1.578 1.488 1.481 3.505 
8.000 300.000 0.598 0.715 0.876 0.962 1.071 1.220 1.321 1.449 1.525 1.604 1.632 1.655 1.664 1.669 1.667 1.648 1.621 1.567 1.532 1.483 1.453 1.419 1.350 1.345 3.414 
8.000 350.000 0.536 0.651 0.808 0.893 0.999 1.145 1.242 1.366 1.439 1.511 1.535 1.552 1.555 1.553 1.541 1.506 1.471 1.410 1.375 1.331 1.306 1.279 1.227 1.224 3.333 
8.000 400.000 0.481 0.593 0.748 0.830 0.934 1.075 1.170 1.289 1.358 1.424 1.444 1.453 1.451 1.442 1.420 1.372 1.330 1.266 1.232 1.194 1.173 1.152 1.114 1.112 3.259 
8.000 450.000 0.429 0.539 0.690 0.770 0.871 1.009 1.101 1.215 1.280 1.339 1.354 1.357 1.350 1.334 1.303 1.243 1.195 1.129 1.097 1.064 1.047 1.030 1.002 1.000 3.187 
8.000 500.000 0.381 0.488 0.636 0.714 0.813 0.947 1.036 1.145 1.206 1.258 1.269 1.265 1.253 1.231 1.191 1.121 1.068 1.001 0.972 0.943 0.929 0.916 0.895 0.894 3.120 
8.000 600.000 0.303 0.405 0.546 0.620 0.713 0.839 0.921 1.018 1.068 1.103 1.102 1.081 1.058 1.021 0.964 0.880 0.827 0.774 0.757 0.745 0.741 0.738 0.733 0.733 2.993 
8.000 700.000 0.224 0.322 0.455 0.526 0.614 0.732 0.808 0.895 0.938 0.960 0.951 0.918 0.887 0.841 0.773 0.677 0.620 0.568 0.553 0.545 0.543 0.542 0.542 0.542 2.875 
8.000 800.000 0.151 0.244 0.371 0.438 0.521 0.632 0.702 0.781 0.817 0.828 0.812 0.769 0.731 0.676 0.597 0.488 0.424 0.365 0.348 0.338 0.336 0.335 0.335 0.335 2.764 
8.000 1000.000 0.019 0.102 0.216 0.275 0.349 0.444 0.503 0.564 0.585 0.572 0.542 0.479 0.428 0.358 0.262 0.135 0.065 0.005 -0.010 -0.017 -0.017 -0.016 -0.013 -0.013 2.561 
8.000 1200.000 -0.099 -0.025 0.076 0.128 0.191 0.272 0.319 0.362 0.368 0.333 0.289 0.208 0.146 0.062 -0.050 -0.191 -0.266 -0.327 -0.341 -0.347 -0.346 -0.344 -0.340 -0.340 2.367 
8.000 1500.000 -0.274 -0.213 -0.132 -0.090 -0.041 0.018 0.048 0.066 0.052 -0.015 -0.077 -0.184 -0.263 -0.366 -0.502 -0.670 -0.759 -0.832 -0.850 -0.858 -0.858 -0.857 -0.854 -0.854 2.088 
8.200 0.000 1.884 2.001 2.163 2.250 2.361 2.513 2.618 2.754 2.837 2.931 2.971 3.014 3.038 3.067 3.104 3.157 3.191 3.223 3.228 3.218 3.203 3.176 3.076 3.064 4.719 
8.200 1.000 1.844 1.961 2.124 2.211 2.321 2.474 2.578 2.714 2.798 2.892 2.932 2.974 2.998 3.027 3.065 3.119 3.152 3.184 3.189 3.178 3.162 3.133 3.024 3.011 4.676 
8.200 5.000 1.795 1.911 2.073 2.160 2.270 2.423 2.527 2.663 2.746 2.840 2.880 2.922 2.946 2.975 3.012 3.065 3.098 3.128 3.131 3.118 3.100 3.069 2.951 2.936 4.614 
8.200 10.000 1.746 1.863 2.025 2.111 2.221 2.373 2.477 2.612 2.696 2.789 2.829 2.871 2.895 2.924 2.961 3.013 3.046 3.075 3.078 3.064 3.046 3.014 2.895 2.881 4.551 
8.200 15.000 1.692 1.809 1.970 2.057 2.166 2.318 2.422 2.557 2.640 2.733 2.773 2.815 2.839 2.867 2.904 2.956 2.988 3.016 3.019 3.004 2.985 2.953 2.832 2.817 4.491 
8.200 20.000 1.632 1.748 1.909 1.995 2.105 2.257 2.360 2.495 2.578 2.671 2.710 2.752 2.776 2.804 2.841 2.892 2.924 2.952 2.954 2.939 2.919 2.886 2.763 2.748 4.432 
8.200 25.000 1.573 1.688 1.849 1.935 2.044 2.196 2.299 2.433 2.516 2.609 2.648 2.690 2.714 2.742 2.779 2.830 2.862 2.889 2.891 2.876 2.856 2.823 2.699 2.684 4.377 
8.200 30.000 1.515 1.631 1.791 1.877 1.986 2.137 2.240 2.374 2.457 2.549 2.589 2.630 2.654 2.682 2.719 2.769 2.801 2.828 2.829 2.814 2.793 2.760 2.634 2.619 4.325 
8.200 40.000 1.404 1.519 1.679 1.765 1.873 2.023 2.126 2.260 2.342 2.434 2.473 2.515 2.538 2.566 2.602 2.653 2.683 2.710 2.710 2.693 2.672 2.638 2.507 2.492 4.231 
8.200 50.000 1.331 1.445 1.605 1.690 1.798 1.948 2.050 2.183 2.264 2.356 2.395 2.437 2.460 2.488 2.524 2.574 2.605 2.631 2.632 2.615 2.593 2.558 2.425 2.409 4.162 
8.200 60.000 1.279 1.393 1.551 1.636 1.744 1.893 1.995 2.127 2.208 2.300 2.339 2.380 2.403 2.431 2.467 2.517 2.548 2.574 2.574 2.557 2.536 2.500 2.366 2.350 4.114 
8.200 70.000 1.239 1.353 1.510 1.595 1.702 1.850 1.952 2.083 2.165 2.256 2.294 2.335 2.358 2.385 2.421 2.470 2.500 2.524 2.523 2.505 2.483 2.446 2.311 2.295 4.073 
8.200 80.000 1.207 1.320 1.477 1.561 1.668 1.816 1.917 2.048 2.128 2.219 2.257 2.297 2.320 2.347 2.382 2.429 2.457 2.479 2.476 2.456 2.432 2.394 2.258 2.242 4.036 
8.200 90.000 1.180 1.293 1.449 1.533 1.639 1.786 1.886 2.017 2.097 2.187 2.225 2.264 2.287 2.313 2.347 2.392 2.418 2.436 2.432 2.409 2.384 2.345 2.207 2.191 4.003 
8.200 100.000 1.155 1.267 1.423 1.506 1.612 1.758 1.858 1.988 2.068 2.157 2.194 2.233 2.255 2.281 2.314 2.357 2.381 2.396 2.390 2.364 2.338 2.298 2.159 2.144 3.973 
8.200 110.000 1.130 1.242 1.397 1.480 1.585 1.731 1.830 1.959 2.039 2.127 2.164 2.203 2.224 2.249 2.280 2.321 2.343 2.354 2.346 2.318 2.290 2.248 2.110 2.095 3.945 
8.200 120.000 1.107 1.219 1.373 1.456 1.560 1.705 1.804 1.933 2.012 2.099 2.136 2.174 2.194 2.219 2.248 2.287 2.307 2.314 2.303 2.272 2.243 2.201 2.063 2.048 3.919 
8.200 130.000 1.085 1.196 1.349 1.431 1.536 1.680 1.779 1.906 1.985 2.072 2.107 2.145 2.165 2.188 2.217 2.252 2.270 2.273 2.260 2.227 2.197 2.153 2.016 2.001 3.893 
8.200 140.000 1.063 1.173 1.326 1.408 1.512 1.656 1.754 1.881 1.958 2.045 2.080 2.117 2.136 2.159 2.186 2.219 2.234 2.233 2.218 2.182 2.151 2.107 1.972 1.957 3.869 
8.200 150.000 1.042 1.152 1.304 1.386 1.489 1.632 1.729 1.856 1.933 2.018 2.053 2.089 2.108 2.130 2.156 2.186 2.199 2.195 2.178 2.140 2.108 2.064 1.930 1.917 3.846 
8.200 175.000 0.991 1.100 1.250 1.331 1.433 1.575 1.671 1.795 1.871 1.955 1.988 2.022 2.040 2.059 2.082 2.105 2.112 2.099 2.078 2.037 2.003 1.958 1.832 1.820 3.782 
8.200 200.000 0.945 1.052 1.201 1.281 1.381 1.521 1.616 1.739 1.813 1.895 1.927 1.959 1.975 1.992 2.011 2.028 2.029 2.008 1.983 1.938 1.904 1.859 1.740 1.729 3.725 
8.200 250.000 0.861 0.965 1.111 1.189 1.287 1.423 1.515 1.634 1.706 1.782 1.812 1.839 1.851 1.863 1.873 1.875 1.864 1.828 1.798 1.750 1.717 1.677 1.582 1.575 3.625 
8.200 300.000 0.789 0.892 1.034 1.109 1.205 1.338 1.427 1.542 1.611 1.682 1.708 1.730 1.739 1.745 1.746 1.734 1.713 1.665 1.632 1.585 1.554 1.519 1.444 1.439 3.537 
8.200 350.000 0.727 0.827 0.965 1.039 1.133 1.262 1.348 1.459 1.524 1.590 1.612 1.629 1.633 1.633 1.625 1.598 1.568 1.512 1.478 1.434 1.408 1.379 1.322 1.318 3.458 
8.200 400.000 0.671 0.769 0.904 0.976 1.067 1.192 1.276 1.381 1.443 1.503 1.522 1.532 1.532 1.525 1.508 1.468 1.430 1.370 1.337 1.297 1.275 1.251 1.209 1.207 3.385 
8.200 450.000 0.618 0.713 0.845 0.915 1.003 1.124 1.205 1.307 1.365 1.419 1.433 1.437 1.433 1.420 1.394 1.342 1.298 1.234 1.202 1.165 1.146 1.127 1.094 1.093 3.316 
8.200 500.000 0.570 0.663 0.791 0.859 0.945 1.062 1.140 1.237 1.291 1.339 1.350 1.347 1.338 1.320 1.286 1.223 1.174 1.108 1.077 1.045 1.029 1.013 0.989 0.988 3.250 
8.200 600.000 0.491 0.579 0.700 0.764 0.844 0.953 1.024 1.110 1.155 1.186 1.186 1.169 1.149 1.117 1.067 0.990 0.939 0.885 0.865 0.849 0.843 0.838 0.831 0.831 3.126 
8.200 700.000 0.414 0.496 0.610 0.671 0.746 0.847 0.912 0.988 1.025 1.044 1.036 1.007 0.979 0.938 0.877 0.788 0.733 0.679 0.661 0.649 0.645 0.642 0.640 0.639 3.011 
8.200 800.000 0.341 0.419 0.526 0.583 0.653 0.747 0.806 0.873 0.904 0.912 0.897 0.859 0.825 0.775 0.703 0.600 0.538 0.477 0.458 0.444 0.440 0.438 0.436 0.435 2.902 
8.200 1000.000 0.210 0.278 0.372 0.421 0.481 0.560 0.608 0.657 0.673 0.660 0.632 0.575 0.529 0.464 0.374 0.253 0.184 0.120 0.101 0.089 0.086 0.085 0.085 0.085 2.703 
8.200 1200.000 0.094 0.153 0.233 0.275 0.325 0.389 0.425 0.457 0.460 0.425 0.384 0.309 0.252 0.173 0.067 -0.071 -0.149 -0.218 -0.237 -0.249 -0.252 -0.252 -0.251 -0.251 2.513 
8.200 1500.000 -0.077 -0.032 0.028 0.059 0.095 0.136 0.155 0.161 0.142 0.075 0.015 -0.085 -0.159 -0.257 -0.386 -0.549 -0.637 -0.714 -0.736 -0.749 -0.751 -0.752 -0.751 -0.751 2.240 
