CanadaSHM6-trial_NGAEastGMM13_09 , distance is rrup. Log10 ground motion values in cgs units, PGV and Sa(T<0.1s) not valid
          11 34 25 : nmag, ndist, nperiod
          10.000 7.519 5.000 4.000 3.003 2.000 1.499 1.000 0.750 0.500 0.400 0.300 0.250 0.200 0.150 0.100 0.075 0.050 0.040 0.030 0.025 0.020 0.010 PGA PGV 
          0.620 0.620 0.620 0.620 0.620 0.620 0.620 0.620 0.600 0.580 0.560 0.540 0.530 0.530 0.530 0.530 0.530 0.530 0.530 0.530 0.530 0.530 0.530 0.530 0.620
4.000 0.000 -1.622 -1.231 -0.718 -0.458 -0.141 0.278 0.558 0.932 1.186 1.529 1.710 1.932 2.065 2.219 2.400 2.617 2.742 2.868 2.905 2.912 2.891 2.839 2.585 2.551 3.997 
4.000 1.000 -1.756 -1.365 -0.852 -0.592 -0.276 0.144 0.423 0.798 1.052 1.396 1.578 1.801 1.936 2.091 2.275 2.498 2.628 2.763 2.805 2.817 2.797 2.746 2.485 2.450 3.850 
4.000 5.000 -2.198 -1.808 -1.296 -1.036 -0.720 -0.301 -0.022 0.352 0.606 0.949 1.130 1.353 1.487 1.642 1.825 2.045 2.174 2.305 2.346 2.357 2.337 2.287 2.032 1.998 3.072 
4.000 10.000 -2.491 -2.101 -1.591 -1.331 -1.016 -0.599 -0.320 0.052 0.305 0.645 0.824 1.044 1.175 1.325 1.499 1.704 1.819 1.929 1.958 1.957 1.933 1.881 1.642 1.612 2.575 
4.000 15.000 -2.682 -2.293 -1.783 -1.524 -1.210 -0.793 -0.516 -0.145 0.107 0.445 0.622 0.838 0.967 1.113 1.282 1.475 1.579 1.673 1.695 1.686 1.659 1.607 1.382 1.354 2.281 
4.000 20.000 -2.828 -2.440 -1.932 -1.673 -1.359 -0.944 -0.667 -0.297 -0.047 0.290 0.466 0.680 0.807 0.950 1.114 1.299 1.395 1.478 1.494 1.480 1.452 1.399 1.183 1.157 2.068 
4.000 25.000 -2.946 -2.560 -2.052 -1.794 -1.481 -1.066 -0.790 -0.421 -0.171 0.164 0.338 0.550 0.675 0.816 0.976 1.152 1.242 1.315 1.326 1.308 1.279 1.226 1.018 0.993 1.885 
4.000 30.000 -3.043 -2.657 -2.150 -1.893 -1.580 -1.166 -0.890 -0.522 -0.274 0.060 0.233 0.444 0.567 0.706 0.863 1.033 1.118 1.183 1.191 1.170 1.139 1.087 0.884 0.861 1.742 
4.000 40.000 -3.194 -2.809 -2.304 -2.048 -1.736 -1.324 -1.049 -0.683 -0.435 -0.104 0.068 0.275 0.397 0.533 0.684 0.846 0.922 0.976 0.979 0.953 0.922 0.869 0.676 0.654 1.529 
4.000 50.000 -3.309 -2.926 -2.423 -2.168 -1.857 -1.446 -1.172 -0.808 -0.561 -0.232 -0.062 0.144 0.264 0.397 0.544 0.697 0.767 0.812 0.810 0.781 0.748 0.696 0.510 0.489 1.369 
4.000 60.000 -3.379 -2.997 -2.496 -2.242 -1.932 -1.523 -1.249 -0.886 -0.640 -0.312 -0.143 0.061 0.180 0.312 0.456 0.605 0.671 0.710 0.705 0.673 0.639 0.585 0.400 0.379 1.284 
4.000 70.000 -3.424 -3.044 -2.544 -2.291 -1.982 -1.574 -1.302 -0.940 -0.695 -0.369 -0.201 0.001 0.118 0.247 0.388 0.529 0.589 0.619 0.610 0.574 0.538 0.484 0.303 0.283 1.210 
4.000 80.000 -3.461 -3.082 -2.584 -2.331 -2.024 -1.617 -1.345 -0.984 -0.741 -0.416 -0.249 -0.048 0.068 0.195 0.333 0.470 0.525 0.549 0.536 0.497 0.460 0.405 0.224 0.205 1.147 
4.000 90.000 -3.491 -3.113 -2.617 -2.365 -2.059 -1.653 -1.382 -1.022 -0.779 -0.456 -0.290 -0.091 0.024 0.150 0.285 0.416 0.467 0.484 0.469 0.426 0.388 0.332 0.152 0.133 1.104 
4.000 100.000 -3.518 -3.141 -2.647 -2.396 -2.090 -1.685 -1.415 -1.056 -0.814 -0.493 -0.327 -0.130 -0.016 0.108 0.240 0.366 0.413 0.424 0.406 0.360 0.320 0.264 0.085 0.066 1.063 
4.000 110.000 -3.542 -3.167 -2.674 -2.423 -2.118 -1.715 -1.446 -1.088 -0.847 -0.526 -0.362 -0.166 -0.053 0.069 0.198 0.320 0.362 0.367 0.346 0.297 0.256 0.199 0.023 0.005 1.025 
4.000 120.000 -3.564 -3.190 -2.699 -2.449 -2.145 -1.742 -1.474 -1.117 -0.877 -0.558 -0.394 -0.200 -0.089 0.032 0.158 0.275 0.313 0.312 0.288 0.237 0.196 0.138 -0.036 -0.053 0.989 
4.000 130.000 -3.587 -3.214 -2.724 -2.475 -2.172 -1.771 -1.503 -1.147 -0.907 -0.590 -0.427 -0.234 -0.124 -0.005 0.119 0.231 0.265 0.259 0.233 0.179 0.137 0.079 -0.093 -0.110 0.954 
4.000 140.000 -3.609 -3.237 -2.749 -2.500 -2.198 -1.797 -1.530 -1.175 -0.937 -0.620 -0.459 -0.267 -0.158 -0.041 0.080 0.187 0.217 0.205 0.176 0.121 0.078 0.020 -0.149 -0.166 0.919 
4.000 150.000 -3.631 -3.260 -2.773 -2.525 -2.224 -1.824 -1.558 -1.204 -0.966 -0.651 -0.490 -0.301 -0.193 -0.078 0.041 0.142 0.169 0.152 0.120 0.063 0.020 -0.038 -0.203 -0.219 0.885 
4.000 175.000 -3.685 -3.317 -2.833 -2.587 -2.287 -1.890 -1.626 -1.274 -1.038 -0.726 -0.568 -0.382 -0.277 -0.165 -0.053 0.037 0.054 0.025 -0.011 -0.072 -0.116 -0.173 -0.331 -0.346 0.800 
4.000 200.000 -3.734 -3.368 -2.887 -2.642 -2.344 -1.950 -1.686 -1.337 -1.103 -0.794 -0.638 -0.455 -0.353 -0.245 -0.140 -0.060 -0.052 -0.092 -0.133 -0.197 -0.242 -0.298 -0.447 -0.461 0.721 
4.000 250.000 -3.823 -3.462 -2.986 -2.744 -2.450 -2.059 -1.799 -1.454 -1.223 -0.921 -0.769 -0.594 -0.498 -0.399 -0.308 -0.251 -0.259 -0.320 -0.368 -0.435 -0.478 -0.530 -0.658 -0.670 0.556 
4.000 300.000 -3.899 -3.541 -3.071 -2.831 -2.539 -2.152 -1.894 -1.553 -1.326 -1.031 -0.884 -0.716 -0.626 -0.536 -0.457 -0.422 -0.446 -0.523 -0.576 -0.644 -0.685 -0.732 -0.841 -0.850 0.409 
4.000 350.000 -3.965 -3.611 -3.144 -2.906 -2.617 -2.233 -1.978 -1.641 -1.417 -1.128 -0.986 -0.826 -0.742 -0.661 -0.595 -0.581 -0.618 -0.709 -0.765 -0.833 -0.871 -0.913 -1.003 -1.010 0.274 
4.000 400.000 -4.025 -3.674 -3.211 -2.975 -2.687 -2.306 -2.053 -1.720 -1.500 -1.217 -1.080 -0.928 -0.850 -0.777 -0.724 -0.730 -0.780 -0.882 -0.940 -1.005 -1.040 -1.077 -1.149 -1.155 0.148 
4.000 450.000 -4.098 -3.749 -3.289 -3.055 -2.769 -2.391 -2.140 -1.810 -1.593 -1.317 -1.185 -1.041 -0.969 -0.904 -0.864 -0.888 -0.949 -1.061 -1.120 -1.183 -1.214 -1.245 -1.304 -1.308 -0.001 
4.000 500.000 -4.164 -3.818 -3.360 -3.127 -2.842 -2.466 -2.217 -1.891 -1.678 -1.409 -1.281 -1.145 -1.079 -1.023 -0.995 -1.036 -1.107 -1.226 -1.284 -1.344 -1.372 -1.398 -1.443 -1.446 -0.137 
4.000 600.000 -4.275 -3.932 -3.478 -3.247 -2.966 -2.595 -2.351 -2.034 -1.830 -1.580 -1.466 -1.353 -1.303 -1.269 -1.271 -1.348 -1.435 -1.553 -1.601 -1.640 -1.653 -1.662 -1.670 -1.671 -0.384 
4.000 700.000 -4.382 -4.040 -3.589 -3.359 -3.079 -2.712 -2.471 -2.161 -1.964 -1.728 -1.626 -1.528 -1.491 -1.473 -1.495 -1.598 -1.695 -1.816 -1.861 -1.892 -1.900 -1.902 -1.897 -1.897 -0.608 
4.000 800.000 -4.476 -4.135 -3.685 -3.456 -3.178 -2.814 -2.577 -2.276 -2.088 -1.870 -1.780 -1.703 -1.680 -1.680 -1.724 -1.849 -1.952 -2.067 -2.103 -2.121 -2.121 -2.115 -2.097 -2.096 -0.815 
4.000 1000.000 -4.689 -4.346 -3.894 -3.665 -3.388 -3.028 -2.797 -2.509 -2.335 -2.146 -2.077 -2.031 -2.028 -2.054 -2.127 -2.277 -2.383 -2.487 -2.512 -2.517 -2.509 -2.496 -2.468 -2.467 -1.190 
4.000 1200.000 -4.879 -4.530 -4.073 -3.842 -3.564 -3.208 -2.982 -2.708 -2.551 -2.395 -2.349 -2.335 -2.353 -2.402 -2.499 -2.664 -2.767 -2.853 -2.867 -2.860 -2.847 -2.829 -2.796 -2.795 -1.514 
4.000 1500.000 -5.159 -4.795 -4.321 -4.085 -3.804 -3.451 -3.235 -2.988 -2.859 -2.759 -2.749 -2.785 -2.834 -2.916 -3.043 -3.221 -3.316 -3.381 -3.384 -3.366 -3.349 -3.329 -3.297 -3.296 -2.003 
4.500 0.000 -1.143 -0.770 -0.279 -0.027 0.280 0.689 0.963 1.327 1.570 1.888 2.047 2.232 2.339 2.457 2.594 2.764 2.868 2.975 3.006 3.006 2.982 2.930 2.689 2.659 4.156 
4.500 1.000 -1.252 -0.880 -0.388 -0.137 0.170 0.579 0.853 1.217 1.461 1.779 1.938 2.125 2.232 2.352 2.491 2.665 2.773 2.886 2.919 2.922 2.899 2.847 2.600 2.568 4.057 
4.500 5.000 -1.625 -1.253 -0.762 -0.512 -0.205 0.203 0.477 0.841 1.085 1.402 1.562 1.749 1.856 1.976 2.116 2.291 2.400 2.515 2.550 2.554 2.532 2.481 2.236 2.204 3.431 
4.500 10.000 -1.903 -1.532 -1.043 -0.793 -0.487 -0.080 0.193 0.556 0.798 1.113 1.271 1.454 1.559 1.675 1.808 1.970 2.067 2.164 2.189 2.185 2.160 2.108 1.879 1.851 2.964 
4.500 15.000 -2.085 -1.715 -1.227 -0.978 -0.673 -0.267 0.005 0.367 0.608 0.921 1.076 1.257 1.359 1.472 1.599 1.749 1.836 1.918 1.936 1.925 1.898 1.847 1.631 1.605 2.681 
4.500 20.000 -2.224 -1.855 -1.368 -1.119 -0.815 -0.410 -0.138 0.222 0.462 0.773 0.927 1.105 1.206 1.315 1.438 1.579 1.658 1.729 1.742 1.726 1.698 1.647 1.442 1.417 2.476 
4.500 25.000 -2.336 -1.968 -1.482 -1.234 -0.930 -0.526 -0.255 0.104 0.343 0.652 0.805 0.981 1.080 1.187 1.304 1.438 1.509 1.570 1.578 1.559 1.530 1.479 1.283 1.260 2.297 
4.500 30.000 -2.428 -2.060 -1.575 -1.328 -1.025 -0.622 -0.352 0.007 0.245 0.552 0.704 0.879 0.976 1.081 1.195 1.322 1.388 1.441 1.446 1.424 1.394 1.344 1.154 1.133 2.157 
4.500 40.000 -2.570 -2.204 -1.721 -1.475 -1.173 -0.772 -0.503 -0.146 0.090 0.396 0.546 0.718 0.812 0.914 1.023 1.140 1.198 1.239 1.239 1.213 1.182 1.132 0.953 0.933 1.951 
4.500 50.000 -2.679 -2.315 -1.834 -1.589 -1.288 -0.888 -0.621 -0.266 -0.030 0.273 0.422 0.591 0.684 0.783 0.887 0.995 1.047 1.079 1.075 1.045 1.014 0.965 0.793 0.774 1.796 
4.500 60.000 -2.744 -2.381 -1.903 -1.658 -1.359 -0.960 -0.693 -0.340 -0.105 0.197 0.344 0.512 0.604 0.701 0.803 0.907 0.954 0.980 0.973 0.940 0.908 0.858 0.688 0.669 1.716 
4.500 70.000 -2.786 -2.426 -1.949 -1.705 -1.407 -1.010 -0.744 -0.392 -0.159 0.141 0.288 0.454 0.544 0.639 0.737 0.833 0.874 0.892 0.881 0.845 0.811 0.761 0.595 0.577 1.646 
4.500 80.000 -2.820 -2.460 -1.985 -1.742 -1.445 -1.049 -0.785 -0.434 -0.201 0.097 0.243 0.407 0.497 0.590 0.685 0.776 0.813 0.825 0.810 0.771 0.736 0.685 0.520 0.503 1.586 
4.500 90.000 -2.847 -2.489 -2.016 -1.774 -1.478 -1.084 -0.820 -0.470 -0.239 0.059 0.204 0.366 0.455 0.546 0.638 0.725 0.757 0.763 0.745 0.703 0.667 0.616 0.452 0.435 1.546 
4.500 100.000 -2.872 -2.515 -2.044 -1.802 -1.508 -1.114 -0.851 -0.503 -0.272 0.024 0.168 0.329 0.416 0.506 0.595 0.677 0.705 0.705 0.685 0.640 0.603 0.551 0.389 0.372 1.509 
4.500 110.000 -2.894 -2.538 -2.069 -1.828 -1.534 -1.142 -0.880 -0.533 -0.303 -0.009 0.134 0.294 0.380 0.468 0.555 0.632 0.656 0.650 0.627 0.580 0.542 0.490 0.330 0.314 1.474 
4.500 120.000 -2.914 -2.560 -2.092 -1.852 -1.559 -1.168 -0.907 -0.561 -0.332 -0.039 0.103 0.262 0.347 0.433 0.517 0.589 0.609 0.598 0.572 0.523 0.485 0.432 0.276 0.260 1.441 
4.500 130.000 -2.934 -2.582 -2.115 -1.876 -1.584 -1.195 -0.934 -0.589 -0.361 -0.069 0.072 0.229 0.313 0.398 0.480 0.547 0.563 0.547 0.519 0.468 0.429 0.376 0.222 0.207 1.408 
4.500 140.000 -2.954 -2.603 -2.138 -1.900 -1.608 -1.220 -0.960 -0.616 -0.389 -0.099 0.041 0.197 0.280 0.363 0.442 0.504 0.517 0.495 0.465 0.412 0.373 0.320 0.169 0.154 1.376 
4.500 150.000 -2.974 -2.624 -2.160 -1.923 -1.633 -1.246 -0.987 -0.644 -0.417 -0.128 0.011 0.165 0.247 0.328 0.404 0.461 0.470 0.443 0.411 0.357 0.317 0.265 0.118 0.103 1.345 
4.500 175.000 -3.024 -2.676 -2.216 -1.981 -1.693 -1.308 -1.051 -0.711 -0.486 -0.200 -0.063 0.088 0.166 0.244 0.314 0.360 0.360 0.322 0.286 0.228 0.188 0.137 -0.002 -0.015 1.267 
4.500 200.000 -3.068 -2.723 -2.266 -2.033 -1.746 -1.364 -1.109 -0.771 -0.548 -0.266 -0.131 0.017 0.093 0.167 0.230 0.266 0.258 0.210 0.170 0.110 0.070 0.020 -0.111 -0.123 1.194 
4.500 250.000 -3.151 -2.811 -2.360 -2.129 -1.846 -1.469 -1.217 -0.884 -0.665 -0.390 -0.259 -0.119 -0.049 0.017 0.067 0.081 0.056 -0.010 -0.055 -0.117 -0.155 -0.200 -0.310 -0.319 1.038 
4.500 300.000 -3.221 -2.885 -2.440 -2.211 -1.932 -1.559 -1.310 -0.981 -0.766 -0.497 -0.371 -0.238 -0.173 -0.116 -0.079 -0.086 -0.124 -0.205 -0.254 -0.315 -0.350 -0.390 -0.480 -0.488 0.900 
4.500 350.000 -3.282 -2.950 -2.509 -2.283 -2.006 -1.637 -1.391 -1.067 -0.855 -0.593 -0.471 -0.346 -0.287 -0.238 -0.212 -0.239 -0.290 -0.382 -0.433 -0.492 -0.524 -0.558 -0.631 -0.637 0.773 
4.500 400.000 -3.337 -3.008 -2.572 -2.348 -2.073 -1.708 -1.464 -1.144 -0.936 -0.680 -0.563 -0.445 -0.392 -0.351 -0.338 -0.382 -0.444 -0.545 -0.597 -0.653 -0.681 -0.710 -0.766 -0.770 0.655 
4.500 450.000 -3.409 -3.083 -2.650 -2.427 -2.155 -1.793 -1.551 -1.235 -1.031 -0.781 -0.669 -0.559 -0.512 -0.479 -0.477 -0.539 -0.611 -0.719 -0.771 -0.823 -0.848 -0.871 -0.913 -0.916 0.512 
4.500 500.000 -3.473 -3.150 -2.719 -2.499 -2.228 -1.869 -1.630 -1.318 -1.117 -0.874 -0.767 -0.664 -0.623 -0.598 -0.608 -0.685 -0.765 -0.879 -0.929 -0.977 -0.998 -1.016 -1.045 -1.047 0.382 
4.500 600.000 -3.581 -3.261 -2.836 -2.618 -2.352 -1.998 -1.764 -1.461 -1.270 -1.045 -0.951 -0.868 -0.842 -0.837 -0.873 -0.982 -1.074 -1.184 -1.225 -1.254 -1.261 -1.264 -1.262 -1.263 0.146 
4.500 700.000 -3.680 -3.362 -2.941 -2.724 -2.461 -2.112 -1.882 -1.589 -1.406 -1.198 -1.115 -1.052 -1.038 -1.051 -1.109 -1.241 -1.340 -1.446 -1.478 -1.495 -1.495 -1.489 -1.472 -1.471 -0.066 
4.500 800.000 -3.772 -3.456 -3.036 -2.822 -2.560 -2.215 -1.989 -1.704 -1.529 -1.337 -1.266 -1.218 -1.217 -1.244 -1.319 -1.468 -1.571 -1.672 -1.698 -1.706 -1.700 -1.689 -1.664 -1.663 -0.262 
4.500 1000.000 -3.972 -3.655 -3.236 -3.022 -2.763 -2.424 -2.206 -1.935 -1.776 -1.614 -1.563 -1.546 -1.564 -1.615 -1.715 -1.883 -1.985 -2.069 -2.083 -2.076 -2.064 -2.046 -2.013 -2.012 -0.618 
4.500 1200.000 -4.145 -3.823 -3.401 -3.186 -2.928 -2.595 -2.384 -2.131 -1.990 -1.862 -1.834 -1.849 -1.886 -1.958 -2.079 -2.256 -2.351 -2.415 -2.417 -2.399 -2.381 -2.360 -2.325 -2.324 -0.922 
4.500 1500.000 -4.402 -4.068 -3.633 -3.415 -3.156 -2.830 -2.631 -2.407 -2.295 -2.222 -2.229 -2.288 -2.352 -2.451 -2.594 -2.776 -2.860 -2.903 -2.896 -2.869 -2.850 -2.828 -2.796 -2.795 -1.378 
5.000 0.000 -0.681 -0.332 0.130 0.368 0.658 1.046 1.305 1.643 1.863 2.137 2.269 2.417 2.502 2.597 2.711 2.861 2.954 3.048 3.071 3.065 3.039 2.987 2.759 2.730 4.290 
5.000 1.000 -0.776 -0.427 0.035 0.273 0.563 0.951 1.209 1.548 1.768 2.043 2.174 2.324 2.409 2.505 2.621 2.773 2.869 2.966 2.991 2.987 2.961 2.908 2.674 2.645 4.218 
5.000 5.000 -1.081 -0.733 -0.271 -0.035 0.255 0.642 0.901 1.239 1.459 1.734 1.866 2.017 2.102 2.199 2.317 2.472 2.571 2.672 2.700 2.697 2.673 2.620 2.384 2.354 3.749 
5.000 10.000 -1.338 -0.991 -0.530 -0.294 -0.005 0.381 0.638 0.975 1.194 1.468 1.598 1.746 1.829 1.923 2.035 2.180 2.270 2.358 2.378 2.370 2.344 2.291 2.068 2.041 3.323 
5.000 15.000 -1.509 -1.162 -0.703 -0.468 -0.179 0.206 0.462 0.798 1.016 1.287 1.416 1.561 1.642 1.732 1.839 1.973 2.053 2.127 2.142 2.128 2.100 2.048 1.839 1.814 3.055 
5.000 20.000 -1.639 -1.294 -0.836 -0.601 -0.313 0.071 0.327 0.661 0.878 1.147 1.275 1.417 1.497 1.584 1.686 1.811 1.884 1.948 1.957 1.939 1.910 1.860 1.661 1.638 2.859 
5.000 25.000 -1.744 -1.399 -0.943 -0.708 -0.421 -0.038 0.217 0.550 0.766 1.033 1.159 1.300 1.377 1.462 1.559 1.676 1.741 1.794 1.799 1.778 1.748 1.698 1.509 1.488 2.687 
5.000 30.000 -1.830 -1.486 -1.031 -0.797 -0.511 -0.129 0.126 0.458 0.673 0.939 1.064 1.202 1.278 1.361 1.454 1.564 1.623 1.669 1.670 1.646 1.616 1.567 1.385 1.365 2.553 
5.000 40.000 -1.964 -1.622 -1.169 -0.936 -0.651 -0.271 -0.018 0.312 0.526 0.789 0.913 1.048 1.122 1.201 1.288 1.388 1.439 1.472 1.469 1.441 1.410 1.362 1.192 1.173 2.352 
5.000 50.000 -2.068 -1.728 -1.277 -1.045 -0.761 -0.383 -0.131 0.198 0.410 0.672 0.793 0.927 0.998 1.075 1.157 1.249 1.292 1.317 1.310 1.279 1.248 1.201 1.039 1.021 2.202 
5.000 60.000 -2.129 -1.791 -1.342 -1.111 -0.828 -0.451 -0.201 0.127 0.338 0.599 0.720 0.852 0.922 0.997 1.077 1.163 1.203 1.222 1.212 1.178 1.146 1.098 0.938 0.921 2.125 
5.000 70.000 -2.170 -1.833 -1.385 -1.156 -0.874 -0.499 -0.249 0.077 0.287 0.546 0.665 0.795 0.864 0.937 1.013 1.092 1.126 1.136 1.123 1.086 1.053 1.005 0.849 0.833 2.059 
5.000 80.000 -2.200 -1.864 -1.419 -1.190 -0.910 -0.536 -0.287 0.038 0.247 0.504 0.623 0.752 0.820 0.890 0.964 1.038 1.067 1.072 1.055 1.016 0.982 0.933 0.778 0.762 2.003 
5.000 90.000 -2.225 -1.891 -1.448 -1.220 -0.941 -0.568 -0.320 0.004 0.212 0.468 0.586 0.713 0.780 0.849 0.920 0.989 1.014 1.013 0.993 0.951 0.916 0.867 0.714 0.698 1.964 
5.000 100.000 -2.248 -1.915 -1.473 -1.247 -0.968 -0.597 -0.350 -0.028 0.180 0.434 0.552 0.678 0.743 0.811 0.879 0.943 0.964 0.957 0.935 0.891 0.855 0.805 0.654 0.639 1.929 
5.000 110.000 -2.268 -1.936 -1.497 -1.270 -0.993 -0.624 -0.377 -0.056 0.151 0.404 0.520 0.645 0.710 0.775 0.841 0.900 0.917 0.905 0.880 0.833 0.797 0.747 0.598 0.584 1.897 
5.000 120.000 -2.286 -1.956 -1.518 -1.292 -1.016 -0.648 -0.402 -0.082 0.124 0.376 0.491 0.614 0.678 0.742 0.805 0.859 0.873 0.855 0.829 0.780 0.743 0.693 0.547 0.532 1.866 
5.000 130.000 -2.305 -1.976 -1.539 -1.315 -1.040 -0.673 -0.428 -0.109 0.096 0.347 0.462 0.583 0.646 0.709 0.769 0.819 0.829 0.806 0.778 0.727 0.689 0.640 0.496 0.482 1.836 
5.000 140.000 -2.323 -1.995 -1.560 -1.337 -1.063 -0.697 -0.453 -0.135 0.069 0.319 0.432 0.553 0.614 0.675 0.733 0.778 0.784 0.756 0.725 0.673 0.635 0.586 0.446 0.433 1.806 
5.000 150.000 -2.341 -2.015 -1.581 -1.359 -1.085 -0.721 -0.478 -0.161 0.043 0.291 0.403 0.523 0.583 0.642 0.697 0.737 0.739 0.706 0.674 0.621 0.583 0.534 0.398 0.385 1.777 
5.000 175.000 -2.386 -2.063 -1.633 -1.412 -1.141 -0.779 -0.538 -0.224 -0.022 0.222 0.333 0.449 0.507 0.562 0.610 0.639 0.633 0.590 0.553 0.497 0.460 0.412 0.285 0.273 1.704 
5.000 200.000 -2.426 -2.106 -1.679 -1.460 -1.191 -0.832 -0.593 -0.281 -0.081 0.160 0.269 0.382 0.437 0.488 0.530 0.548 0.534 0.482 0.442 0.385 0.347 0.302 0.184 0.173 1.637 
5.000 250.000 -2.504 -2.189 -1.769 -1.553 -1.288 -0.934 -0.698 -0.391 -0.195 0.040 0.145 0.250 0.299 0.342 0.372 0.368 0.339 0.270 0.225 0.168 0.132 0.092 -0.005 -0.014 1.491 
5.000 300.000 -2.570 -2.259 -1.845 -1.632 -1.370 -1.020 -0.787 -0.485 -0.293 -0.064 0.036 0.135 0.179 0.213 0.230 0.207 0.165 0.083 0.036 -0.021 -0.053 -0.088 -0.166 -0.172 1.360 
5.000 350.000 -2.628 -2.321 -1.912 -1.701 -1.442 -1.096 -0.866 -0.569 -0.380 -0.157 -0.061 0.030 0.069 0.096 0.101 0.059 0.005 -0.086 -0.135 -0.189 -0.217 -0.246 -0.307 -0.312 1.243 
5.000 400.000 -2.680 -2.376 -1.971 -1.763 -1.506 -1.165 -0.938 -0.644 -0.459 -0.242 -0.150 -0.066 -0.033 -0.014 -0.021 -0.079 -0.143 -0.241 -0.290 -0.339 -0.363 -0.387 -0.432 -0.435 1.134 
5.000 450.000 -2.752 -2.451 -2.050 -1.843 -1.589 -1.251 -1.026 -0.737 -0.555 -0.345 -0.258 -0.181 -0.154 -0.142 -0.160 -0.234 -0.307 -0.411 -0.458 -0.504 -0.524 -0.542 -0.574 -0.576 0.997 
5.000 500.000 -2.816 -2.518 -2.120 -1.915 -1.663 -1.328 -1.106 -0.820 -0.642 -0.438 -0.356 -0.287 -0.265 -0.261 -0.290 -0.378 -0.458 -0.566 -0.611 -0.652 -0.668 -0.681 -0.701 -0.703 0.872 
5.000 600.000 -2.922 -2.628 -2.236 -2.034 -1.786 -1.457 -1.241 -0.965 -0.797 -0.611 -0.542 -0.493 -0.486 -0.502 -0.556 -0.674 -0.763 -0.864 -0.897 -0.918 -0.921 -0.918 -0.909 -0.909 0.646 
5.000 700.000 -3.021 -2.730 -2.341 -2.141 -1.897 -1.573 -1.361 -1.093 -0.932 -0.760 -0.701 -0.667 -0.671 -0.701 -0.773 -0.909 -1.004 -1.102 -1.129 -1.141 -1.139 -1.130 -1.111 -1.110 0.443 
5.000 800.000 -3.109 -2.820 -2.434 -2.236 -1.994 -1.675 -1.467 -1.209 -1.056 -0.901 -0.853 -0.836 -0.852 -0.896 -0.985 -1.136 -1.233 -1.322 -1.342 -1.343 -1.334 -1.320 -1.292 -1.291 0.257 
5.000 1000.000 -3.300 -3.011 -2.627 -2.431 -2.192 -1.881 -1.681 -1.439 -1.302 -1.177 -1.149 -1.160 -1.195 -1.261 -1.373 -1.538 -1.631 -1.700 -1.707 -1.694 -1.679 -1.659 -1.624 -1.623 -0.079 
5.000 1200.000 -3.461 -3.169 -2.783 -2.587 -2.350 -2.045 -1.854 -1.629 -1.510 -1.417 -1.410 -1.450 -1.502 -1.587 -1.715 -1.885 -1.969 -2.019 -2.016 -1.993 -1.974 -1.952 -1.917 -1.916 -0.363 
5.000 1500.000 -3.699 -3.397 -3.002 -2.804 -2.569 -2.273 -2.095 -1.899 -1.809 -1.768 -1.793 -1.874 -1.950 -2.058 -2.203 -2.374 -2.446 -2.476 -2.464 -2.436 -2.416 -2.394 -2.363 -2.363 -0.789 
5.500 0.000 -0.238 0.084 0.511 0.731 0.999 1.357 1.592 1.895 2.085 2.314 2.421 2.542 2.612 2.693 2.795 2.929 3.011 3.089 3.105 3.093 3.065 3.013 2.801 2.776 4.356 
5.500 1.000 -0.326 -0.005 0.422 0.641 0.910 1.267 1.503 1.805 1.995 2.225 2.332 2.453 2.524 2.606 2.708 2.845 2.929 3.008 3.025 3.013 2.985 2.933 2.716 2.690 4.297 
5.500 5.000 -0.572 -0.252 0.175 0.394 0.662 1.018 1.254 1.556 1.747 1.977 2.084 2.206 2.277 2.361 2.465 2.606 2.692 2.776 2.795 2.785 2.757 2.704 2.482 2.455 3.990 
5.500 10.000 -0.800 -0.481 -0.056 0.163 0.430 0.786 1.020 1.322 1.511 1.740 1.846 1.967 2.036 2.118 2.218 2.351 2.432 2.507 2.522 2.508 2.480 2.427 2.215 2.190 3.634 
5.500 15.000 -0.956 -0.638 -0.214 0.004 0.270 0.625 0.859 1.159 1.348 1.574 1.679 1.797 1.865 1.943 2.038 2.162 2.234 2.298 2.308 2.290 2.261 2.210 2.010 1.987 3.390 
5.500 20.000 -1.078 -0.761 -0.338 -0.121 0.145 0.498 0.732 1.031 1.218 1.443 1.547 1.663 1.729 1.804 1.895 2.010 2.075 2.129 2.135 2.113 2.084 2.034 1.845 1.824 3.203 
5.500 25.000 -1.177 -0.860 -0.439 -0.223 0.043 0.395 0.628 0.925 1.112 1.335 1.438 1.551 1.615 1.687 1.773 1.879 1.937 1.981 1.982 1.958 1.928 1.880 1.701 1.681 3.039 
5.500 30.000 -1.259 -0.943 -0.523 -0.307 -0.043 0.309 0.541 0.837 1.023 1.245 1.346 1.458 1.520 1.590 1.672 1.771 1.823 1.860 1.858 1.831 1.801 1.753 1.582 1.563 2.908 
5.500 40.000 -1.387 -1.073 -0.655 -0.440 -0.176 0.173 0.404 0.699 0.883 1.103 1.202 1.311 1.370 1.437 1.513 1.601 1.644 1.669 1.662 1.632 1.602 1.555 1.396 1.379 2.712 
5.500 50.000 -1.486 -1.173 -0.757 -0.544 -0.282 0.066 0.296 0.589 0.773 0.990 1.088 1.194 1.252 1.315 1.386 1.466 1.502 1.518 1.507 1.475 1.445 1.400 1.249 1.233 2.563 
5.500 60.000 -1.545 -1.234 -0.820 -0.607 -0.347 0.000 0.228 0.521 0.703 0.919 1.016 1.121 1.178 1.240 1.308 1.383 1.415 1.425 1.412 1.377 1.345 1.300 1.151 1.135 2.488 
5.500 70.000 -1.583 -1.274 -0.862 -0.650 -0.390 -0.045 0.182 0.473 0.654 0.869 0.965 1.068 1.123 1.182 1.247 1.314 1.340 1.342 1.326 1.288 1.255 1.210 1.065 1.050 2.423 
5.500 80.000 -1.612 -1.304 -0.894 -0.683 -0.425 -0.081 0.145 0.435 0.616 0.829 0.924 1.026 1.080 1.137 1.199 1.262 1.284 1.280 1.260 1.220 1.186 1.140 0.997 0.982 2.368 
5.500 90.000 -1.637 -1.330 -0.922 -0.712 -0.454 -0.112 0.113 0.402 0.582 0.794 0.888 0.988 1.042 1.098 1.157 1.214 1.232 1.222 1.200 1.157 1.123 1.076 0.934 0.920 2.331 
5.500 100.000 -1.658 -1.353 -0.947 -0.738 -0.481 -0.140 0.084 0.372 0.551 0.762 0.855 0.954 1.006 1.061 1.117 1.170 1.184 1.169 1.144 1.099 1.064 1.017 0.877 0.863 2.297 
5.500 110.000 -1.678 -1.374 -0.970 -0.761 -0.506 -0.166 0.058 0.344 0.522 0.732 0.825 0.922 0.973 1.026 1.080 1.127 1.138 1.117 1.090 1.043 1.008 0.960 0.823 0.809 2.266 
5.500 120.000 -1.696 -1.393 -0.990 -0.783 -0.529 -0.190 0.033 0.318 0.496 0.704 0.796 0.892 0.942 0.993 1.045 1.087 1.094 1.068 1.039 0.990 0.954 0.907 0.772 0.759 2.237 
5.500 130.000 -1.714 -1.413 -1.012 -0.805 -0.552 -0.215 0.007 0.291 0.468 0.676 0.767 0.862 0.911 0.961 1.009 1.048 1.050 1.020 0.989 0.939 0.902 0.856 0.723 0.710 2.207 
5.500 140.000 -1.732 -1.432 -1.033 -0.827 -0.574 -0.239 -0.017 0.266 0.442 0.648 0.738 0.832 0.880 0.928 0.974 1.007 1.006 0.971 0.939 0.887 0.850 0.804 0.675 0.662 2.179 
5.500 150.000 -1.750 -1.451 -1.053 -0.848 -0.597 -0.262 -0.041 0.241 0.416 0.621 0.710 0.803 0.849 0.896 0.939 0.967 0.963 0.923 0.888 0.835 0.799 0.753 0.628 0.616 2.150 
5.500 175.000 -1.795 -1.499 -1.105 -0.901 -0.652 -0.320 -0.101 0.178 0.352 0.554 0.641 0.731 0.775 0.817 0.853 0.871 0.858 0.809 0.771 0.716 0.679 0.635 0.518 0.508 2.080 
5.500 200.000 -1.834 -1.541 -1.150 -0.949 -0.701 -0.372 -0.155 0.122 0.294 0.493 0.579 0.665 0.706 0.744 0.775 0.782 0.762 0.704 0.663 0.606 0.571 0.528 0.420 0.411 2.014 
5.500 250.000 -1.909 -1.621 -1.237 -1.038 -0.795 -0.471 -0.257 0.016 0.184 0.377 0.459 0.538 0.573 0.603 0.621 0.607 0.572 0.499 0.454 0.398 0.365 0.328 0.240 0.233 1.874 
5.500 300.000 -1.972 -1.689 -1.310 -1.115 -0.874 -0.555 -0.344 -0.076 0.089 0.276 0.354 0.426 0.456 0.479 0.484 0.451 0.404 0.319 0.272 0.218 0.188 0.157 0.087 0.082 1.750 
5.500 350.000 -2.028 -1.748 -1.374 -1.181 -0.944 -0.628 -0.421 -0.157 0.005 0.187 0.260 0.325 0.350 0.365 0.358 0.308 0.250 0.157 0.109 0.059 0.033 0.007 -0.045 -0.050 1.639 
5.500 400.000 -2.078 -1.801 -1.432 -1.241 -1.006 -0.695 -0.489 -0.230 -0.071 0.104 0.173 0.232 0.251 0.258 0.241 0.174 0.107 0.008 -0.038 -0.085 -0.106 -0.126 -0.164 -0.167 1.537 
5.500 450.000 -2.142 -1.869 -1.503 -1.314 -1.082 -0.774 -0.571 -0.316 -0.160 0.009 0.074 0.125 0.139 0.138 0.110 0.028 -0.047 -0.150 -0.195 -0.236 -0.254 -0.268 -0.293 -0.295 1.415 
5.500 500.000 -2.201 -1.930 -1.568 -1.381 -1.151 -0.846 -0.646 -0.394 -0.242 -0.079 -0.019 0.025 0.034 0.026 -0.013 -0.108 -0.190 -0.294 -0.337 -0.373 -0.387 -0.396 -0.409 -0.410 1.302 
5.500 600.000 -2.299 -2.033 -1.676 -1.492 -1.267 -0.968 -0.774 -0.531 -0.389 -0.243 -0.195 -0.171 -0.176 -0.204 -0.266 -0.387 -0.476 -0.572 -0.603 -0.619 -0.620 -0.615 -0.602 -0.602 1.097 
5.500 700.000 -2.391 -2.128 -1.775 -1.594 -1.371 -1.078 -0.888 -0.653 -0.518 -0.386 -0.348 -0.338 -0.354 -0.394 -0.474 -0.611 -0.703 -0.794 -0.818 -0.826 -0.821 -0.810 -0.788 -0.787 0.911 
5.500 800.000 -2.475 -2.213 -1.863 -1.684 -1.464 -1.176 -0.990 -0.765 -0.638 -0.521 -0.494 -0.500 -0.527 -0.581 -0.676 -0.826 -0.918 -0.999 -1.015 -1.013 -1.002 -0.987 -0.957 -0.956 0.740 
5.500 1000.000 -2.652 -2.392 -2.045 -1.867 -1.652 -1.372 -1.195 -0.986 -0.875 -0.788 -0.780 -0.814 -0.859 -0.933 -1.048 -1.208 -1.293 -1.352 -1.356 -1.339 -1.322 -1.301 -1.266 -1.265 0.431 
5.500 1200.000 -2.801 -2.538 -2.190 -2.014 -1.801 -1.529 -1.361 -1.170 -1.076 -1.020 -1.033 -1.094 -1.155 -1.246 -1.375 -1.536 -1.612 -1.652 -1.646 -1.621 -1.601 -1.579 -1.545 -1.544 0.168 
5.500 1500.000 -3.021 -2.750 -2.396 -2.219 -2.009 -1.748 -1.594 -1.432 -1.367 -1.360 -1.403 -1.500 -1.582 -1.692 -1.832 -1.988 -2.050 -2.069 -2.055 -2.025 -2.005 -1.984 -1.955 -1.954 -0.227 
6.000 0.000 0.173 0.464 0.851 1.050 1.293 1.613 1.822 2.084 2.245 2.434 2.522 2.625 2.686 2.759 2.852 2.973 3.044 3.107 3.116 3.098 3.070 3.020 2.825 2.802 4.422 
6.000 1.000 0.087 0.378 0.765 0.963 1.206 1.527 1.735 1.998 2.158 2.348 2.436 2.539 2.600 2.674 2.767 2.889 2.961 3.024 3.034 3.016 2.987 2.937 2.738 2.715 4.368 
6.000 5.000 -0.111 0.179 0.565 0.764 1.006 1.326 1.535 1.797 1.958 2.148 2.236 2.340 2.402 2.477 2.572 2.698 2.772 2.839 2.850 2.833 2.804 2.752 2.547 2.523 4.177 
6.000 10.000 -0.304 -0.015 0.370 0.568 0.809 1.128 1.336 1.598 1.758 1.947 2.035 2.138 2.199 2.272 2.365 2.486 2.557 2.618 2.627 2.608 2.578 2.527 2.329 2.306 3.910 
6.000 15.000 -0.442 -0.154 0.230 0.427 0.668 0.986 1.193 1.454 1.613 1.801 1.888 1.988 2.048 2.119 2.207 2.321 2.385 2.438 2.443 2.422 2.392 2.343 2.154 2.133 3.702 
6.000 20.000 -0.555 -0.267 0.115 0.312 0.552 0.870 1.076 1.336 1.494 1.680 1.766 1.865 1.923 1.991 2.075 2.181 2.239 2.284 2.285 2.261 2.232 2.183 2.005 1.985 3.532 
6.000 25.000 -0.647 -0.360 0.021 0.217 0.457 0.773 0.979 1.237 1.395 1.579 1.664 1.760 1.816 1.881 1.961 2.058 2.109 2.145 2.142 2.116 2.086 2.039 1.871 1.852 3.377 
6.000 30.000 -0.725 -0.440 -0.059 0.136 0.375 0.691 0.896 1.153 1.310 1.493 1.577 1.671 1.725 1.788 1.864 1.954 2.000 2.028 2.022 1.994 1.964 1.918 1.758 1.740 3.251 
6.000 40.000 -0.848 -0.564 -0.186 0.009 0.247 0.560 0.764 1.020 1.176 1.356 1.438 1.529 1.581 1.640 1.710 1.789 1.826 1.843 1.833 1.802 1.772 1.728 1.578 1.562 3.062 
6.000 50.000 -0.943 -0.661 -0.285 -0.091 0.145 0.458 0.661 0.915 1.069 1.248 1.328 1.417 1.467 1.523 1.588 1.658 1.688 1.696 1.683 1.650 1.620 1.577 1.437 1.422 2.919 
6.000 60.000 -1.000 -0.719 -0.345 -0.152 0.083 0.394 0.596 0.849 1.003 1.181 1.260 1.348 1.397 1.451 1.513 1.578 1.604 1.606 1.591 1.555 1.524 1.481 1.342 1.328 2.845 
6.000 70.000 -1.037 -0.758 -0.386 -0.194 0.040 0.350 0.551 0.803 0.956 1.132 1.210 1.296 1.343 1.395 1.453 1.512 1.532 1.527 1.508 1.469 1.438 1.394 1.259 1.246 2.781 
6.000 80.000 -1.066 -0.788 -0.417 -0.226 0.007 0.315 0.515 0.766 0.919 1.094 1.171 1.256 1.302 1.353 1.408 1.461 1.478 1.467 1.445 1.404 1.372 1.328 1.194 1.180 2.727 
6.000 90.000 -1.090 -0.813 -0.444 -0.254 -0.022 0.285 0.484 0.734 0.886 1.060 1.137 1.220 1.265 1.314 1.366 1.415 1.427 1.411 1.387 1.343 1.310 1.266 1.134 1.120 2.690 
6.000 100.000 -1.110 -0.835 -0.468 -0.279 -0.048 0.258 0.457 0.706 0.857 1.030 1.106 1.187 1.232 1.279 1.329 1.372 1.381 1.359 1.333 1.287 1.254 1.209 1.079 1.066 2.657 
6.000 110.000 -1.130 -0.856 -0.491 -0.302 -0.072 0.232 0.430 0.678 0.829 1.000 1.076 1.156 1.199 1.245 1.292 1.331 1.335 1.309 1.280 1.233 1.198 1.154 1.026 1.014 2.626 
6.000 120.000 -1.147 -0.874 -0.510 -0.323 -0.094 0.209 0.407 0.654 0.803 0.974 1.049 1.128 1.170 1.214 1.258 1.292 1.292 1.261 1.230 1.181 1.146 1.102 0.977 0.965 2.598 
6.000 130.000 -1.166 -0.894 -0.532 -0.345 -0.117 0.185 0.382 0.628 0.777 0.946 1.020 1.098 1.139 1.181 1.223 1.252 1.249 1.213 1.181 1.130 1.096 1.051 0.929 0.918 2.569 
6.000 140.000 -1.184 -0.914 -0.553 -0.367 -0.140 0.161 0.357 0.602 0.750 0.919 0.992 1.068 1.108 1.149 1.187 1.212 1.205 1.165 1.131 1.079 1.044 1.001 0.882 0.871 2.540 
6.000 150.000 -1.202 -0.933 -0.574 -0.389 -0.162 0.138 0.333 0.577 0.725 0.892 0.964 1.039 1.078 1.117 1.153 1.172 1.162 1.117 1.081 1.029 0.994 0.951 0.836 0.825 2.512 
6.000 175.000 -1.246 -0.980 -0.624 -0.441 -0.216 0.081 0.274 0.516 0.662 0.827 0.897 0.969 1.005 1.040 1.069 1.078 1.060 1.005 0.966 0.912 0.878 0.836 0.730 0.720 2.442 
6.000 200.000 -1.286 -1.022 -0.670 -0.488 -0.265 0.029 0.221 0.461 0.605 0.767 0.836 0.904 0.938 0.968 0.992 0.990 0.964 0.901 0.860 0.805 0.771 0.732 0.634 0.626 2.377 
6.000 250.000 -1.359 -1.100 -0.754 -0.575 -0.356 -0.066 0.123 0.358 0.500 0.656 0.720 0.782 0.810 0.832 0.842 0.820 0.780 0.703 0.658 0.604 0.574 0.540 0.462 0.455 2.247 
6.000 300.000 -1.421 -1.166 -0.825 -0.649 -0.433 -0.147 0.039 0.270 0.409 0.560 0.620 0.675 0.697 0.711 0.710 0.669 0.617 0.530 0.484 0.432 0.405 0.377 0.317 0.312 2.132 
6.000 350.000 -1.475 -1.223 -0.887 -0.713 -0.500 -0.218 -0.035 0.193 0.328 0.473 0.529 0.577 0.594 0.600 0.587 0.529 0.468 0.373 0.327 0.280 0.257 0.235 0.191 0.188 2.029 
6.000 400.000 -1.523 -1.275 -0.943 -0.771 -0.560 -0.282 -0.101 0.123 0.255 0.394 0.446 0.487 0.498 0.497 0.473 0.399 0.329 0.231 0.186 0.144 0.125 0.109 0.080 0.077 1.933 
6.000 450.000 -1.581 -1.336 -1.008 -0.838 -0.630 -0.355 -0.176 0.044 0.172 0.306 0.354 0.387 0.393 0.384 0.349 0.261 0.185 0.083 0.041 0.004 -0.010 -0.021 -0.038 -0.039 1.824 
6.000 500.000 -1.635 -1.393 -1.067 -0.899 -0.693 -0.421 -0.245 -0.029 0.097 0.224 0.267 0.294 0.294 0.278 0.232 0.132 0.050 -0.052 -0.091 -0.122 -0.132 -0.138 -0.144 -0.145 1.723 
6.000 600.000 -1.725 -1.487 -1.167 -1.002 -0.800 -0.534 -0.364 -0.157 -0.040 0.071 0.102 0.110 0.096 0.062 -0.006 -0.129 -0.217 -0.308 -0.335 -0.347 -0.346 -0.339 -0.322 -0.321 1.539 
6.000 700.000 -1.810 -1.574 -1.258 -1.096 -0.897 -0.637 -0.470 -0.271 -0.162 -0.064 -0.043 -0.051 -0.075 -0.122 -0.205 -0.343 -0.433 -0.517 -0.537 -0.539 -0.532 -0.519 -0.493 -0.492 1.370 
6.000 800.000 -1.884 -1.650 -1.337 -1.177 -0.981 -0.726 -0.565 -0.375 -0.274 -0.193 -0.183 -0.207 -0.242 -0.302 -0.401 -0.549 -0.636 -0.708 -0.719 -0.711 -0.698 -0.680 -0.648 -0.647 1.215 
6.000 1000.000 -2.048 -1.816 -1.506 -1.348 -1.157 -0.910 -0.758 -0.584 -0.499 -0.447 -0.456 -0.507 -0.559 -0.638 -0.753 -0.907 -0.986 -1.035 -1.034 -1.014 -0.996 -0.974 -0.939 -0.938 0.932 
6.000 1200.000 -2.186 -1.952 -1.643 -1.486 -1.298 -1.061 -0.917 -0.762 -0.694 -0.672 -0.700 -0.776 -0.842 -0.936 -1.062 -1.213 -1.281 -1.311 -1.301 -1.274 -1.254 -1.232 -1.199 -1.197 0.688 
6.000 1500.000 -2.389 -2.149 -1.836 -1.680 -1.497 -1.271 -1.142 -1.016 -0.975 -1.000 -1.056 -1.165 -1.249 -1.357 -1.492 -1.633 -1.687 -1.698 -1.682 -1.652 -1.632 -1.612 -1.585 -1.584 0.322 
6.500 0.000 0.535 0.794 1.138 1.314 1.529 1.811 1.991 2.214 2.349 2.508 2.584 2.675 2.732 2.800 2.888 3.000 3.064 3.117 3.122 3.102 3.074 3.026 2.843 2.822 4.504 
6.500 1.000 0.453 0.712 1.056 1.232 1.447 1.728 1.909 2.132 2.266 2.425 2.501 2.593 2.649 2.718 2.806 2.918 2.982 3.035 3.041 3.020 2.991 2.943 2.759 2.738 4.454 
6.500 5.000 0.292 0.549 0.893 1.069 1.283 1.564 1.744 1.967 2.102 2.261 2.338 2.430 2.488 2.557 2.646 2.762 2.828 2.883 2.889 2.869 2.840 2.790 2.600 2.578 4.334 
6.500 10.000 0.133 0.390 0.732 0.908 1.122 1.402 1.582 1.804 1.939 2.098 2.174 2.266 2.322 2.391 2.479 2.592 2.656 2.708 2.713 2.692 2.663 2.614 2.427 2.406 4.150 
6.500 15.000 0.015 0.272 0.613 0.788 1.001 1.280 1.460 1.682 1.815 1.973 2.049 2.139 2.195 2.262 2.347 2.455 2.514 2.561 2.564 2.541 2.512 2.464 2.284 2.264 3.986 
6.500 20.000 -0.087 0.168 0.508 0.683 0.895 1.174 1.353 1.574 1.707 1.864 1.938 2.027 2.081 2.147 2.228 2.329 2.384 2.425 2.425 2.400 2.371 2.324 2.152 2.133 3.839 
6.500 25.000 -0.175 0.080 0.419 0.593 0.805 1.083 1.261 1.481 1.614 1.769 1.842 1.929 1.982 2.045 2.122 2.216 2.265 2.298 2.295 2.269 2.240 2.194 2.031 2.013 3.702 
6.500 30.000 -0.249 0.004 0.343 0.516 0.728 1.005 1.182 1.402 1.534 1.688 1.760 1.845 1.897 1.957 2.031 2.119 2.163 2.190 2.184 2.156 2.127 2.082 1.926 1.909 3.585 
6.500 40.000 -0.368 -0.115 0.221 0.394 0.604 0.880 1.056 1.274 1.405 1.557 1.628 1.710 1.759 1.816 1.884 1.962 1.998 2.014 2.005 1.974 1.945 1.902 1.757 1.741 3.405 
6.500 50.000 -0.459 -0.208 0.126 0.298 0.507 0.781 0.957 1.174 1.304 1.454 1.523 1.603 1.650 1.704 1.767 1.836 1.866 1.874 1.861 1.829 1.800 1.758 1.622 1.607 3.267 
6.500 60.000 -0.514 -0.265 0.068 0.239 0.447 0.720 0.895 1.111 1.240 1.389 1.458 1.537 1.583 1.635 1.696 1.760 1.785 1.788 1.772 1.738 1.708 1.666 1.531 1.517 3.195 
6.500 70.000 -0.551 -0.303 0.028 0.198 0.406 0.677 0.852 1.067 1.195 1.343 1.410 1.487 1.532 1.582 1.638 1.696 1.716 1.711 1.693 1.655 1.625 1.583 1.451 1.438 3.132 
6.500 80.000 -0.579 -0.332 -0.003 0.166 0.373 0.643 0.817 1.031 1.159 1.306 1.373 1.449 1.492 1.541 1.594 1.647 1.663 1.653 1.632 1.592 1.561 1.518 1.388 1.374 3.080 
6.500 90.000 -0.602 -0.357 -0.029 0.140 0.345 0.615 0.788 1.001 1.128 1.274 1.340 1.415 1.457 1.504 1.555 1.603 1.615 1.600 1.576 1.534 1.502 1.459 1.330 1.317 3.044 
6.500 100.000 -0.623 -0.378 -0.052 0.115 0.320 0.588 0.761 0.973 1.100 1.245 1.311 1.384 1.425 1.470 1.519 1.562 1.570 1.549 1.524 1.479 1.447 1.403 1.277 1.264 3.012 
6.500 110.000 -0.642 -0.399 -0.074 0.093 0.297 0.564 0.736 0.947 1.073 1.218 1.282 1.354 1.394 1.438 1.483 1.522 1.526 1.500 1.472 1.426 1.393 1.349 1.225 1.213 2.982 
6.500 120.000 -0.659 -0.417 -0.094 0.072 0.275 0.541 0.712 0.923 1.049 1.192 1.256 1.326 1.365 1.407 1.450 1.483 1.484 1.452 1.423 1.375 1.341 1.298 1.177 1.165 2.954 
6.500 130.000 -0.679 -0.438 -0.116 0.049 0.251 0.516 0.687 0.897 1.022 1.164 1.227 1.297 1.334 1.375 1.415 1.444 1.441 1.405 1.374 1.325 1.291 1.249 1.130 1.119 2.926 
6.500 140.000 -0.698 -0.458 -0.138 0.027 0.228 0.493 0.663 0.872 0.996 1.137 1.200 1.267 1.304 1.343 1.380 1.404 1.397 1.357 1.324 1.274 1.241 1.198 1.084 1.073 2.898 
6.500 150.000 -0.716 -0.477 -0.158 0.007 0.207 0.470 0.640 0.848 0.972 1.112 1.173 1.240 1.275 1.312 1.346 1.365 1.355 1.310 1.275 1.225 1.191 1.150 1.039 1.029 2.871 
6.500 175.000 -0.760 -0.524 -0.208 -0.045 0.154 0.414 0.582 0.789 0.911 1.049 1.108 1.171 1.204 1.236 1.264 1.272 1.253 1.199 1.162 1.110 1.077 1.037 0.936 0.926 2.804 
6.500 200.000 -0.801 -0.567 -0.254 -0.093 0.104 0.363 0.529 0.734 0.855 0.990 1.048 1.107 1.137 1.166 1.187 1.185 1.159 1.097 1.057 1.004 0.972 0.934 0.842 0.833 2.741 
6.500 250.000 -0.873 -0.644 -0.336 -0.178 0.016 0.271 0.435 0.636 0.754 0.884 0.937 0.990 1.014 1.034 1.043 1.020 0.980 0.905 0.862 0.810 0.781 0.750 0.677 0.671 2.619 
6.500 300.000 -0.934 -0.708 -0.405 -0.249 -0.058 0.193 0.354 0.551 0.667 0.791 0.841 0.887 0.906 0.918 0.914 0.873 0.822 0.737 0.693 0.644 0.619 0.593 0.538 0.533 2.510 
6.500 350.000 -0.987 -0.764 -0.466 -0.312 -0.123 0.124 0.283 0.477 0.590 0.709 0.754 0.793 0.807 0.811 0.796 0.737 0.676 0.585 0.542 0.498 0.477 0.457 0.418 0.415 2.413 
6.500 400.000 -1.034 -0.814 -0.520 -0.368 -0.181 0.063 0.220 0.410 0.520 0.633 0.675 0.707 0.714 0.711 0.685 0.611 0.542 0.448 0.406 0.367 0.351 0.337 0.313 0.310 2.322 
6.500 450.000 -1.087 -0.870 -0.579 -0.428 -0.244 -0.003 0.152 0.339 0.445 0.553 0.590 0.615 0.617 0.606 0.569 0.481 0.407 0.310 0.271 0.238 0.227 0.218 0.206 0.205 2.226 
6.500 500.000 -1.136 -0.921 -0.632 -0.483 -0.301 -0.063 0.090 0.273 0.377 0.478 0.511 0.528 0.524 0.506 0.459 0.359 0.280 0.184 0.148 0.122 0.114 0.111 0.110 0.109 2.136 
6.500 600.000 -1.217 -1.006 -0.722 -0.576 -0.398 -0.165 -0.017 0.158 0.253 0.339 0.360 0.359 0.343 0.307 0.239 0.119 0.035 -0.050 -0.075 -0.084 -0.081 -0.072 -0.054 -0.053 1.970 
6.500 700.000 -1.293 -1.084 -0.804 -0.660 -0.485 -0.258 -0.115 0.052 0.140 0.212 0.222 0.206 0.178 0.129 0.045 -0.089 -0.174 -0.249 -0.265 -0.263 -0.253 -0.239 -0.211 -0.210 1.816 
6.500 800.000 -1.357 -1.150 -0.874 -0.732 -0.559 -0.337 -0.199 -0.041 0.038 0.093 0.092 0.058 0.020 -0.043 -0.141 -0.283 -0.364 -0.426 -0.432 -0.420 -0.405 -0.386 -0.352 -0.351 1.676 
6.500 1000.000 -1.507 -1.301 -1.028 -0.888 -0.721 -0.507 -0.378 -0.237 -0.173 -0.147 -0.167 -0.227 -0.281 -0.361 -0.473 -0.617 -0.687 -0.726 -0.721 -0.697 -0.678 -0.656 -0.621 -0.620 1.417 
6.500 1200.000 -1.635 -1.428 -1.156 -1.019 -0.855 -0.651 -0.530 -0.407 -0.361 -0.365 -0.404 -0.487 -0.554 -0.646 -0.766 -0.905 -0.963 -0.984 -0.971 -0.941 -0.921 -0.899 -0.867 -0.866 1.188 
6.500 1500.000 -1.820 -1.609 -1.336 -1.200 -1.042 -0.852 -0.747 -0.653 -0.634 -0.683 -0.747 -0.860 -0.943 -1.047 -1.171 -1.297 -1.341 -1.343 -1.326 -1.295 -1.276 -1.257 -1.232 -1.231 0.846 
7.000 0.000 0.867 1.093 1.394 1.547 1.734 1.976 2.130 2.318 2.432 2.569 2.637 2.722 2.776 2.842 2.925 3.030 3.088 3.134 3.136 3.115 3.088 3.042 2.871 2.852 4.626 
7.000 1.000 0.791 1.017 1.317 1.471 1.658 1.900 2.054 2.242 2.355 2.492 2.561 2.646 2.700 2.766 2.849 2.954 3.013 3.059 3.061 3.040 3.012 2.966 2.794 2.775 4.580 
7.000 5.000 0.653 0.879 1.178 1.332 1.518 1.760 1.914 2.102 2.216 2.353 2.422 2.508 2.563 2.630 2.715 2.824 2.884 2.933 2.937 2.915 2.887 2.839 2.661 2.641 4.498 
7.000 10.000 0.520 0.745 1.043 1.196 1.382 1.624 1.777 1.965 2.079 2.217 2.286 2.372 2.426 2.493 2.578 2.687 2.747 2.796 2.799 2.777 2.749 2.701 2.523 2.502 4.372 
7.000 15.000 0.418 0.642 0.940 1.093 1.278 1.519 1.672 1.860 1.973 2.111 2.179 2.265 2.319 2.385 2.468 2.574 2.632 2.678 2.680 2.657 2.629 2.581 2.406 2.386 4.250 
7.000 20.000 0.325 0.548 0.845 0.997 1.182 1.422 1.575 1.762 1.875 2.012 2.080 2.164 2.217 2.282 2.363 2.464 2.519 2.560 2.560 2.536 2.508 2.461 2.291 2.272 4.129 
7.000 25.000 0.244 0.467 0.763 0.915 1.099 1.338 1.491 1.677 1.790 1.925 1.992 2.075 2.127 2.190 2.268 2.364 2.414 2.449 2.447 2.422 2.394 2.348 2.185 2.167 4.016 
7.000 30.000 0.176 0.398 0.693 0.845 1.029 1.268 1.420 1.606 1.718 1.852 1.918 2.000 2.050 2.111 2.186 2.277 2.323 2.352 2.348 2.321 2.293 2.248 2.091 2.074 3.916 
7.000 40.000 0.065 0.285 0.579 0.730 0.913 1.150 1.302 1.487 1.598 1.730 1.795 1.874 1.923 1.980 2.050 2.132 2.171 2.192 2.184 2.155 2.126 2.083 1.935 1.919 3.751 
7.000 50.000 -0.022 0.197 0.490 0.639 0.821 1.058 1.209 1.393 1.503 1.634 1.698 1.775 1.821 1.877 1.942 2.016 2.049 2.062 2.051 2.020 1.992 1.949 1.809 1.794 3.622 
7.000 60.000 -0.074 0.144 0.434 0.583 0.765 1.000 1.150 1.334 1.443 1.574 1.637 1.712 1.758 1.811 1.874 1.943 1.972 1.979 1.966 1.932 1.903 1.861 1.723 1.708 3.553 
7.000 70.000 -0.111 0.107 0.396 0.544 0.724 0.959 1.108 1.291 1.400 1.529 1.591 1.665 1.709 1.760 1.820 1.882 1.906 1.906 1.889 1.853 1.823 1.781 1.646 1.632 3.493 
7.000 80.000 -0.138 0.078 0.366 0.514 0.693 0.927 1.076 1.258 1.366 1.495 1.556 1.629 1.672 1.721 1.778 1.836 1.856 1.850 1.831 1.793 1.762 1.719 1.585 1.572 3.443 
7.000 90.000 -0.161 0.053 0.340 0.487 0.666 0.899 1.047 1.228 1.336 1.464 1.524 1.596 1.638 1.686 1.740 1.793 1.809 1.798 1.777 1.736 1.705 1.661 1.530 1.517 3.408 
7.000 100.000 -0.182 0.031 0.317 0.463 0.641 0.873 1.021 1.201 1.309 1.436 1.496 1.566 1.607 1.653 1.705 1.753 1.765 1.749 1.726 1.683 1.651 1.607 1.478 1.465 3.376 
7.000 110.000 -0.202 0.011 0.294 0.440 0.618 0.849 0.996 1.176 1.283 1.409 1.468 1.537 1.577 1.621 1.670 1.713 1.721 1.700 1.674 1.630 1.597 1.554 1.428 1.415 3.347 
7.000 120.000 -0.222 -0.010 0.272 0.418 0.594 0.825 0.971 1.151 1.257 1.382 1.441 1.508 1.547 1.590 1.635 1.674 1.679 1.653 1.625 1.580 1.546 1.503 1.380 1.368 3.319 
7.000 130.000 -0.242 -0.031 0.250 0.395 0.571 0.800 0.946 1.125 1.231 1.355 1.413 1.479 1.517 1.558 1.601 1.635 1.636 1.606 1.577 1.530 1.497 1.454 1.334 1.322 3.292 
7.000 140.000 -0.261 -0.051 0.229 0.373 0.548 0.777 0.923 1.101 1.206 1.329 1.386 1.451 1.488 1.527 1.567 1.596 1.594 1.559 1.528 1.480 1.447 1.405 1.288 1.277 3.264 
7.000 150.000 -0.279 -0.070 0.209 0.352 0.527 0.755 0.900 1.077 1.183 1.305 1.361 1.424 1.459 1.497 1.534 1.558 1.552 1.513 1.480 1.431 1.398 1.357 1.245 1.234 3.239 
7.000 175.000 -0.325 -0.118 0.158 0.300 0.473 0.699 0.843 1.019 1.123 1.243 1.297 1.357 1.390 1.423 1.454 1.466 1.452 1.403 1.368 1.318 1.285 1.246 1.143 1.134 3.173 
7.000 200.000 -0.366 -0.162 0.112 0.253 0.425 0.649 0.792 0.966 1.069 1.186 1.239 1.295 1.325 1.355 1.379 1.382 1.360 1.303 1.265 1.214 1.183 1.146 1.052 1.044 3.113 
7.000 250.000 -0.439 -0.238 0.031 0.170 0.339 0.560 0.701 0.872 0.973 1.085 1.133 1.183 1.208 1.229 1.240 1.223 1.187 1.118 1.077 1.028 0.999 0.968 0.895 0.889 2.997 
7.000 300.000 -0.498 -0.300 -0.035 0.101 0.268 0.486 0.625 0.793 0.891 0.999 1.043 1.086 1.105 1.118 1.118 1.082 1.036 0.957 0.915 0.868 0.844 0.819 0.764 0.759 2.895 
7.000 350.000 -0.551 -0.356 -0.095 0.040 0.205 0.420 0.557 0.722 0.818 0.920 0.960 0.997 1.010 1.015 1.003 0.951 0.895 0.809 0.768 0.727 0.707 0.688 0.649 0.646 2.804 
7.000 400.000 -0.599 -0.406 -0.147 -0.014 0.149 0.361 0.496 0.658 0.751 0.848 0.884 0.914 0.922 0.919 0.897 0.829 0.766 0.677 0.638 0.602 0.586 0.573 0.549 0.547 2.720 
7.000 450.000 -0.647 -0.456 -0.200 -0.069 0.092 0.302 0.435 0.595 0.685 0.776 0.808 0.830 0.832 0.822 0.789 0.708 0.638 0.548 0.512 0.482 0.471 0.463 0.452 0.451 2.635 
7.000 500.000 -0.691 -0.502 -0.249 -0.118 0.041 0.249 0.380 0.536 0.623 0.708 0.736 0.750 0.747 0.730 0.686 0.593 0.519 0.430 0.397 0.374 0.367 0.365 0.365 0.364 2.554 
7.000 600.000 -0.764 -0.579 -0.329 -0.201 -0.045 0.157 0.284 0.432 0.512 0.582 0.598 0.595 0.579 0.545 0.481 0.368 0.290 0.211 0.189 0.182 0.186 0.195 0.214 0.215 2.405 
7.000 700.000 -0.832 -0.648 -0.403 -0.276 -0.123 0.074 0.197 0.338 0.410 0.465 0.471 0.452 0.425 0.377 0.298 0.172 0.093 0.025 0.012 0.017 0.027 0.042 0.070 0.071 2.267 
7.000 800.000 -0.890 -0.708 -0.465 -0.340 -0.189 0.003 0.121 0.252 0.316 0.354 0.348 0.313 0.274 0.214 0.121 -0.012 -0.086 -0.141 -0.145 -0.130 -0.115 -0.095 -0.062 -0.061 2.139 
7.000 1000.000 -1.024 -0.844 -0.604 -0.482 -0.336 -0.153 -0.044 0.071 0.119 0.128 0.103 0.042 -0.012 -0.088 -0.194 -0.327 -0.389 -0.420 -0.412 -0.386 -0.367 -0.345 -0.311 -0.310 1.904 
7.000 1200.000 -1.142 -0.961 -0.724 -0.604 -0.463 -0.289 -0.189 -0.093 -0.062 -0.083 -0.125 -0.209 -0.275 -0.363 -0.475 -0.600 -0.649 -0.662 -0.647 -0.617 -0.597 -0.576 -0.546 -0.545 1.689 
7.000 1500.000 -1.311 -1.128 -0.891 -0.775 -0.640 -0.481 -0.398 -0.331 -0.328 -0.392 -0.459 -0.571 -0.650 -0.748 -0.861 -0.971 -1.006 -1.002 -0.983 -0.954 -0.936 -0.918 -0.894 -0.894 1.371 
7.500 0.000 1.165 1.359 1.618 1.750 1.909 2.115 2.246 2.405 2.503 2.625 2.688 2.769 2.821 2.885 2.964 3.064 3.117 3.157 3.157 3.135 3.108 3.064 2.902 2.884 4.765 
7.500 1.000 1.100 1.294 1.552 1.684 1.844 2.050 2.180 2.339 2.437 2.559 2.623 2.704 2.756 2.820 2.900 2.999 3.053 3.093 3.094 3.072 3.045 3.000 2.837 2.819 4.728 
7.500 5.000 0.983 1.177 1.435 1.566 1.726 1.932 2.062 2.222 2.319 2.442 2.507 2.589 2.642 2.707 2.788 2.892 2.948 2.991 2.993 2.970 2.942 2.896 2.726 2.707 4.671 
7.500 10.000 0.869 1.062 1.319 1.451 1.610 1.815 1.945 2.105 2.203 2.327 2.392 2.475 2.528 2.594 2.677 2.782 2.840 2.885 2.888 2.865 2.837 2.790 2.616 2.597 4.586 
7.500 15.000 0.772 0.965 1.221 1.352 1.510 1.716 1.846 2.005 2.104 2.227 2.292 2.375 2.428 2.493 2.576 2.681 2.738 2.783 2.784 2.762 2.733 2.687 2.513 2.494 4.492 
7.500 20.000 0.688 0.880 1.136 1.266 1.425 1.630 1.759 1.919 2.017 2.140 2.204 2.286 2.339 2.403 2.485 2.587 2.642 2.684 2.685 2.661 2.633 2.586 2.416 2.397 4.400 
7.500 25.000 0.616 0.808 1.062 1.193 1.351 1.555 1.685 1.844 1.941 2.064 2.127 2.209 2.261 2.324 2.403 2.502 2.555 2.593 2.592 2.567 2.539 2.493 2.326 2.308 4.310 
7.500 30.000 0.553 0.744 0.999 1.129 1.286 1.490 1.620 1.778 1.875 1.997 2.060 2.141 2.192 2.254 2.331 2.425 2.475 2.509 2.506 2.480 2.452 2.406 2.244 2.227 4.227 
7.500 40.000 0.450 0.640 0.893 1.022 1.179 1.382 1.511 1.669 1.766 1.886 1.948 2.026 2.075 2.135 2.208 2.295 2.338 2.364 2.359 2.331 2.302 2.258 2.105 2.089 4.085 
7.500 50.000 0.370 0.559 0.811 0.939 1.096 1.298 1.426 1.583 1.679 1.798 1.859 1.936 1.984 2.041 2.110 2.190 2.228 2.247 2.239 2.209 2.181 2.138 1.991 1.975 3.976 
7.500 60.000 0.320 0.508 0.759 0.887 1.043 1.244 1.372 1.528 1.624 1.742 1.803 1.878 1.924 1.980 2.046 2.121 2.155 2.168 2.158 2.126 2.097 2.053 1.910 1.895 3.911 
7.500 70.000 0.286 0.473 0.723 0.850 1.005 1.206 1.333 1.489 1.584 1.702 1.761 1.835 1.880 1.933 1.996 2.065 2.094 2.100 2.087 2.052 2.022 1.979 1.839 1.824 3.855 
7.500 80.000 0.260 0.446 0.694 0.821 0.975 1.175 1.302 1.458 1.553 1.669 1.728 1.800 1.844 1.896 1.956 2.021 2.046 2.047 2.031 1.994 1.963 1.919 1.781 1.767 3.809 
7.500 90.000 0.236 0.421 0.669 0.795 0.949 1.148 1.275 1.430 1.524 1.640 1.698 1.769 1.812 1.862 1.920 1.980 2.001 1.998 1.979 1.940 1.908 1.864 1.728 1.714 3.777 
7.500 100.000 0.215 0.399 0.645 0.772 0.925 1.124 1.250 1.404 1.498 1.613 1.671 1.741 1.783 1.831 1.886 1.942 1.960 1.951 1.930 1.889 1.857 1.813 1.678 1.664 3.747 
7.500 110.000 0.193 0.377 0.622 0.747 0.900 1.098 1.224 1.378 1.471 1.586 1.642 1.711 1.752 1.799 1.851 1.902 1.916 1.902 1.879 1.837 1.804 1.760 1.628 1.615 3.720 
7.500 120.000 0.173 0.356 0.600 0.725 0.877 1.074 1.200 1.353 1.446 1.560 1.616 1.683 1.723 1.768 1.818 1.864 1.874 1.856 1.831 1.787 1.754 1.710 1.582 1.569 3.694 
7.500 130.000 0.152 0.334 0.577 0.702 0.854 1.051 1.176 1.329 1.422 1.534 1.589 1.655 1.694 1.738 1.785 1.826 1.833 1.810 1.784 1.738 1.705 1.662 1.537 1.524 3.668 
7.500 140.000 0.133 0.314 0.556 0.680 0.832 1.028 1.152 1.305 1.397 1.509 1.563 1.628 1.666 1.708 1.752 1.788 1.791 1.764 1.736 1.689 1.656 1.613 1.492 1.480 3.642 
7.500 150.000 0.114 0.294 0.535 0.659 0.810 1.005 1.130 1.282 1.374 1.484 1.538 1.601 1.638 1.678 1.719 1.750 1.750 1.718 1.688 1.641 1.608 1.566 1.449 1.438 3.618 
7.500 175.000 0.067 0.246 0.485 0.608 0.757 0.951 1.075 1.225 1.316 1.425 1.476 1.536 1.570 1.606 1.641 1.661 1.652 1.611 1.578 1.529 1.497 1.457 1.350 1.340 3.556 
7.500 200.000 0.025 0.202 0.439 0.561 0.709 0.902 1.025 1.175 1.264 1.370 1.420 1.477 1.508 1.540 1.569 1.578 1.562 1.513 1.477 1.428 1.396 1.359 1.262 1.253 3.499 
7.500 250.000 -0.046 0.128 0.361 0.482 0.628 0.818 0.939 1.086 1.174 1.275 1.321 1.371 1.397 1.420 1.436 1.426 1.396 1.333 1.295 1.247 1.219 1.188 1.112 1.105 3.389 
7.500 300.000 -0.105 0.067 0.297 0.415 0.560 0.748 0.867 1.012 1.097 1.194 1.236 1.279 1.299 1.315 1.319 1.290 1.249 1.177 1.137 1.093 1.068 1.043 0.986 0.981 3.293 
7.500 350.000 -0.158 0.011 0.239 0.356 0.499 0.684 0.802 0.945 1.028 1.119 1.158 1.194 1.208 1.216 1.209 1.164 1.114 1.035 0.996 0.956 0.936 0.917 0.877 0.874 3.207 
7.500 400.000 -0.206 -0.038 0.187 0.303 0.444 0.628 0.744 0.884 0.965 1.051 1.085 1.115 1.124 1.124 1.106 1.047 0.989 0.907 0.870 0.835 0.820 0.807 0.782 0.780 3.126 
7.500 450.000 -0.250 -0.084 0.139 0.254 0.394 0.576 0.690 0.827 0.905 0.986 1.016 1.038 1.042 1.035 1.007 0.934 0.870 0.786 0.752 0.724 0.713 0.706 0.694 0.693 3.048 
7.500 500.000 -0.290 -0.125 0.096 0.210 0.348 0.528 0.641 0.775 0.850 0.925 0.951 0.965 0.964 0.949 0.911 0.826 0.758 0.675 0.645 0.623 0.617 0.615 0.614 0.613 2.975 
7.500 600.000 -0.356 -0.194 0.024 0.135 0.271 0.446 0.555 0.682 0.750 0.809 0.823 0.820 0.805 0.774 0.715 0.610 0.538 0.465 0.446 0.441 0.446 0.455 0.474 0.475 2.840 
7.500 700.000 -0.417 -0.257 -0.042 0.069 0.202 0.373 0.478 0.597 0.658 0.703 0.707 0.688 0.663 0.618 0.544 0.427 0.354 0.292 0.282 0.287 0.298 0.313 0.340 0.342 2.714 
7.500 800.000 -0.469 -0.309 -0.097 0.012 0.143 0.309 0.409 0.520 0.571 0.599 0.591 0.555 0.519 0.462 0.374 0.251 0.182 0.135 0.134 0.150 0.165 0.185 0.217 0.219 2.598 
7.500 1000.000 -0.589 -0.431 -0.222 -0.116 0.010 0.167 0.259 0.352 0.387 0.386 0.359 0.297 0.245 0.172 0.073 -0.049 -0.104 -0.128 -0.118 -0.091 -0.072 -0.051 -0.018 -0.017 2.385 
7.500 1200.000 -0.698 -0.541 -0.334 -0.231 -0.109 0.038 0.119 0.194 0.212 0.181 0.137 0.054 -0.010 -0.092 -0.196 -0.309 -0.351 -0.358 -0.342 -0.313 -0.293 -0.273 -0.245 -0.244 2.185 
7.500 1500.000 -0.851 -0.693 -0.490 -0.391 -0.278 -0.148 -0.083 -0.039 -0.047 -0.121 -0.189 -0.298 -0.372 -0.463 -0.566 -0.663 -0.691 -0.684 -0.665 -0.637 -0.621 -0.604 -0.583 -0.582 1.889 
7.800 0.000 1.318 1.494 1.729 1.848 1.993 2.180 2.298 2.443 2.533 2.649 2.711 2.791 2.842 2.904 2.982 3.078 3.129 3.166 3.166 3.143 3.116 3.073 2.915 2.897 4.858 
7.800 1.000 1.259 1.435 1.670 1.789 1.934 2.120 2.239 2.384 2.474 2.590 2.652 2.732 2.783 2.846 2.924 3.021 3.072 3.110 3.109 3.086 3.059 3.015 2.856 2.838 4.826 
7.800 5.000 1.153 1.330 1.563 1.683 1.827 2.014 2.132 2.277 2.368 2.485 2.547 2.628 2.680 2.744 2.825 2.925 2.980 3.020 3.020 2.997 2.969 2.924 2.757 2.738 4.780 
7.800 10.000 1.050 1.226 1.459 1.579 1.723 1.909 2.027 2.173 2.264 2.382 2.445 2.527 2.579 2.645 2.727 2.831 2.887 2.931 2.932 2.909 2.881 2.835 2.662 2.643 4.713 
7.800 15.000 0.962 1.137 1.370 1.489 1.633 1.819 1.937 2.083 2.174 2.292 2.355 2.437 2.490 2.555 2.638 2.742 2.800 2.844 2.845 2.822 2.794 2.747 2.573 2.554 4.638 
7.800 20.000 0.885 1.060 1.292 1.410 1.554 1.740 1.858 2.003 2.094 2.212 2.275 2.357 2.410 2.474 2.556 2.659 2.716 2.758 2.759 2.736 2.707 2.660 2.488 2.469 4.562 
7.800 25.000 0.818 0.992 1.224 1.342 1.486 1.671 1.789 1.934 2.025 2.142 2.205 2.286 2.338 2.402 2.483 2.583 2.638 2.677 2.677 2.653 2.624 2.578 2.408 2.389 4.485 
7.800 30.000 0.760 0.934 1.165 1.283 1.426 1.611 1.729 1.874 1.965 2.081 2.143 2.224 2.275 2.338 2.417 2.515 2.566 2.603 2.602 2.576 2.548 2.501 2.336 2.317 4.414 
7.800 40.000 0.662 0.835 1.065 1.183 1.325 1.510 1.627 1.771 1.861 1.977 2.038 2.117 2.167 2.227 2.302 2.393 2.439 2.469 2.465 2.438 2.409 2.364 2.206 2.189 4.285 
7.800 50.000 0.587 0.759 0.988 1.105 1.247 1.430 1.547 1.691 1.781 1.895 1.956 2.033 2.081 2.140 2.212 2.297 2.338 2.362 2.355 2.326 2.297 2.253 2.101 2.084 4.188 
7.800 60.000 0.539 0.710 0.938 1.055 1.196 1.379 1.496 1.639 1.729 1.842 1.902 1.978 2.025 2.082 2.151 2.231 2.269 2.287 2.277 2.246 2.217 2.172 2.023 2.007 4.127 
7.800 70.000 0.507 0.677 0.904 1.020 1.161 1.343 1.459 1.602 1.691 1.804 1.863 1.937 1.983 2.038 2.104 2.178 2.211 2.223 2.210 2.177 2.146 2.102 1.956 1.940 4.074 
7.800 80.000 0.481 0.650 0.876 0.992 1.132 1.314 1.430 1.573 1.661 1.773 1.832 1.905 1.950 2.003 2.066 2.136 2.165 2.171 2.157 2.121 2.089 2.044 1.900 1.885 4.031 
7.800 90.000 0.458 0.627 0.852 0.967 1.107 1.289 1.404 1.546 1.634 1.746 1.803 1.875 1.919 1.971 2.032 2.097 2.122 2.123 2.106 2.068 2.036 1.991 1.848 1.833 3.999 
7.800 100.000 0.437 0.605 0.829 0.944 1.084 1.265 1.380 1.522 1.610 1.720 1.777 1.848 1.891 1.941 1.999 2.060 2.082 2.078 2.059 2.018 1.986 1.940 1.800 1.786 3.970 
7.800 110.000 0.415 0.583 0.806 0.920 1.059 1.240 1.355 1.496 1.584 1.693 1.749 1.819 1.861 1.910 1.965 2.021 2.039 2.030 2.009 1.967 1.934 1.888 1.751 1.737 3.943 
7.800 120.000 0.395 0.561 0.784 0.898 1.037 1.217 1.331 1.472 1.559 1.668 1.724 1.792 1.833 1.880 1.933 1.984 1.998 1.985 1.962 1.918 1.885 1.840 1.706 1.692 3.917 
7.800 130.000 0.375 0.541 0.762 0.876 1.014 1.194 1.308 1.448 1.535 1.643 1.698 1.765 1.805 1.850 1.900 1.947 1.958 1.940 1.915 1.870 1.837 1.792 1.661 1.648 3.892 
7.800 140.000 0.355 0.520 0.741 0.855 0.992 1.171 1.285 1.425 1.512 1.619 1.673 1.738 1.777 1.821 1.868 1.910 1.917 1.894 1.867 1.822 1.788 1.744 1.618 1.605 3.867 
7.800 150.000 0.336 0.501 0.721 0.834 0.971 1.150 1.263 1.403 1.489 1.595 1.648 1.712 1.750 1.792 1.836 1.873 1.877 1.849 1.821 1.774 1.741 1.698 1.576 1.564 3.843 
7.800 175.000 0.290 0.453 0.671 0.784 0.920 1.097 1.210 1.349 1.434 1.538 1.589 1.650 1.685 1.723 1.761 1.786 1.782 1.745 1.713 1.665 1.632 1.591 1.479 1.469 3.783 
7.800 200.000 0.248 0.410 0.627 0.738 0.874 1.050 1.162 1.300 1.384 1.486 1.535 1.593 1.625 1.659 1.691 1.706 1.694 1.649 1.614 1.566 1.533 1.495 1.393 1.383 3.727 
7.800 250.000 0.177 0.336 0.550 0.660 0.793 0.968 1.078 1.214 1.296 1.393 1.439 1.489 1.516 1.542 1.560 1.555 1.530 1.471 1.434 1.387 1.358 1.326 1.247 1.240 3.624 
7.800 300.000 0.117 0.274 0.485 0.594 0.726 0.899 1.008 1.141 1.221 1.314 1.355 1.399 1.420 1.438 1.445 1.422 1.384 1.316 1.278 1.233 1.209 1.183 1.124 1.119 3.532 
7.800 350.000 0.064 0.219 0.428 0.536 0.667 0.837 0.945 1.076 1.154 1.241 1.279 1.316 1.332 1.342 1.337 1.298 1.251 1.176 1.139 1.099 1.079 1.059 1.018 1.014 3.450 
7.800 400.000 0.017 0.171 0.378 0.484 0.614 0.782 0.889 1.018 1.093 1.176 1.209 1.239 1.250 1.252 1.237 1.183 1.129 1.050 1.014 0.980 0.965 0.951 0.925 0.923 3.374 
7.800 450.000 -0.027 0.126 0.331 0.436 0.565 0.731 0.837 0.963 1.035 1.113 1.142 1.165 1.170 1.165 1.140 1.072 1.011 0.931 0.898 0.870 0.860 0.852 0.839 0.838 3.299 
7.800 500.000 -0.067 0.085 0.288 0.393 0.520 0.685 0.789 0.912 0.982 1.053 1.078 1.094 1.093 1.081 1.045 0.966 0.901 0.821 0.792 0.770 0.764 0.761 0.760 0.759 3.230 
7.800 600.000 -0.131 0.018 0.219 0.322 0.447 0.607 0.707 0.823 0.885 0.941 0.954 0.952 0.938 0.909 0.853 0.753 0.684 0.615 0.597 0.593 0.598 0.607 0.626 0.626 3.100 
7.800 700.000 -0.191 -0.043 0.156 0.257 0.380 0.536 0.633 0.741 0.796 0.837 0.840 0.821 0.797 0.754 0.683 0.571 0.502 0.444 0.435 0.442 0.452 0.467 0.495 0.496 2.980 
7.800 800.000 -0.240 -0.093 0.103 0.203 0.323 0.475 0.567 0.666 0.712 0.736 0.726 0.691 0.655 0.599 0.515 0.397 0.333 0.290 0.290 0.307 0.322 0.342 0.374 0.375 2.868 
7.800 1000.000 -0.355 -0.210 -0.017 0.080 0.196 0.338 0.421 0.503 0.532 0.525 0.497 0.435 0.384 0.313 0.217 0.102 0.051 0.032 0.043 0.070 0.089 0.110 0.142 0.143 2.665 
7.800 1200.000 -0.459 -0.314 -0.124 -0.030 0.080 0.212 0.285 0.348 0.359 0.323 0.277 0.195 0.133 0.053 -0.046 -0.152 -0.190 -0.193 -0.177 -0.147 -0.128 -0.109 -0.082 -0.081 2.473 
7.800 1500.000 -0.602 -0.458 -0.274 -0.185 -0.084 0.031 0.086 0.119 0.104 0.027 -0.041 -0.147 -0.220 -0.306 -0.404 -0.494 -0.520 -0.511 -0.493 -0.466 -0.451 -0.435 -0.415 -0.415 2.190 
8.000 0.000 1.409 1.574 1.793 1.905 2.041 2.215 2.326 2.463 2.549 2.662 2.723 2.802 2.852 2.914 2.992 3.087 3.137 3.172 3.171 3.147 3.120 3.077 2.919 2.902 4.923 
8.000 1.000 1.354 1.519 1.738 1.850 1.985 2.160 2.270 2.408 2.494 2.607 2.668 2.747 2.798 2.860 2.937 3.033 3.084 3.119 3.118 3.094 3.067 3.023 2.864 2.846 4.891 
8.000 5.000 1.255 1.420 1.639 1.751 1.886 2.060 2.171 2.309 2.395 2.509 2.570 2.651 2.702 2.766 2.845 2.944 2.997 3.036 3.036 3.012 2.984 2.938 2.772 2.754 4.849 
8.000 10.000 1.160 1.324 1.543 1.654 1.789 1.964 2.074 2.212 2.299 2.414 2.476 2.557 2.610 2.674 2.756 2.859 2.915 2.957 2.958 2.934 2.906 2.859 2.688 2.669 4.795 
8.000 15.000 1.077 1.241 1.459 1.570 1.705 1.879 1.990 2.128 2.215 2.330 2.392 2.474 2.527 2.592 2.674 2.778 2.835 2.879 2.880 2.857 2.828 2.781 2.607 2.588 4.731 
8.000 20.000 1.004 1.168 1.385 1.496 1.631 1.805 1.916 2.053 2.141 2.255 2.318 2.399 2.452 2.517 2.599 2.703 2.759 2.802 2.803 2.779 2.750 2.703 2.530 2.510 4.664 
8.000 25.000 0.941 1.104 1.321 1.432 1.566 1.740 1.851 1.988 2.075 2.190 2.252 2.333 2.386 2.450 2.531 2.632 2.687 2.728 2.728 2.704 2.675 2.628 2.457 2.438 4.596 
8.000 30.000 0.886 1.048 1.265 1.375 1.510 1.683 1.794 1.931 2.018 2.132 2.194 2.274 2.326 2.390 2.469 2.569 2.622 2.660 2.659 2.634 2.605 2.558 2.390 2.371 4.533 
8.000 40.000 0.791 0.953 1.169 1.279 1.413 1.586 1.696 1.833 1.919 2.032 2.093 2.172 2.222 2.284 2.360 2.453 2.501 2.533 2.529 2.503 2.474 2.428 2.267 2.250 4.413 
8.000 50.000 0.719 0.880 1.095 1.205 1.338 1.510 1.620 1.756 1.843 1.955 2.015 2.092 2.142 2.201 2.275 2.362 2.407 2.433 2.427 2.398 2.369 2.324 2.168 2.151 4.325 
8.000 60.000 0.673 0.833 1.047 1.156 1.289 1.461 1.570 1.707 1.792 1.904 1.963 2.040 2.088 2.146 2.216 2.299 2.339 2.360 2.352 2.321 2.291 2.246 2.093 2.076 4.267 
8.000 70.000 0.642 0.801 1.014 1.123 1.255 1.427 1.536 1.672 1.757 1.868 1.926 2.001 2.048 2.104 2.171 2.249 2.284 2.299 2.288 2.254 2.224 2.178 2.028 2.012 4.216 
8.000 80.000 0.617 0.776 0.988 1.096 1.228 1.399 1.508 1.643 1.728 1.838 1.896 1.970 2.016 2.070 2.135 2.208 2.240 2.249 2.235 2.200 2.168 2.122 1.974 1.958 4.174 
8.000 90.000 0.594 0.752 0.964 1.072 1.203 1.374 1.482 1.617 1.702 1.811 1.869 1.941 1.986 2.039 2.101 2.170 2.198 2.202 2.186 2.148 2.116 2.070 1.923 1.908 4.143 
8.000 100.000 0.574 0.731 0.942 1.050 1.181 1.351 1.459 1.594 1.678 1.787 1.843 1.915 1.959 2.010 2.070 2.134 2.158 2.158 2.139 2.100 2.067 2.020 1.876 1.861 4.114 
8.000 110.000 0.552 0.709 0.918 1.026 1.156 1.326 1.434 1.569 1.653 1.760 1.816 1.886 1.929 1.979 2.036 2.096 2.116 2.111 2.090 2.049 2.015 1.969 1.828 1.814 4.087 
8.000 120.000 0.531 0.688 0.896 1.004 1.134 1.303 1.411 1.545 1.629 1.736 1.791 1.860 1.902 1.950 2.005 2.059 2.076 2.066 2.044 2.001 1.967 1.921 1.783 1.769 4.062 
8.000 130.000 0.511 0.667 0.875 0.982 1.112 1.281 1.388 1.522 1.605 1.711 1.766 1.833 1.874 1.921 1.973 2.023 2.036 2.021 1.997 1.953 1.919 1.873 1.739 1.726 4.036 
8.000 140.000 0.492 0.647 0.854 0.961 1.090 1.259 1.366 1.499 1.582 1.688 1.741 1.807 1.847 1.892 1.941 1.986 1.996 1.976 1.951 1.905 1.871 1.826 1.696 1.684 4.012 
8.000 150.000 0.473 0.628 0.835 0.941 1.070 1.238 1.345 1.478 1.560 1.665 1.718 1.782 1.821 1.864 1.910 1.951 1.957 1.933 1.905 1.859 1.825 1.781 1.655 1.643 3.989 
8.000 175.000 0.427 0.580 0.786 0.891 1.020 1.187 1.293 1.425 1.507 1.609 1.660 1.721 1.757 1.796 1.836 1.865 1.863 1.830 1.799 1.751 1.718 1.676 1.560 1.550 3.929 
8.000 200.000 0.385 0.538 0.741 0.846 0.974 1.140 1.246 1.377 1.458 1.558 1.607 1.665 1.698 1.733 1.767 1.786 1.777 1.735 1.701 1.652 1.620 1.580 1.475 1.465 3.874 
8.000 250.000 0.314 0.464 0.665 0.769 0.895 1.059 1.164 1.293 1.372 1.467 1.513 1.564 1.591 1.618 1.639 1.638 1.614 1.558 1.522 1.475 1.446 1.413 1.331 1.324 3.776 
8.000 300.000 0.254 0.402 0.601 0.704 0.829 0.991 1.094 1.221 1.298 1.389 1.430 1.475 1.496 1.515 1.524 1.505 1.470 1.404 1.366 1.322 1.298 1.271 1.210 1.205 3.688 
8.000 350.000 0.201 0.348 0.545 0.646 0.770 0.931 1.033 1.158 1.232 1.318 1.356 1.393 1.410 1.421 1.419 1.383 1.339 1.266 1.229 1.190 1.170 1.150 1.107 1.103 3.608 
8.000 400.000 0.154 0.300 0.495 0.596 0.718 0.877 0.978 1.101 1.173 1.254 1.287 1.318 1.329 1.333 1.320 1.270 1.217 1.141 1.106 1.072 1.057 1.043 1.015 1.013 3.535 
8.000 450.000 0.110 0.255 0.448 0.548 0.670 0.827 0.927 1.047 1.117 1.192 1.221 1.245 1.251 1.247 1.224 1.159 1.101 1.023 0.990 0.962 0.952 0.943 0.929 0.928 3.463 
8.000 500.000 0.071 0.214 0.407 0.506 0.626 0.782 0.881 0.998 1.065 1.134 1.158 1.175 1.175 1.164 1.130 1.054 0.991 0.913 0.884 0.863 0.857 0.854 0.851 0.851 3.396 
8.000 600.000 0.008 0.149 0.339 0.437 0.555 0.707 0.801 0.911 0.970 1.024 1.037 1.035 1.022 0.994 0.939 0.842 0.775 0.709 0.692 0.688 0.693 0.702 0.721 0.722 3.269 
8.000 700.000 -0.050 0.090 0.278 0.374 0.490 0.638 0.728 0.831 0.882 0.921 0.923 0.905 0.881 0.840 0.770 0.661 0.595 0.540 0.531 0.539 0.550 0.565 0.593 0.594 3.153 
8.000 800.000 -0.098 0.041 0.227 0.321 0.435 0.578 0.664 0.757 0.800 0.821 0.811 0.776 0.741 0.686 0.604 0.489 0.427 0.387 0.388 0.406 0.421 0.441 0.473 0.474 3.044 
8.000 1000.000 -0.210 -0.072 0.111 0.202 0.311 0.445 0.521 0.597 0.622 0.612 0.583 0.521 0.471 0.401 0.308 0.197 0.148 0.132 0.144 0.171 0.190 0.211 0.242 0.243 2.847 
8.000 1200.000 -0.309 -0.172 0.006 0.095 0.198 0.321 0.388 0.444 0.452 0.412 0.366 0.284 0.223 0.144 0.048 -0.053 -0.089 -0.090 -0.073 -0.044 -0.025 -0.006 0.020 0.021 2.660 
8.000 1500.000 -0.446 -0.311 -0.139 -0.056 0.038 0.142 0.192 0.217 0.199 0.119 0.051 -0.054 -0.125 -0.209 -0.304 -0.390 -0.413 -0.404 -0.386 -0.360 -0.345 -0.330 -0.311 -0.311 2.385 
8.200 0.000 1.493 1.647 1.852 1.957 2.083 2.247 2.351 2.480 2.563 2.673 2.732 2.810 2.859 2.920 2.995 3.086 3.133 3.165 3.163 3.140 3.114 3.072 2.922 2.905 4.987 
8.200 1.000 1.441 1.595 1.800 1.904 2.031 2.195 2.298 2.428 2.511 2.621 2.680 2.758 2.808 2.869 2.945 3.037 3.085 3.117 3.115 3.092 3.065 3.023 2.870 2.853 4.952 
8.200 5.000 1.348 1.502 1.707 1.811 1.938 2.101 2.205 2.336 2.419 2.529 2.590 2.669 2.720 2.783 2.861 2.957 3.008 3.044 3.043 3.019 2.991 2.946 2.785 2.767 4.915 
8.200 10.000 1.260 1.414 1.618 1.722 1.849 2.012 2.117 2.247 2.331 2.443 2.504 2.585 2.637 2.701 2.782 2.883 2.938 2.979 2.979 2.955 2.926 2.880 2.709 2.690 4.874 
8.200 15.000 1.182 1.336 1.540 1.644 1.770 1.933 2.038 2.168 2.252 2.365 2.426 2.508 2.561 2.626 2.708 2.811 2.868 2.911 2.912 2.888 2.859 2.812 2.638 2.618 4.823 
8.200 20.000 1.114 1.267 1.470 1.574 1.700 1.863 1.967 2.098 2.182 2.295 2.357 2.438 2.491 2.556 2.638 2.742 2.798 2.841 2.842 2.818 2.789 2.742 2.567 2.547 4.764 
8.200 25.000 1.055 1.207 1.410 1.514 1.640 1.803 1.907 2.038 2.122 2.234 2.296 2.377 2.429 2.494 2.575 2.678 2.734 2.775 2.776 2.751 2.722 2.675 2.501 2.482 4.705 
8.200 30.000 1.002 1.154 1.357 1.460 1.586 1.749 1.853 1.984 2.067 2.180 2.241 2.322 2.374 2.438 2.518 2.619 2.673 2.713 2.713 2.688 2.659 2.611 2.440 2.421 4.649 
8.200 40.000 0.912 1.063 1.265 1.368 1.494 1.656 1.760 1.890 1.973 2.085 2.145 2.224 2.275 2.337 2.415 2.510 2.559 2.593 2.590 2.564 2.535 2.489 2.324 2.306 4.538 
8.200 50.000 0.842 0.993 1.194 1.297 1.422 1.584 1.687 1.817 1.900 2.011 2.071 2.149 2.199 2.259 2.334 2.425 2.471 2.500 2.495 2.467 2.437 2.391 2.231 2.213 4.460 
8.200 60.000 0.798 0.948 1.148 1.250 1.375 1.536 1.640 1.769 1.852 1.962 2.021 2.098 2.147 2.206 2.278 2.364 2.407 2.430 2.423 2.393 2.362 2.316 2.159 2.141 4.404 
8.200 70.000 0.768 0.917 1.117 1.219 1.343 1.504 1.607 1.736 1.819 1.928 1.986 2.062 2.109 2.166 2.236 2.316 2.354 2.372 2.361 2.329 2.298 2.251 2.097 2.080 4.355 
8.200 80.000 0.743 0.892 1.091 1.193 1.316 1.477 1.580 1.709 1.791 1.899 1.957 2.031 2.078 2.134 2.200 2.276 2.311 2.323 2.310 2.275 2.243 2.197 2.044 2.028 4.316 
8.200 90.000 0.721 0.869 1.067 1.169 1.292 1.453 1.555 1.684 1.766 1.873 1.931 2.004 2.049 2.104 2.168 2.239 2.270 2.277 2.262 2.225 2.192 2.145 1.994 1.979 4.285 
8.200 100.000 0.701 0.849 1.046 1.147 1.270 1.431 1.533 1.661 1.743 1.850 1.906 1.978 2.023 2.075 2.137 2.205 2.232 2.234 2.217 2.177 2.144 2.097 1.948 1.933 4.256 
8.200 110.000 0.679 0.826 1.023 1.124 1.247 1.406 1.508 1.636 1.718 1.824 1.880 1.950 1.994 2.045 2.104 2.167 2.190 2.188 2.168 2.127 2.094 2.046 1.901 1.886 4.229 
8.200 120.000 0.658 0.805 1.001 1.102 1.224 1.384 1.486 1.613 1.694 1.800 1.855 1.924 1.967 2.016 2.073 2.131 2.151 2.144 2.122 2.080 2.046 1.999 1.856 1.842 4.204 
8.200 130.000 0.638 0.784 0.980 1.080 1.203 1.361 1.463 1.591 1.671 1.776 1.830 1.898 1.940 1.988 2.042 2.095 2.111 2.099 2.076 2.032 1.998 1.952 1.813 1.799 4.179 
8.200 140.000 0.619 0.765 0.960 1.060 1.182 1.340 1.442 1.569 1.649 1.752 1.806 1.873 1.913 1.959 2.011 2.059 2.072 2.055 2.030 1.985 1.951 1.905 1.771 1.758 4.155 
8.200 150.000 0.601 0.746 0.940 1.040 1.162 1.320 1.421 1.548 1.628 1.730 1.784 1.849 1.888 1.932 1.981 2.025 2.033 2.012 1.986 1.940 1.905 1.860 1.731 1.718 4.132 
8.200 175.000 0.555 0.699 0.892 0.992 1.112 1.270 1.371 1.496 1.575 1.676 1.727 1.789 1.826 1.866 1.908 1.941 1.942 1.911 1.881 1.833 1.800 1.757 1.638 1.626 4.073 
8.200 200.000 0.514 0.657 0.849 0.947 1.068 1.224 1.324 1.449 1.528 1.626 1.675 1.734 1.768 1.805 1.841 1.863 1.857 1.817 1.785 1.736 1.703 1.662 1.553 1.543 4.019 
8.200 250.000 0.443 0.584 0.774 0.871 0.990 1.146 1.245 1.368 1.444 1.537 1.583 1.635 1.663 1.691 1.714 1.716 1.696 1.642 1.607 1.560 1.530 1.496 1.412 1.405 3.925 
8.200 300.000 0.382 0.522 0.710 0.806 0.924 1.078 1.176 1.297 1.371 1.460 1.502 1.547 1.570 1.590 1.601 1.585 1.552 1.489 1.453 1.409 1.384 1.357 1.294 1.288 3.841 
8.200 350.000 0.329 0.468 0.654 0.750 0.867 1.019 1.116 1.235 1.307 1.391 1.429 1.467 1.485 1.497 1.497 1.465 1.423 1.353 1.317 1.277 1.257 1.236 1.191 1.188 3.765 
8.200 400.000 0.283 0.420 0.605 0.700 0.816 0.967 1.062 1.179 1.249 1.328 1.362 1.393 1.405 1.410 1.400 1.352 1.303 1.229 1.194 1.160 1.145 1.130 1.101 1.099 3.694 
8.200 450.000 0.239 0.375 0.559 0.653 0.768 0.918 1.012 1.127 1.194 1.267 1.297 1.321 1.328 1.325 1.304 1.243 1.187 1.111 1.079 1.051 1.040 1.031 1.016 1.014 3.625 
8.200 500.000 0.200 0.336 0.518 0.612 0.726 0.874 0.967 1.079 1.143 1.210 1.235 1.252 1.253 1.243 1.212 1.139 1.078 1.002 0.973 0.952 0.946 0.942 0.939 0.938 3.560 
8.200 600.000 0.139 0.273 0.453 0.545 0.657 0.801 0.890 0.995 1.051 1.103 1.116 1.114 1.102 1.075 1.022 0.928 0.864 0.800 0.783 0.780 0.785 0.794 0.813 0.814 3.437 
8.200 700.000 0.082 0.215 0.393 0.484 0.594 0.734 0.819 0.916 0.965 1.001 1.003 0.985 0.962 0.921 0.853 0.748 0.683 0.631 0.624 0.632 0.643 0.659 0.686 0.687 3.324 
8.200 800.000 0.036 0.168 0.344 0.433 0.541 0.676 0.757 0.844 0.884 0.902 0.892 0.857 0.822 0.769 0.688 0.577 0.518 0.481 0.483 0.501 0.518 0.537 0.569 0.570 3.218 
8.200 1000.000 -0.072 0.059 0.231 0.318 0.420 0.546 0.617 0.686 0.708 0.695 0.665 0.604 0.554 0.485 0.394 0.287 0.242 0.228 0.240 0.268 0.287 0.308 0.338 0.339 3.028 
8.200 1200.000 -0.168 -0.038 0.130 0.213 0.310 0.424 0.485 0.535 0.539 0.497 0.450 0.368 0.308 0.232 0.138 0.042 0.008 0.009 0.026 0.055 0.073 0.092 0.118 0.118 2.847 
8.200 1500.000 -0.297 -0.171 -0.011 0.066 0.153 0.248 0.292 0.310 0.288 0.206 0.138 0.034 -0.035 -0.117 -0.208 -0.290 -0.312 -0.302 -0.285 -0.260 -0.245 -0.231 -0.213 -0.212 2.580 
