CanadaSHM6-trial_NGAEastGMM13_11 , distance is rrup. Log10 ground motion values in cgs units, PGV and Sa(T<0.1s) not valid
          11 34 25 : nmag, ndist, nperiod
          10.000 7.519 5.000 4.000 3.003 2.000 1.499 1.000 0.750 0.500 0.400 0.300 0.250 0.200 0.150 0.100 0.075 0.050 0.040 0.030 0.025 0.020 0.010 PGA PGV 
          0.620 0.620 0.620 0.620 0.620 0.620 0.620 0.620 0.600 0.580 0.560 0.540 0.530 0.530 0.530 0.530 0.530 0.530 0.530 0.530 0.530 0.530 0.530 0.530 0.620
4.000 0.000 -0.953 -0.685 -0.306 -0.099 0.170 0.558 0.839 1.240 1.522 1.894 2.074 2.269 2.368 2.463 2.553 2.645 2.703 2.781 2.817 2.848 2.857 2.859 2.845 2.843 3.781 
4.000 1.000 -1.066 -0.798 -0.419 -0.211 0.058 0.447 0.729 1.132 1.415 1.792 1.975 2.176 2.279 2.380 2.478 2.581 2.646 2.731 2.769 2.800 2.810 2.811 2.795 2.794 3.685 
4.000 5.000 -1.780 -1.512 -1.131 -0.922 -0.651 -0.257 0.031 0.448 0.746 1.155 1.364 1.605 1.740 1.885 2.044 2.229 2.335 2.434 2.458 2.456 2.438 2.406 2.318 2.312 3.212 
4.000 10.000 -2.257 -1.989 -1.608 -1.399 -1.128 -0.732 -0.443 -0.024 0.277 0.692 0.905 1.155 1.296 1.450 1.625 1.833 1.954 2.065 2.089 2.079 2.054 2.010 1.890 1.881 2.867 
4.000 15.000 -2.547 -2.278 -1.898 -1.689 -1.417 -1.022 -0.733 -0.314 -0.013 0.403 0.617 0.868 1.010 1.166 1.342 1.553 1.675 1.786 1.808 1.795 1.766 1.719 1.588 1.578 2.630 
4.000 20.000 -2.756 -2.488 -2.107 -1.898 -1.627 -1.232 -0.943 -0.524 -0.223 0.192 0.406 0.657 0.798 0.954 1.129 1.339 1.458 1.565 1.584 1.566 1.534 1.483 1.344 1.333 2.448 
4.000 25.000 -2.932 -2.664 -2.284 -2.075 -1.804 -1.409 -1.120 -0.701 -0.400 0.015 0.229 0.480 0.622 0.777 0.953 1.162 1.281 1.385 1.402 1.381 1.347 1.293 1.147 1.135 2.299 
4.000 30.000 -3.072 -2.804 -2.424 -2.215 -1.944 -1.550 -1.261 -0.842 -0.541 -0.127 0.087 0.337 0.479 0.634 0.809 1.016 1.134 1.235 1.250 1.226 1.190 1.134 0.984 0.972 2.180 
4.000 40.000 -3.288 -3.021 -2.641 -2.432 -2.161 -1.767 -1.479 -1.061 -0.760 -0.347 -0.134 0.115 0.256 0.409 0.581 0.784 0.897 0.991 1.002 0.974 0.936 0.877 0.723 0.711 1.991 
4.000 50.000 -3.454 -3.187 -2.807 -2.599 -2.328 -1.935 -1.646 -1.229 -0.930 -0.517 -0.305 -0.058 0.082 0.234 0.403 0.601 0.709 0.797 0.805 0.772 0.732 0.672 0.515 0.503 1.845 
4.000 60.000 -3.530 -3.263 -2.884 -2.676 -2.405 -2.012 -1.725 -1.309 -1.011 -0.601 -0.391 -0.147 -0.011 0.137 0.300 0.486 0.585 0.662 0.665 0.630 0.590 0.531 0.381 0.369 1.748 
4.000 70.000 -3.593 -3.326 -2.947 -2.739 -2.469 -2.076 -1.789 -1.373 -1.074 -0.663 -0.452 -0.207 -0.069 0.081 0.247 0.438 0.541 0.620 0.623 0.585 0.542 0.479 0.317 0.305 1.664 
4.000 80.000 -3.644 -3.377 -2.998 -2.790 -2.520 -2.128 -1.840 -1.424 -1.125 -0.714 -0.503 -0.256 -0.118 0.033 0.201 0.395 0.500 0.579 0.581 0.541 0.496 0.430 0.259 0.246 1.593 
4.000 90.000 -3.677 -3.411 -3.032 -2.825 -2.555 -2.163 -1.876 -1.460 -1.161 -0.750 -0.539 -0.293 -0.154 -0.003 0.164 0.358 0.462 0.540 0.541 0.498 0.451 0.383 0.207 0.193 1.531 
4.000 100.000 -3.709 -3.442 -3.064 -2.857 -2.587 -2.195 -1.908 -1.493 -1.195 -0.784 -0.573 -0.327 -0.188 -0.037 0.130 0.323 0.427 0.503 0.502 0.457 0.408 0.338 0.158 0.144 1.474 
4.000 110.000 -3.738 -3.471 -3.094 -2.887 -2.617 -2.226 -1.939 -1.524 -1.226 -0.815 -0.605 -0.359 -0.220 -0.070 0.097 0.290 0.392 0.466 0.464 0.417 0.367 0.296 0.111 0.097 1.421 
4.000 120.000 -3.765 -3.499 -3.122 -2.915 -2.646 -2.254 -1.968 -1.553 -1.255 -0.845 -0.635 -0.389 -0.251 -0.101 0.066 0.257 0.358 0.431 0.427 0.378 0.327 0.254 0.067 0.053 1.372 
4.000 130.000 -3.790 -3.525 -3.148 -2.941 -2.672 -2.281 -1.995 -1.581 -1.284 -0.875 -0.666 -0.422 -0.285 -0.136 0.027 0.214 0.311 0.378 0.372 0.321 0.269 0.196 0.011 -0.003 1.326 
4.000 140.000 -3.816 -3.550 -3.174 -2.967 -2.699 -2.308 -2.022 -1.609 -1.313 -0.905 -0.697 -0.454 -0.318 -0.171 -0.010 0.171 0.265 0.327 0.319 0.266 0.214 0.140 -0.043 -0.057 1.282 
4.000 150.000 -3.842 -3.576 -3.200 -2.994 -2.726 -2.336 -2.050 -1.638 -1.342 -0.935 -0.728 -0.486 -0.351 -0.206 -0.047 0.130 0.221 0.278 0.268 0.214 0.161 0.088 -0.095 -0.108 1.239 
4.000 175.000 -3.904 -3.639 -3.263 -3.058 -2.790 -2.401 -2.117 -1.706 -1.412 -1.008 -0.803 -0.565 -0.433 -0.292 -0.140 0.026 0.108 0.154 0.139 0.081 0.028 -0.045 -0.222 -0.235 1.137 
4.000 200.000 -3.960 -3.696 -3.321 -3.116 -2.849 -2.462 -2.178 -1.769 -1.476 -1.076 -0.872 -0.638 -0.509 -0.372 -0.226 -0.071 0.003 0.038 0.019 -0.041 -0.095 -0.168 -0.339 -0.351 1.045 
4.000 250.000 -4.077 -3.814 -3.441 -3.237 -2.972 -2.586 -2.305 -1.899 -1.609 -1.214 -1.014 -0.786 -0.662 -0.532 -0.397 -0.260 -0.200 -0.180 -0.204 -0.268 -0.321 -0.391 -0.552 -0.562 0.888 
4.000 300.000 -4.180 -3.918 -3.547 -3.344 -3.080 -2.696 -2.417 -2.014 -1.727 -1.338 -1.142 -0.920 -0.801 -0.678 -0.554 -0.434 -0.387 -0.381 -0.410 -0.475 -0.527 -0.594 -0.743 -0.753 0.755 
4.000 350.000 -4.273 -4.013 -3.643 -3.441 -3.178 -2.797 -2.519 -2.120 -1.836 -1.452 -1.261 -1.046 -0.931 -0.816 -0.702 -0.600 -0.565 -0.572 -0.603 -0.669 -0.719 -0.783 -0.920 -0.929 0.637 
4.000 400.000 -4.359 -4.099 -3.732 -3.530 -3.269 -2.890 -2.614 -2.218 -1.938 -1.560 -1.373 -1.164 -1.055 -0.947 -0.845 -0.760 -0.737 -0.754 -0.788 -0.853 -0.901 -0.961 -1.086 -1.094 0.528 
4.000 450.000 -4.454 -4.195 -3.829 -3.629 -3.369 -2.992 -2.718 -2.326 -2.049 -1.678 -1.495 -1.294 -1.191 -1.091 -1.000 -0.933 -0.921 -0.947 -0.982 -1.044 -1.089 -1.143 -1.255 -1.261 0.442 
4.000 500.000 -4.539 -4.282 -3.917 -3.718 -3.459 -3.085 -2.813 -2.425 -2.151 -1.787 -1.610 -1.417 -1.320 -1.228 -1.150 -1.102 -1.099 -1.134 -1.169 -1.227 -1.268 -1.317 -1.416 -1.421 0.359 
4.000 600.000 -4.674 -4.420 -4.059 -3.862 -3.607 -3.240 -2.975 -2.599 -2.338 -1.998 -1.839 -1.675 -1.599 -1.536 -1.496 -1.490 -1.502 -1.523 -1.535 -1.555 -1.571 -1.591 -1.633 -1.635 0.205 
4.000 700.000 -4.808 -4.555 -4.198 -4.003 -3.752 -3.390 -3.129 -2.763 -2.511 -2.189 -2.043 -1.898 -1.836 -1.791 -1.774 -1.796 -1.818 -1.837 -1.842 -1.849 -1.856 -1.866 -1.892 -1.894 0.064 
4.000 800.000 -4.924 -4.674 -4.321 -4.128 -3.880 -3.524 -3.269 -2.914 -2.672 -2.371 -2.239 -2.117 -2.072 -2.049 -2.062 -2.121 -2.161 -2.193 -2.199 -2.203 -2.206 -2.212 -2.230 -2.231 -0.069 
4.000 1000.000 -5.133 -4.887 -4.541 -4.353 -4.112 -3.768 -3.524 -3.191 -2.970 -2.710 -2.607 -2.530 -2.516 -2.533 -2.597 -2.714 -2.779 -2.818 -2.819 -2.812 -2.807 -2.804 -2.809 -2.809 -0.310 
4.000 1200.000 -5.307 -5.066 -4.727 -4.543 -4.309 -3.977 -3.746 -3.435 -3.238 -3.021 -2.949 -2.917 -2.935 -2.992 -3.105 -3.276 -3.363 -3.412 -3.409 -3.394 -3.384 -3.376 -3.372 -3.373 -0.548 
4.000 1500.000 -5.565 -5.330 -5.002 -4.825 -4.600 -4.288 -4.074 -3.798 -3.634 -3.482 -3.454 -3.488 -3.551 -3.664 -3.846 -4.092 -4.211 -4.278 -4.276 -4.256 -4.242 -4.230 -4.221 -4.221 -0.883 
4.500 0.000 -0.652 -0.361 0.052 0.280 0.574 0.996 1.297 1.707 1.976 2.298 2.438 2.582 2.654 2.729 2.811 2.907 2.961 3.012 3.024 3.022 3.010 2.990 2.938 2.935 4.024 
4.500 1.000 -0.723 -0.432 -0.018 0.209 0.504 0.927 1.227 1.638 1.909 2.233 2.376 2.522 2.597 2.676 2.764 2.869 2.929 2.986 3.001 3.000 2.989 2.968 2.915 2.912 3.951 
4.500 5.000 -1.259 -0.968 -0.553 -0.326 -0.030 0.395 0.699 1.117 1.394 1.735 1.890 2.058 2.150 2.252 2.376 2.533 2.625 2.708 2.724 2.714 2.694 2.659 2.570 2.564 3.556 
4.500 10.000 -1.701 -1.410 -0.995 -0.767 -0.471 -0.045 0.259 0.679 0.959 1.306 1.466 1.641 1.740 1.852 1.989 2.169 2.275 2.369 2.386 2.371 2.344 2.300 2.185 2.177 3.235 
4.500 15.000 -1.979 -1.688 -1.274 -1.046 -0.750 -0.324 -0.019 0.401 0.682 1.029 1.190 1.367 1.467 1.581 1.721 1.905 2.014 2.109 2.125 2.106 2.076 2.029 1.903 1.894 3.009 
4.500 20.000 -2.182 -1.891 -1.477 -1.249 -0.954 -0.528 -0.223 0.197 0.478 0.825 0.986 1.164 1.264 1.378 1.518 1.702 1.810 1.902 1.914 1.891 1.858 1.807 1.672 1.662 2.838 
4.500 25.000 -2.353 -2.063 -1.649 -1.421 -1.125 -0.699 -0.395 0.025 0.306 0.654 0.815 0.993 1.093 1.208 1.350 1.534 1.642 1.732 1.743 1.717 1.682 1.627 1.485 1.475 2.697 
4.500 30.000 -2.491 -2.200 -1.786 -1.559 -1.263 -0.838 -0.533 -0.113 0.167 0.515 0.676 0.855 0.955 1.070 1.211 1.395 1.502 1.591 1.600 1.571 1.534 1.477 1.330 1.319 2.583 
4.500 40.000 -2.701 -2.411 -1.997 -1.770 -1.475 -1.050 -0.746 -0.326 -0.046 0.301 0.462 0.639 0.739 0.853 0.992 1.174 1.277 1.360 1.366 1.333 1.293 1.234 1.080 1.069 2.404 
4.500 50.000 -2.864 -2.574 -2.161 -1.934 -1.639 -1.214 -0.911 -0.492 -0.212 0.134 0.294 0.471 0.570 0.682 0.820 0.998 1.098 1.176 1.179 1.142 1.100 1.039 0.882 0.870 2.265 
4.500 60.000 -2.937 -2.647 -2.235 -2.008 -1.714 -1.290 -0.987 -0.569 -0.291 0.053 0.211 0.385 0.481 0.590 0.722 0.889 0.981 1.049 1.048 1.008 0.966 0.906 0.754 0.743 2.173 
4.500 70.000 -2.998 -2.709 -2.296 -2.070 -1.775 -1.352 -1.049 -0.631 -0.352 -0.007 0.152 0.327 0.425 0.536 0.671 0.843 0.939 1.009 1.008 0.966 0.921 0.856 0.693 0.681 2.095 
4.500 80.000 -3.046 -2.757 -2.345 -2.118 -1.824 -1.401 -1.098 -0.680 -0.402 -0.056 0.103 0.279 0.378 0.490 0.627 0.802 0.900 0.971 0.968 0.924 0.877 0.809 0.638 0.625 2.029 
4.500 90.000 -3.078 -2.789 -2.378 -2.151 -1.858 -1.435 -1.132 -0.715 -0.436 -0.091 0.069 0.245 0.343 0.455 0.592 0.767 0.864 0.933 0.929 0.882 0.834 0.764 0.588 0.575 1.970 
4.500 100.000 -3.108 -2.819 -2.408 -2.182 -1.888 -1.466 -1.163 -0.746 -0.468 -0.123 0.036 0.212 0.311 0.423 0.559 0.733 0.830 0.897 0.892 0.843 0.793 0.722 0.541 0.528 1.917 
4.500 110.000 -3.135 -2.847 -2.436 -2.210 -1.917 -1.495 -1.193 -0.776 -0.498 -0.153 0.006 0.181 0.280 0.392 0.528 0.701 0.797 0.862 0.856 0.805 0.753 0.681 0.497 0.483 1.868 
4.500 120.000 -3.161 -2.873 -2.462 -2.237 -1.944 -1.522 -1.220 -0.804 -0.526 -0.182 -0.023 0.152 0.250 0.362 0.498 0.670 0.764 0.828 0.820 0.767 0.715 0.641 0.454 0.440 1.822 
4.500 130.000 -3.185 -2.897 -2.487 -2.261 -1.969 -1.548 -1.246 -0.831 -0.554 -0.211 -0.053 0.121 0.218 0.328 0.461 0.629 0.719 0.777 0.768 0.713 0.660 0.586 0.401 0.387 1.779 
4.500 140.000 -3.209 -2.921 -2.512 -2.286 -1.994 -1.573 -1.273 -0.858 -0.581 -0.240 -0.082 0.090 0.186 0.295 0.425 0.588 0.675 0.729 0.717 0.661 0.607 0.533 0.350 0.336 1.738 
4.500 150.000 -3.233 -2.946 -2.537 -2.312 -2.020 -1.600 -1.299 -0.885 -0.609 -0.269 -0.112 0.059 0.154 0.261 0.390 0.549 0.633 0.682 0.669 0.611 0.557 0.483 0.301 0.287 1.698 
4.500 175.000 -3.291 -3.005 -2.597 -2.372 -2.081 -1.662 -1.363 -0.951 -0.676 -0.339 -0.184 -0.016 0.076 0.179 0.301 0.449 0.524 0.563 0.545 0.484 0.430 0.356 0.179 0.167 1.602 
4.500 200.000 -3.345 -3.059 -2.652 -2.428 -2.138 -1.720 -1.422 -1.012 -0.739 -0.404 -0.251 -0.087 0.003 0.102 0.218 0.356 0.423 0.452 0.430 0.367 0.312 0.238 0.067 0.055 1.516 
4.500 250.000 -3.455 -3.171 -2.766 -2.543 -2.254 -1.839 -1.543 -1.136 -0.866 -0.537 -0.388 -0.230 -0.145 -0.053 0.053 0.172 0.227 0.241 0.214 0.148 0.094 0.023 -0.137 -0.148 1.368 
4.500 300.000 -3.552 -3.269 -2.866 -2.645 -2.358 -1.945 -1.651 -1.248 -0.981 -0.657 -0.512 -0.360 -0.280 -0.194 -0.100 0.002 0.044 0.045 0.014 -0.053 -0.106 -0.173 -0.321 -0.331 1.242 
4.500 350.000 -3.640 -3.359 -2.958 -2.738 -2.452 -2.042 -1.750 -1.350 -1.086 -0.768 -0.627 -0.481 -0.406 -0.328 -0.245 -0.160 -0.130 -0.141 -0.175 -0.241 -0.292 -0.356 -0.492 -0.500 1.130 
4.500 400.000 -3.721 -3.441 -3.042 -2.823 -2.539 -2.132 -1.842 -1.445 -1.185 -0.873 -0.736 -0.597 -0.527 -0.456 -0.384 -0.316 -0.297 -0.319 -0.355 -0.421 -0.469 -0.529 -0.652 -0.660 1.029 
4.500 450.000 -3.811 -3.532 -3.135 -2.917 -2.635 -2.230 -1.943 -1.550 -1.293 -0.987 -0.855 -0.723 -0.659 -0.596 -0.536 -0.485 -0.477 -0.508 -0.544 -0.606 -0.651 -0.706 -0.816 -0.822 0.945 
4.500 500.000 -3.892 -3.615 -3.220 -3.003 -2.722 -2.320 -2.035 -1.647 -1.394 -1.094 -0.967 -0.843 -0.785 -0.731 -0.682 -0.650 -0.652 -0.690 -0.726 -0.785 -0.826 -0.875 -0.971 -0.977 0.866 
4.500 600.000 -4.021 -3.746 -3.356 -3.142 -2.866 -2.471 -2.193 -1.817 -1.577 -1.302 -1.193 -1.097 -1.059 -1.033 -1.021 -1.031 -1.047 -1.070 -1.084 -1.105 -1.121 -1.141 -1.183 -1.185 0.718 
4.500 700.000 -4.148 -3.876 -3.490 -3.278 -3.005 -2.617 -2.344 -1.978 -1.746 -1.489 -1.392 -1.315 -1.291 -1.283 -1.297 -1.338 -1.368 -1.399 -1.410 -1.423 -1.433 -1.446 -1.476 -1.477 0.583 
4.500 800.000 -4.261 -3.992 -3.610 -3.401 -3.132 -2.750 -2.482 -2.127 -1.906 -1.667 -1.584 -1.528 -1.519 -1.531 -1.570 -1.643 -1.687 -1.722 -1.730 -1.736 -1.740 -1.747 -1.766 -1.767 0.457 
4.500 1000.000 -4.460 -4.196 -3.823 -3.619 -3.358 -2.989 -2.733 -2.401 -2.201 -2.004 -1.949 -1.936 -1.959 -2.011 -2.101 -2.230 -2.297 -2.339 -2.340 -2.333 -2.329 -2.327 -2.331 -2.332 0.227 
4.500 1200.000 -4.628 -4.369 -4.004 -3.805 -3.551 -3.196 -2.953 -2.644 -2.466 -2.311 -2.286 -2.317 -2.371 -2.461 -2.599 -2.782 -2.872 -2.923 -2.922 -2.908 -2.899 -2.891 -2.888 -2.888 0.001 
4.500 1500.000 -4.875 -4.624 -4.271 -4.080 -3.837 -3.502 -3.278 -3.004 -2.861 -2.769 -2.788 -2.885 -2.983 -3.130 -3.338 -3.599 -3.724 -3.797 -3.798 -3.781 -3.769 -3.758 -3.749 -3.749 -0.316 
5.000 0.000 -0.262 0.040 0.469 0.703 1.004 1.427 1.717 2.090 2.316 2.565 2.669 2.779 2.841 2.912 2.997 3.098 3.149 3.185 3.184 3.161 3.137 3.103 3.023 3.018 4.211 
5.000 1.000 -0.307 -0.005 0.423 0.658 0.959 1.382 1.672 2.046 2.272 2.521 2.626 2.738 2.801 2.874 2.961 3.067 3.122 3.162 3.162 3.141 3.118 3.084 3.005 3.000 4.155 
5.000 5.000 -0.694 -0.392 0.037 0.272 0.574 0.998 1.290 1.668 1.898 2.157 2.269 2.394 2.468 2.555 2.665 2.806 2.884 2.949 2.956 2.936 2.910 2.872 2.776 2.770 3.839 
5.000 10.000 -1.086 -0.785 -0.355 -0.121 0.181 0.606 0.899 1.278 1.511 1.774 1.891 2.022 2.101 2.196 2.317 2.477 2.568 2.643 2.651 2.629 2.600 2.556 2.444 2.436 3.550 
5.000 15.000 -1.349 -1.047 -0.618 -0.383 -0.081 0.344 0.636 1.016 1.249 1.514 1.632 1.765 1.845 1.943 2.068 2.233 2.327 2.404 2.412 2.387 2.355 2.308 2.187 2.178 3.340 
5.000 20.000 -1.543 -1.242 -0.813 -0.578 -0.277 0.148 0.441 0.821 1.054 1.320 1.438 1.572 1.652 1.750 1.877 2.042 2.136 2.211 2.216 2.187 2.152 2.101 1.971 1.962 3.181 
5.000 25.000 -1.704 -1.402 -0.974 -0.739 -0.438 -0.013 0.280 0.659 0.893 1.159 1.277 1.412 1.493 1.591 1.719 1.885 1.979 2.052 2.056 2.023 1.986 1.931 1.794 1.784 3.049 
5.000 30.000 -1.836 -1.534 -1.106 -0.872 -0.570 -0.145 0.147 0.527 0.760 1.026 1.144 1.279 1.361 1.460 1.587 1.754 1.848 1.919 1.921 1.886 1.847 1.790 1.647 1.637 2.941 
5.000 40.000 -2.040 -1.739 -1.311 -1.077 -0.776 -0.352 -0.060 0.319 0.553 0.818 0.936 1.071 1.152 1.251 1.378 1.543 1.635 1.702 1.701 1.661 1.619 1.559 1.410 1.399 2.773 
5.000 50.000 -2.201 -1.900 -1.473 -1.239 -0.938 -0.515 -0.223 0.156 0.389 0.654 0.772 0.906 0.987 1.085 1.211 1.375 1.465 1.528 1.525 1.482 1.438 1.376 1.221 1.210 2.641 
5.000 60.000 -2.273 -1.972 -1.546 -1.312 -1.012 -0.589 -0.298 0.080 0.312 0.575 0.691 0.823 0.901 0.996 1.117 1.271 1.354 1.409 1.402 1.357 1.313 1.251 1.101 1.090 2.556 
5.000 70.000 -2.332 -2.032 -1.606 -1.372 -1.072 -0.649 -0.358 0.020 0.252 0.516 0.633 0.767 0.847 0.944 1.068 1.228 1.314 1.372 1.364 1.317 1.270 1.204 1.042 1.031 2.482 
5.000 80.000 -2.379 -2.079 -1.653 -1.420 -1.120 -0.697 -0.407 -0.029 0.204 0.469 0.586 0.721 0.802 0.900 1.026 1.189 1.277 1.335 1.327 1.277 1.228 1.159 0.989 0.977 2.420 
5.000 90.000 -2.409 -2.110 -1.684 -1.452 -1.152 -0.730 -0.439 -0.062 0.171 0.435 0.553 0.688 0.769 0.867 0.993 1.156 1.243 1.300 1.290 1.238 1.187 1.116 0.942 0.929 2.366 
5.000 100.000 -2.438 -2.139 -1.713 -1.481 -1.181 -0.760 -0.469 -0.092 0.140 0.404 0.522 0.656 0.737 0.836 0.962 1.124 1.210 1.265 1.254 1.200 1.148 1.075 0.897 0.883 2.316 
5.000 110.000 -2.464 -2.165 -1.740 -1.508 -1.209 -0.788 -0.498 -0.121 0.111 0.375 0.493 0.627 0.708 0.806 0.931 1.093 1.179 1.232 1.219 1.163 1.110 1.036 0.854 0.840 2.270 
5.000 120.000 -2.488 -2.190 -1.765 -1.533 -1.235 -0.814 -0.524 -0.148 0.084 0.348 0.465 0.599 0.680 0.777 0.903 1.063 1.148 1.199 1.185 1.127 1.073 0.997 0.813 0.799 2.228 
5.000 130.000 -2.511 -2.213 -1.789 -1.557 -1.259 -0.839 -0.549 -0.174 0.057 0.320 0.437 0.569 0.649 0.745 0.867 1.023 1.105 1.151 1.135 1.076 1.021 0.945 0.762 0.749 2.188 
5.000 140.000 -2.534 -2.236 -1.813 -1.581 -1.283 -0.863 -0.575 -0.200 0.031 0.292 0.408 0.540 0.618 0.713 0.833 0.985 1.063 1.105 1.088 1.027 0.971 0.896 0.714 0.701 2.150 
5.000 150.000 -2.557 -2.259 -1.837 -1.605 -1.308 -0.889 -0.600 -0.226 0.004 0.265 0.380 0.510 0.588 0.681 0.799 0.947 1.022 1.061 1.042 0.979 0.923 0.848 0.668 0.655 2.113 
5.000 175.000 -2.612 -2.315 -1.894 -1.663 -1.366 -0.949 -0.661 -0.289 -0.061 0.197 0.310 0.437 0.512 0.602 0.714 0.851 0.918 0.946 0.923 0.858 0.802 0.727 0.552 0.540 2.023 
5.000 200.000 -2.662 -2.367 -1.946 -1.716 -1.420 -1.004 -0.718 -0.347 -0.121 0.135 0.246 0.369 0.442 0.528 0.633 0.760 0.820 0.839 0.812 0.745 0.689 0.615 0.445 0.433 1.943 
5.000 250.000 -2.767 -2.473 -2.055 -1.826 -1.532 -1.119 -0.835 -0.467 -0.243 0.007 0.114 0.232 0.299 0.378 0.473 0.583 0.629 0.634 0.603 0.534 0.479 0.408 0.250 0.240 1.802 
5.000 300.000 -2.860 -2.567 -2.151 -1.924 -1.632 -1.221 -0.939 -0.575 -0.354 -0.110 -0.006 0.106 0.169 0.240 0.325 0.417 0.451 0.443 0.409 0.339 0.286 0.218 0.073 0.064 1.683 
5.000 350.000 -2.944 -2.652 -2.239 -2.013 -1.723 -1.315 -1.035 -0.675 -0.457 -0.218 -0.118 -0.013 0.045 0.110 0.183 0.258 0.281 0.262 0.225 0.157 0.105 0.042 -0.092 -0.100 1.577 
5.000 400.000 -3.021 -2.732 -2.320 -2.096 -1.807 -1.402 -1.124 -0.768 -0.553 -0.320 -0.224 -0.126 -0.073 -0.015 0.047 0.105 0.117 0.088 0.050 -0.018 -0.066 -0.126 -0.247 -0.254 1.484 
5.000 450.000 -3.107 -2.819 -2.410 -2.187 -1.900 -1.498 -1.223 -0.870 -0.659 -0.432 -0.340 -0.249 -0.202 -0.152 -0.101 -0.061 -0.059 -0.096 -0.134 -0.198 -0.242 -0.296 -0.404 -0.410 1.401 
5.000 500.000 -3.185 -2.899 -2.492 -2.270 -1.985 -1.586 -1.313 -0.965 -0.757 -0.536 -0.450 -0.366 -0.325 -0.284 -0.245 -0.222 -0.230 -0.274 -0.312 -0.371 -0.412 -0.460 -0.554 -0.559 1.324 
5.000 600.000 -3.308 -3.025 -2.624 -2.405 -2.124 -1.732 -1.467 -1.130 -0.935 -0.737 -0.667 -0.610 -0.588 -0.574 -0.570 -0.587 -0.608 -0.639 -0.656 -0.681 -0.698 -0.720 -0.765 -0.767 1.180 
5.000 700.000 -3.428 -3.148 -2.751 -2.535 -2.258 -1.873 -1.613 -1.287 -1.100 -0.920 -0.863 -0.826 -0.818 -0.823 -0.845 -0.895 -0.930 -0.966 -0.980 -0.996 -1.006 -1.020 -1.050 -1.052 1.050 
5.000 800.000 -3.537 -3.260 -2.868 -2.654 -2.382 -2.003 -1.749 -1.433 -1.256 -1.095 -1.050 -1.033 -1.041 -1.065 -1.112 -1.192 -1.241 -1.282 -1.292 -1.300 -1.306 -1.314 -1.333 -1.334 0.928 
5.000 1000.000 -3.730 -3.459 -3.076 -2.868 -2.604 -2.239 -1.997 -1.703 -1.547 -1.424 -1.407 -1.432 -1.470 -1.532 -1.629 -1.764 -1.835 -1.883 -1.888 -1.883 -1.880 -1.879 -1.885 -1.885 0.707 
5.000 1200.000 -3.894 -3.629 -3.256 -3.053 -2.797 -2.446 -2.215 -1.944 -1.808 -1.724 -1.734 -1.800 -1.867 -1.967 -2.113 -2.307 -2.408 -2.476 -2.483 -2.478 -2.472 -2.468 -2.469 -2.469 0.493 
5.000 1500.000 -4.130 -3.874 -3.513 -3.320 -3.075 -2.746 -2.535 -2.300 -2.199 -2.179 -2.234 -2.365 -2.477 -2.634 -2.847 -3.112 -3.239 -3.316 -3.319 -3.304 -3.293 -3.282 -3.275 -3.275 0.194 
5.500 0.000 0.128 0.428 0.852 1.081 1.371 1.767 2.026 2.340 2.518 2.707 2.791 2.889 2.949 3.022 3.111 3.218 3.270 3.299 3.290 3.254 3.222 3.178 3.078 3.072 4.332 
5.500 1.000 0.098 0.398 0.822 1.051 1.341 1.737 1.996 2.310 2.488 2.678 2.761 2.860 2.920 2.993 3.083 3.191 3.245 3.276 3.268 3.235 3.203 3.160 3.063 3.057 4.287 
5.500 5.000 -0.140 0.160 0.584 0.813 1.103 1.500 1.760 2.075 2.255 2.449 2.536 2.640 2.706 2.786 2.887 3.012 3.078 3.123 3.120 3.090 3.059 3.015 2.912 2.905 4.052 
5.500 10.000 -0.457 -0.157 0.266 0.496 0.786 1.183 1.443 1.760 1.941 2.138 2.228 2.337 2.406 2.492 2.601 2.740 2.815 2.869 2.869 2.840 2.807 2.761 2.651 2.644 3.803 
5.500 15.000 -0.693 -0.393 0.030 0.259 0.550 0.946 1.207 1.524 1.706 1.904 1.995 2.105 2.176 2.263 2.375 2.518 2.596 2.653 2.653 2.622 2.588 2.540 2.424 2.417 3.615 
5.500 20.000 -0.876 -0.576 -0.153 0.076 0.366 0.763 1.023 1.341 1.522 1.721 1.813 1.924 1.995 2.084 2.197 2.342 2.420 2.474 2.472 2.437 2.400 2.349 2.225 2.216 3.471 
5.500 25.000 -1.028 -0.729 -0.306 -0.077 0.213 0.610 0.870 1.188 1.369 1.569 1.661 1.773 1.845 1.934 2.049 2.195 2.273 2.327 2.322 2.284 2.245 2.191 2.060 2.051 3.349 
5.500 30.000 -1.156 -0.857 -0.434 -0.205 0.085 0.481 0.741 1.059 1.241 1.441 1.533 1.646 1.718 1.808 1.924 2.071 2.150 2.202 2.196 2.155 2.115 2.058 1.921 1.911 3.249 
5.500 40.000 -1.355 -1.056 -0.634 -0.405 -0.116 0.280 0.540 0.858 1.040 1.240 1.332 1.445 1.518 1.608 1.724 1.871 1.949 1.998 1.990 1.944 1.901 1.840 1.695 1.685 3.092 
5.500 50.000 -1.512 -1.214 -0.792 -0.564 -0.274 0.121 0.381 0.698 0.880 1.080 1.172 1.286 1.358 1.448 1.564 1.711 1.788 1.835 1.825 1.776 1.730 1.667 1.516 1.506 2.970 
5.500 60.000 -1.583 -1.285 -0.864 -0.636 -0.347 0.048 0.307 0.623 0.804 1.002 1.093 1.204 1.274 1.362 1.473 1.612 1.683 1.723 1.709 1.659 1.613 1.550 1.403 1.393 2.890 
5.500 70.000 -1.642 -1.344 -0.924 -0.696 -0.407 -0.013 0.247 0.563 0.744 0.944 1.036 1.149 1.221 1.311 1.426 1.572 1.646 1.688 1.675 1.621 1.572 1.505 1.346 1.335 2.822 
5.500 80.000 -1.688 -1.391 -0.971 -0.743 -0.455 -0.061 0.199 0.515 0.697 0.897 0.990 1.104 1.177 1.269 1.386 1.535 1.611 1.654 1.639 1.583 1.532 1.462 1.295 1.284 2.765 
5.500 90.000 -1.718 -1.421 -1.002 -0.774 -0.486 -0.092 0.167 0.483 0.664 0.865 0.957 1.072 1.145 1.236 1.354 1.502 1.579 1.620 1.604 1.545 1.493 1.421 1.249 1.237 2.715 
5.500 100.000 -1.746 -1.449 -1.030 -0.803 -0.515 -0.122 0.137 0.453 0.634 0.834 0.927 1.041 1.114 1.206 1.323 1.471 1.547 1.587 1.569 1.509 1.455 1.381 1.206 1.193 2.669 
5.500 110.000 -1.772 -1.475 -1.056 -0.830 -0.542 -0.149 0.109 0.425 0.606 0.806 0.898 1.013 1.086 1.177 1.294 1.441 1.516 1.554 1.535 1.473 1.418 1.343 1.165 1.152 2.627 
5.500 120.000 -1.795 -1.499 -1.081 -0.855 -0.567 -0.175 0.083 0.398 0.579 0.779 0.871 0.985 1.058 1.149 1.266 1.412 1.486 1.523 1.503 1.439 1.382 1.306 1.125 1.112 2.589 
5.500 130.000 -1.818 -1.522 -1.104 -0.878 -0.592 -0.200 0.058 0.372 0.553 0.751 0.843 0.956 1.028 1.117 1.231 1.374 1.444 1.476 1.455 1.390 1.333 1.257 1.077 1.064 2.552 
5.500 140.000 -1.841 -1.545 -1.128 -0.902 -0.616 -0.224 0.033 0.347 0.526 0.724 0.815 0.927 0.998 1.086 1.198 1.336 1.404 1.432 1.409 1.343 1.286 1.210 1.031 1.019 2.517 
5.500 150.000 -1.863 -1.568 -1.152 -0.926 -0.640 -0.249 0.008 0.321 0.500 0.697 0.787 0.898 0.968 1.054 1.165 1.299 1.365 1.389 1.365 1.297 1.240 1.164 0.987 0.975 2.483 
5.500 175.000 -1.918 -1.624 -1.208 -0.983 -0.698 -0.309 -0.053 0.258 0.436 0.630 0.718 0.826 0.893 0.976 1.080 1.205 1.262 1.278 1.250 1.181 1.123 1.049 0.877 0.866 2.400 
5.500 200.000 -1.968 -1.674 -1.260 -1.036 -0.752 -0.364 -0.109 0.200 0.377 0.568 0.655 0.759 0.824 0.903 1.001 1.116 1.166 1.173 1.143 1.072 1.014 0.941 0.775 0.764 2.326 
5.500 250.000 -2.069 -1.777 -1.366 -1.143 -0.861 -0.476 -0.223 0.083 0.257 0.443 0.526 0.624 0.685 0.757 0.845 0.942 0.980 0.975 0.940 0.868 0.813 0.742 0.589 0.579 2.192 
5.500 300.000 -2.158 -1.868 -1.459 -1.238 -0.957 -0.575 -0.325 -0.022 0.149 0.330 0.410 0.502 0.557 0.622 0.699 0.780 0.806 0.789 0.752 0.680 0.627 0.560 0.420 0.411 2.078 
5.500 350.000 -2.238 -1.950 -1.543 -1.323 -1.045 -0.665 -0.417 -0.118 0.050 0.226 0.301 0.386 0.437 0.495 0.561 0.624 0.639 0.612 0.573 0.503 0.452 0.390 0.262 0.254 1.980 
5.500 400.000 -2.311 -2.025 -1.621 -1.402 -1.126 -0.749 -0.503 -0.208 -0.043 0.127 0.198 0.277 0.322 0.372 0.426 0.472 0.477 0.440 0.400 0.333 0.285 0.228 0.113 0.106 1.891 
5.500 450.000 -2.388 -2.104 -1.702 -1.485 -1.210 -0.837 -0.593 -0.301 -0.140 0.024 0.090 0.161 0.200 0.242 0.285 0.313 0.308 0.264 0.224 0.161 0.118 0.066 -0.036 -0.042 1.807 
5.500 500.000 -2.459 -2.176 -1.777 -1.561 -1.289 -0.918 -0.677 -0.389 -0.232 -0.074 -0.013 0.050 0.083 0.116 0.146 0.157 0.142 0.092 0.053 -0.005 -0.044 -0.090 -0.179 -0.184 1.729 
5.500 600.000 -2.572 -2.293 -1.899 -1.687 -1.419 -1.056 -0.821 -0.546 -0.400 -0.266 -0.221 -0.185 -0.172 -0.166 -0.171 -0.199 -0.227 -0.263 -0.281 -0.306 -0.323 -0.343 -0.385 -0.387 1.587 
5.500 700.000 -2.686 -2.410 -2.021 -1.812 -1.548 -1.192 -0.963 -0.696 -0.559 -0.440 -0.407 -0.389 -0.390 -0.401 -0.430 -0.489 -0.531 -0.574 -0.590 -0.608 -0.619 -0.634 -0.664 -0.665 1.459 
5.500 800.000 -2.788 -2.515 -2.131 -1.925 -1.665 -1.316 -1.093 -0.837 -0.709 -0.610 -0.590 -0.593 -0.609 -0.640 -0.696 -0.785 -0.839 -0.885 -0.897 -0.906 -0.911 -0.919 -0.938 -0.939 1.340 
5.500 1000.000 -2.973 -2.707 -2.333 -2.133 -1.881 -1.545 -1.333 -1.098 -0.989 -0.925 -0.930 -0.973 -1.017 -1.085 -1.190 -1.339 -1.422 -1.486 -1.499 -1.503 -1.504 -1.506 -1.515 -1.516 1.125 
5.500 1200.000 -3.127 -2.867 -2.503 -2.309 -2.065 -1.744 -1.545 -1.332 -1.245 -1.221 -1.255 -1.341 -1.415 -1.522 -1.674 -1.876 -1.980 -2.051 -2.059 -2.054 -2.048 -2.044 -2.044 -2.044 0.924 
5.500 1500.000 -3.358 -3.107 -2.757 -2.571 -2.341 -2.040 -1.860 -1.682 -1.627 -1.664 -1.740 -1.887 -2.005 -2.165 -2.381 -2.650 -2.780 -2.860 -2.865 -2.851 -2.840 -2.830 -2.823 -2.823 0.641 
6.000 0.000 0.554 0.840 1.239 1.451 1.716 2.064 2.282 2.531 2.667 2.818 2.890 2.983 3.043 3.115 3.204 3.309 3.358 3.379 3.365 3.323 3.286 3.236 3.127 3.120 4.405 
6.000 1.000 0.531 0.817 1.216 1.429 1.693 2.042 2.259 2.509 2.645 2.795 2.868 2.960 3.019 3.092 3.181 3.286 3.336 3.359 3.346 3.305 3.269 3.221 3.113 3.107 4.363 
6.000 5.000 0.395 0.681 1.080 1.292 1.556 1.904 2.121 2.371 2.506 2.655 2.728 2.819 2.878 2.949 3.037 3.141 3.191 3.218 3.208 3.172 3.139 3.095 2.995 2.989 4.190 
6.000 10.000 0.166 0.451 0.850 1.062 1.326 1.674 1.891 2.140 2.275 2.425 2.497 2.588 2.647 2.719 2.807 2.912 2.964 2.993 2.985 2.952 2.921 2.878 2.781 2.776 3.990 
6.000 15.000 -0.034 0.252 0.650 0.862 1.126 1.474 1.691 1.940 2.075 2.225 2.297 2.389 2.448 2.521 2.610 2.716 2.769 2.799 2.791 2.758 2.726 2.683 2.586 2.580 3.831 
6.000 20.000 -0.199 0.086 0.484 0.696 0.960 1.307 1.524 1.774 1.909 2.060 2.133 2.226 2.285 2.358 2.449 2.557 2.609 2.637 2.627 2.589 2.555 2.509 2.406 2.399 3.704 
6.000 25.000 -0.339 -0.054 0.344 0.556 0.819 1.167 1.384 1.633 1.769 1.920 1.993 2.087 2.148 2.222 2.313 2.422 2.475 2.501 2.489 2.448 2.412 2.363 2.255 2.248 3.594 
6.000 30.000 -0.460 -0.175 0.222 0.434 0.698 1.045 1.262 1.512 1.648 1.799 1.873 1.968 2.029 2.104 2.197 2.308 2.361 2.385 2.372 2.328 2.290 2.239 2.125 2.118 3.501 
6.000 40.000 -0.653 -0.369 0.028 0.240 0.503 0.850 1.067 1.317 1.453 1.606 1.680 1.776 1.838 1.914 2.009 2.121 2.174 2.196 2.180 2.132 2.090 2.035 1.913 1.905 3.355 
6.000 50.000 -0.807 -0.523 -0.126 0.085 0.348 0.695 0.911 1.161 1.298 1.451 1.526 1.622 1.685 1.762 1.857 1.971 2.024 2.045 2.026 1.975 1.931 1.873 1.744 1.736 3.242 
6.000 60.000 -0.877 -0.593 -0.197 0.014 0.276 0.622 0.839 1.087 1.223 1.374 1.448 1.543 1.603 1.678 1.770 1.876 1.925 1.940 1.919 1.866 1.822 1.765 1.638 1.630 3.168 
6.000 70.000 -0.937 -0.653 -0.257 -0.046 0.216 0.562 0.778 1.028 1.164 1.317 1.393 1.490 1.553 1.630 1.727 1.841 1.893 1.910 1.888 1.831 1.784 1.722 1.583 1.574 3.105 
6.000 80.000 -0.983 -0.699 -0.304 -0.093 0.169 0.514 0.731 0.980 1.117 1.271 1.348 1.447 1.511 1.590 1.689 1.807 1.861 1.879 1.855 1.796 1.746 1.680 1.533 1.524 3.052 
6.000 90.000 -1.013 -0.730 -0.335 -0.125 0.137 0.483 0.699 0.948 1.085 1.239 1.316 1.415 1.479 1.559 1.658 1.777 1.831 1.846 1.822 1.759 1.708 1.641 1.489 1.479 3.006 
6.000 100.000 -1.040 -0.758 -0.363 -0.153 0.108 0.453 0.669 0.918 1.055 1.210 1.286 1.385 1.450 1.530 1.629 1.747 1.801 1.815 1.789 1.725 1.672 1.603 1.447 1.437 2.964 
6.000 110.000 -1.066 -0.783 -0.390 -0.180 0.082 0.426 0.642 0.891 1.027 1.182 1.258 1.357 1.422 1.501 1.601 1.718 1.771 1.784 1.757 1.690 1.636 1.566 1.407 1.397 2.925 
6.000 120.000 -1.089 -0.807 -0.414 -0.204 0.057 0.401 0.616 0.865 1.001 1.155 1.232 1.331 1.395 1.474 1.574 1.690 1.742 1.753 1.725 1.657 1.602 1.530 1.369 1.358 2.890 
6.000 130.000 -1.111 -0.830 -0.437 -0.228 0.033 0.376 0.591 0.839 0.975 1.128 1.204 1.302 1.365 1.443 1.540 1.653 1.702 1.710 1.680 1.611 1.555 1.484 1.324 1.314 2.856 
6.000 140.000 -1.134 -0.853 -0.461 -0.252 0.008 0.351 0.566 0.813 0.949 1.101 1.176 1.273 1.335 1.412 1.507 1.616 1.663 1.667 1.636 1.567 1.511 1.440 1.281 1.271 2.822 
6.000 150.000 -1.157 -0.876 -0.485 -0.276 -0.016 0.326 0.541 0.787 0.922 1.074 1.148 1.244 1.305 1.381 1.474 1.581 1.625 1.626 1.594 1.524 1.468 1.397 1.240 1.229 2.791 
6.000 175.000 -1.211 -0.931 -0.541 -0.333 -0.074 0.267 0.480 0.726 0.859 1.008 1.080 1.173 1.232 1.304 1.391 1.488 1.525 1.519 1.485 1.413 1.358 1.288 1.136 1.126 2.714 
6.000 200.000 -1.260 -0.981 -0.592 -0.385 -0.127 0.213 0.425 0.668 0.801 0.947 1.017 1.106 1.163 1.231 1.312 1.399 1.430 1.417 1.381 1.308 1.254 1.185 1.039 1.030 2.644 
6.000 250.000 -1.356 -1.079 -0.693 -0.487 -0.231 0.106 0.316 0.556 0.686 0.827 0.893 0.976 1.028 1.088 1.159 1.229 1.249 1.224 1.185 1.114 1.061 0.996 0.862 0.854 2.519 
6.000 300.000 -1.441 -1.166 -0.782 -0.577 -0.323 0.011 0.219 0.456 0.582 0.718 0.781 0.857 0.903 0.956 1.015 1.069 1.077 1.043 1.003 0.933 0.883 0.823 0.700 0.693 2.412 
6.000 350.000 -1.518 -1.244 -0.863 -0.660 -0.408 -0.077 0.129 0.362 0.486 0.616 0.674 0.743 0.784 0.830 0.878 0.914 0.912 0.870 0.828 0.761 0.715 0.659 0.549 0.543 2.318 
6.000 400.000 -1.589 -1.317 -0.938 -0.737 -0.487 -0.158 0.045 0.275 0.396 0.519 0.573 0.635 0.670 0.707 0.744 0.763 0.752 0.702 0.661 0.598 0.555 0.504 0.406 0.401 2.235 
6.000 450.000 -1.660 -1.390 -1.014 -0.814 -0.565 -0.240 -0.039 0.187 0.304 0.421 0.470 0.524 0.553 0.582 0.606 0.609 0.588 0.533 0.493 0.434 0.396 0.350 0.265 0.260 2.152 
6.000 500.000 -1.726 -1.457 -1.084 -0.885 -0.639 -0.317 -0.118 0.104 0.218 0.327 0.371 0.416 0.439 0.459 0.470 0.456 0.427 0.367 0.329 0.276 0.242 0.202 0.128 0.124 2.076 
6.000 600.000 -1.831 -1.567 -1.199 -1.004 -0.762 -0.447 -0.255 -0.045 0.056 0.143 0.170 0.188 0.191 0.185 0.163 0.113 0.074 0.031 0.012 -0.009 -0.023 -0.040 -0.075 -0.077 1.938 
6.000 700.000 -1.939 -1.678 -1.315 -1.123 -0.885 -0.577 -0.390 -0.190 -0.096 -0.026 -0.011 -0.012 -0.023 -0.047 -0.094 -0.174 -0.226 -0.274 -0.290 -0.304 -0.313 -0.324 -0.348 -0.349 1.812 
6.000 800.000 -2.037 -1.779 -1.421 -1.232 -0.999 -0.697 -0.516 -0.325 -0.241 -0.189 -0.187 -0.207 -0.233 -0.276 -0.347 -0.455 -0.518 -0.570 -0.582 -0.590 -0.594 -0.599 -0.615 -0.615 1.698 
6.000 1000.000 -2.214 -1.964 -1.616 -1.433 -1.207 -0.919 -0.749 -0.577 -0.511 -0.493 -0.516 -0.576 -0.629 -0.709 -0.827 -0.993 -1.085 -1.155 -1.168 -1.172 -1.172 -1.173 -1.180 -1.180 1.490 
6.000 1200.000 -2.365 -2.121 -1.784 -1.606 -1.389 -1.115 -0.956 -0.807 -0.762 -0.783 -0.834 -0.935 -1.018 -1.136 -1.300 -1.516 -1.628 -1.705 -1.715 -1.710 -1.704 -1.700 -1.699 -1.699 1.299 
6.000 1500.000 -2.594 -2.360 -2.037 -1.868 -1.663 -1.409 -1.269 -1.152 -1.136 -1.215 -1.306 -1.468 -1.592 -1.761 -1.988 -2.271 -2.411 -2.501 -2.509 -2.499 -2.489 -2.480 -2.473 -2.473 1.031 
6.500 0.000 0.992 1.253 1.612 1.799 2.028 2.318 2.492 2.684 2.790 2.917 2.984 3.072 3.130 3.199 3.284 3.381 3.424 3.437 3.418 3.371 3.332 3.281 3.169 3.162 4.445 
6.500 1.000 0.977 1.238 1.597 1.784 2.013 2.303 2.476 2.669 2.774 2.901 2.967 3.056 3.113 3.182 3.266 3.363 3.405 3.419 3.402 3.356 3.318 3.268 3.158 3.151 4.402 
6.500 5.000 0.900 1.161 1.520 1.707 1.935 2.224 2.397 2.588 2.692 2.814 2.878 2.962 3.015 3.079 3.156 3.241 3.279 3.291 3.276 3.236 3.203 3.159 3.063 3.058 4.272 
6.500 10.000 0.748 1.009 1.367 1.554 1.782 2.070 2.242 2.431 2.534 2.653 2.714 2.793 2.843 2.902 2.972 3.048 3.081 3.092 3.079 3.044 3.015 2.976 2.891 2.886 4.120 
6.500 15.000 0.592 0.852 1.210 1.397 1.624 1.912 2.084 2.273 2.375 2.492 2.553 2.630 2.679 2.737 2.805 2.878 2.910 2.920 2.908 2.875 2.847 2.809 2.728 2.723 3.993 
6.500 20.000 0.449 0.709 1.067 1.254 1.481 1.769 1.941 2.129 2.231 2.349 2.410 2.488 2.537 2.595 2.663 2.736 2.767 2.775 2.761 2.725 2.695 2.656 2.571 2.566 3.884 
6.500 25.000 0.321 0.581 0.938 1.125 1.352 1.640 1.811 2.001 2.103 2.222 2.283 2.362 2.412 2.471 2.540 2.615 2.646 2.652 2.636 2.598 2.566 2.525 2.436 2.431 3.786 
6.500 30.000 0.207 0.467 0.824 1.010 1.238 1.525 1.697 1.887 1.989 2.109 2.171 2.251 2.302 2.363 2.434 2.511 2.542 2.547 2.530 2.489 2.455 2.411 2.318 2.312 3.702 
6.500 40.000 0.023 0.283 0.639 0.826 1.052 1.340 1.512 1.702 1.805 1.926 1.989 2.071 2.123 2.185 2.259 2.339 2.371 2.373 2.353 2.307 2.270 2.222 2.121 2.115 3.567 
6.500 50.000 -0.124 0.135 0.491 0.677 0.904 1.191 1.363 1.553 1.657 1.779 1.843 1.926 1.979 2.043 2.118 2.201 2.233 2.235 2.212 2.163 2.123 2.073 1.965 1.958 3.461 
6.500 60.000 -0.193 0.066 0.422 0.607 0.834 1.121 1.292 1.482 1.584 1.705 1.768 1.849 1.901 1.963 2.035 2.113 2.142 2.138 2.114 2.064 2.024 1.973 1.866 1.860 3.392 
6.500 70.000 -0.252 0.006 0.362 0.547 0.773 1.061 1.232 1.422 1.526 1.650 1.714 1.799 1.854 1.919 1.997 2.082 2.114 2.112 2.086 2.031 1.987 1.932 1.813 1.806 3.333 
6.500 80.000 -0.298 -0.040 0.315 0.501 0.727 1.014 1.185 1.376 1.480 1.605 1.671 1.758 1.814 1.881 1.963 2.052 2.087 2.084 2.056 1.997 1.951 1.892 1.766 1.758 3.285 
6.500 90.000 -0.328 -0.070 0.284 0.469 0.695 0.982 1.153 1.344 1.449 1.574 1.640 1.727 1.784 1.852 1.934 2.024 2.058 2.055 2.025 1.963 1.915 1.854 1.723 1.715 3.242 
6.500 100.000 -0.356 -0.098 0.256 0.441 0.666 0.953 1.124 1.315 1.419 1.544 1.611 1.699 1.755 1.824 1.906 1.996 2.031 2.025 1.994 1.930 1.881 1.818 1.683 1.674 3.202 
6.500 110.000 -0.381 -0.124 0.230 0.415 0.640 0.926 1.097 1.287 1.392 1.517 1.584 1.671 1.728 1.797 1.879 1.969 2.003 1.996 1.964 1.898 1.847 1.782 1.645 1.636 3.167 
6.500 120.000 -0.404 -0.148 0.206 0.390 0.615 0.901 1.071 1.262 1.366 1.491 1.558 1.645 1.702 1.770 1.853 1.942 1.975 1.967 1.933 1.866 1.814 1.748 1.608 1.599 3.134 
6.500 130.000 -0.427 -0.171 0.182 0.366 0.590 0.876 1.046 1.236 1.340 1.464 1.530 1.616 1.672 1.739 1.820 1.906 1.937 1.925 1.891 1.823 1.771 1.705 1.566 1.557 3.102 
6.500 140.000 -0.450 -0.194 0.158 0.342 0.566 0.851 1.021 1.210 1.314 1.437 1.502 1.588 1.643 1.709 1.787 1.870 1.899 1.885 1.850 1.781 1.729 1.664 1.526 1.517 3.071 
6.500 150.000 -0.473 -0.217 0.135 0.318 0.542 0.826 0.996 1.185 1.288 1.410 1.475 1.560 1.614 1.679 1.756 1.836 1.863 1.847 1.811 1.741 1.689 1.624 1.487 1.478 3.042 
6.500 175.000 -0.526 -0.271 0.079 0.262 0.485 0.768 0.937 1.124 1.226 1.346 1.408 1.490 1.541 1.602 1.673 1.745 1.766 1.743 1.706 1.636 1.585 1.521 1.389 1.381 2.970 
6.500 200.000 -0.575 -0.321 0.028 0.210 0.432 0.714 0.882 1.067 1.168 1.285 1.346 1.424 1.473 1.530 1.595 1.658 1.673 1.645 1.606 1.536 1.486 1.424 1.297 1.289 2.905 
6.500 250.000 -0.669 -0.417 -0.070 0.111 0.331 0.610 0.776 0.958 1.056 1.168 1.225 1.296 1.340 1.390 1.445 1.491 1.496 1.459 1.419 1.351 1.303 1.245 1.129 1.122 2.787 
6.500 300.000 -0.751 -0.501 -0.157 0.022 0.241 0.517 0.681 0.860 0.955 1.062 1.114 1.178 1.217 1.259 1.303 1.333 1.327 1.283 1.242 1.177 1.133 1.079 0.975 0.969 2.686 
6.500 350.000 -0.826 -0.577 -0.236 -0.058 0.159 0.432 0.594 0.770 0.861 0.962 1.010 1.067 1.100 1.134 1.166 1.179 1.165 1.114 1.073 1.012 0.971 0.923 0.830 0.825 2.598 
6.500 400.000 -0.895 -0.648 -0.309 -0.132 0.082 0.353 0.513 0.685 0.773 0.867 0.910 0.960 0.986 1.012 1.032 1.029 1.006 0.950 0.911 0.854 0.817 0.774 0.693 0.689 2.518 
6.500 450.000 -0.961 -0.716 -0.380 -0.205 0.008 0.276 0.434 0.602 0.687 0.774 0.812 0.852 0.873 0.890 0.898 0.878 0.847 0.787 0.750 0.699 0.666 0.628 0.558 0.554 2.439 
6.500 500.000 -1.023 -0.779 -0.446 -0.272 -0.061 0.204 0.359 0.523 0.604 0.684 0.716 0.748 0.762 0.770 0.765 0.729 0.690 0.628 0.593 0.547 0.519 0.487 0.427 0.424 2.366 
6.500 600.000 -1.122 -0.882 -0.554 -0.383 -0.177 0.081 0.229 0.381 0.451 0.507 0.522 0.527 0.521 0.504 0.467 0.399 0.352 0.307 0.291 0.275 0.265 0.252 0.225 0.223 2.235 
6.500 700.000 -1.225 -0.989 -0.665 -0.498 -0.295 -0.044 0.100 0.243 0.305 0.345 0.348 0.334 0.315 0.280 0.220 0.124 0.066 0.015 0.002 -0.008 -0.014 -0.022 -0.041 -0.042 2.113 
6.500 800.000 -1.317 -1.084 -0.766 -0.602 -0.403 -0.158 -0.020 0.114 0.166 0.187 0.177 0.143 0.109 0.055 -0.029 -0.152 -0.221 -0.273 -0.283 -0.286 -0.287 -0.289 -0.300 -0.301 2.004 
6.500 1000.000 -1.490 -1.264 -0.955 -0.796 -0.605 -0.373 -0.245 -0.130 -0.095 -0.108 -0.142 -0.215 -0.276 -0.366 -0.497 -0.675 -0.772 -0.843 -0.854 -0.855 -0.853 -0.851 -0.856 -0.856 1.804 
6.500 1200.000 -1.640 -1.420 -1.122 -0.969 -0.786 -0.566 -0.449 -0.354 -0.340 -0.390 -0.451 -0.564 -0.654 -0.779 -0.953 -1.180 -1.296 -1.375 -1.384 -1.379 -1.372 -1.367 -1.365 -1.365 1.622 
6.500 1500.000 -1.862 -1.652 -1.368 -1.223 -1.052 -0.852 -0.753 -0.690 -0.705 -0.814 -0.916 -1.089 -1.221 -1.399 -1.637 -1.931 -2.075 -2.168 -2.176 -2.165 -2.155 -2.145 -2.137 -2.137 1.367 
7.000 0.000 1.412 1.640 1.948 2.106 2.294 2.525 2.659 2.808 2.894 3.006 3.069 3.153 3.208 3.273 3.350 3.436 3.470 3.473 3.451 3.402 3.362 3.311 3.201 3.194 4.505 
7.000 1.000 1.402 1.630 1.938 2.096 2.283 2.514 2.649 2.797 2.883 2.995 3.058 3.142 3.195 3.260 3.337 3.422 3.456 3.459 3.438 3.390 3.351 3.300 3.193 3.186 4.459 
7.000 5.000 1.357 1.585 1.892 2.049 2.237 2.467 2.600 2.747 2.831 2.938 2.997 3.074 3.123 3.181 3.249 3.319 3.346 3.346 3.327 3.284 3.250 3.206 3.114 3.108 4.348 
7.000 10.000 1.258 1.485 1.792 1.949 2.136 2.365 2.497 2.642 2.723 2.824 2.879 2.950 2.994 3.044 3.100 3.156 3.176 3.172 3.155 3.119 3.090 3.052 2.973 2.969 4.227 
7.000 15.000 1.141 1.368 1.675 1.831 2.018 2.247 2.378 2.521 2.601 2.701 2.754 2.822 2.863 2.910 2.962 3.012 3.029 3.025 3.009 2.975 2.948 2.913 2.840 2.836 4.125 
7.000 20.000 1.025 1.252 1.558 1.715 1.901 2.130 2.261 2.404 2.484 2.583 2.636 2.703 2.744 2.790 2.842 2.890 2.905 2.898 2.881 2.846 2.819 2.783 2.709 2.705 4.031 
7.000 25.000 0.916 1.143 1.449 1.606 1.792 2.020 2.152 2.295 2.375 2.474 2.527 2.594 2.636 2.683 2.734 2.783 2.797 2.789 2.771 2.734 2.705 2.669 2.592 2.588 3.947 
7.000 30.000 0.816 1.043 1.349 1.505 1.692 1.920 2.051 2.195 2.275 2.375 2.429 2.497 2.539 2.587 2.640 2.690 2.704 2.695 2.675 2.636 2.606 2.568 2.488 2.483 3.874 
7.000 40.000 0.646 0.872 1.178 1.334 1.520 1.749 1.880 2.024 2.105 2.207 2.262 2.332 2.376 2.426 2.481 2.534 2.549 2.538 2.515 2.471 2.438 2.396 2.309 2.305 3.751 
7.000 50.000 0.511 0.737 1.042 1.198 1.384 1.612 1.744 1.888 1.970 2.072 2.128 2.200 2.245 2.297 2.354 2.410 2.426 2.413 2.388 2.342 2.306 2.262 2.170 2.165 3.655 
7.000 60.000 0.444 0.670 0.975 1.131 1.316 1.544 1.675 1.819 1.900 2.002 2.057 2.128 2.171 2.221 2.277 2.329 2.342 2.326 2.300 2.252 2.216 2.171 2.079 2.074 3.591 
7.000 70.000 0.386 0.612 0.916 1.072 1.257 1.485 1.617 1.762 1.844 1.949 2.006 2.080 2.127 2.182 2.243 2.303 2.319 2.303 2.275 2.221 2.181 2.131 2.029 2.023 3.536 
7.000 80.000 0.341 0.566 0.871 1.026 1.212 1.439 1.571 1.717 1.800 1.906 1.965 2.042 2.090 2.147 2.212 2.276 2.295 2.278 2.248 2.190 2.147 2.094 1.984 1.978 3.491 
7.000 90.000 0.310 0.536 0.839 0.995 1.180 1.407 1.539 1.685 1.768 1.875 1.934 2.012 2.061 2.119 2.185 2.251 2.269 2.251 2.219 2.159 2.114 2.058 1.943 1.937 3.450 
7.000 100.000 0.283 0.507 0.811 0.966 1.151 1.378 1.510 1.655 1.739 1.846 1.906 1.984 2.033 2.092 2.159 2.225 2.244 2.224 2.190 2.128 2.081 2.024 1.905 1.898 3.413 
7.000 110.000 0.257 0.481 0.784 0.939 1.124 1.351 1.483 1.628 1.711 1.819 1.879 1.957 2.007 2.066 2.133 2.199 2.218 2.196 2.161 2.097 2.049 1.990 1.869 1.861 3.380 
7.000 120.000 0.232 0.457 0.759 0.914 1.098 1.325 1.456 1.602 1.685 1.793 1.853 1.931 1.981 2.040 2.107 2.174 2.192 2.169 2.132 2.066 2.017 1.957 1.833 1.826 3.349 
7.000 130.000 0.209 0.433 0.735 0.889 1.074 1.300 1.431 1.576 1.659 1.766 1.825 1.903 1.952 2.010 2.075 2.139 2.155 2.130 2.093 2.027 1.978 1.918 1.794 1.787 3.318 
7.000 140.000 0.187 0.410 0.712 0.866 1.050 1.276 1.407 1.551 1.634 1.740 1.798 1.875 1.923 1.980 2.044 2.105 2.120 2.093 2.055 1.988 1.939 1.879 1.757 1.750 3.289 
7.000 150.000 0.164 0.387 0.688 0.842 1.026 1.251 1.382 1.526 1.608 1.714 1.772 1.848 1.895 1.951 2.014 2.072 2.085 2.056 2.018 1.951 1.902 1.842 1.720 1.713 3.262 
7.000 175.000 0.111 0.333 0.633 0.787 0.969 1.194 1.323 1.466 1.547 1.650 1.706 1.779 1.824 1.876 1.933 1.984 1.991 1.958 1.919 1.851 1.804 1.746 1.628 1.622 3.194 
7.000 200.000 0.063 0.284 0.583 0.736 0.918 1.141 1.270 1.411 1.490 1.591 1.645 1.714 1.757 1.805 1.857 1.899 1.902 1.864 1.824 1.757 1.710 1.654 1.542 1.535 3.132 
7.000 250.000 -0.030 0.190 0.486 0.637 0.818 1.038 1.166 1.304 1.381 1.476 1.526 1.589 1.626 1.668 1.709 1.737 1.730 1.685 1.645 1.581 1.537 1.485 1.383 1.377 3.020 
7.000 300.000 -0.111 0.107 0.400 0.551 0.729 0.948 1.073 1.208 1.282 1.371 1.417 1.473 1.505 1.539 1.570 1.582 1.567 1.516 1.476 1.415 1.375 1.327 1.236 1.231 2.927 
7.000 350.000 -0.185 0.031 0.323 0.471 0.648 0.864 0.988 1.119 1.190 1.274 1.315 1.363 1.389 1.415 1.435 1.431 1.407 1.352 1.313 1.257 1.220 1.178 1.097 1.093 2.843 
7.000 400.000 -0.253 -0.038 0.251 0.398 0.574 0.787 0.908 1.037 1.104 1.181 1.217 1.257 1.277 1.295 1.303 1.283 1.252 1.193 1.156 1.105 1.072 1.035 0.965 0.961 2.768 
7.000 450.000 -0.317 -0.104 0.182 0.329 0.502 0.713 0.832 0.957 1.021 1.090 1.121 1.153 1.166 1.175 1.171 1.136 1.097 1.036 1.001 0.956 0.928 0.895 0.835 0.832 2.695 
7.000 500.000 -0.377 -0.166 0.119 0.263 0.435 0.643 0.760 0.881 0.941 1.003 1.028 1.050 1.058 1.057 1.040 0.990 0.945 0.882 0.850 0.811 0.787 0.760 0.710 0.707 2.627 
7.000 600.000 -0.473 -0.265 0.014 0.156 0.323 0.524 0.635 0.744 0.793 0.831 0.839 0.835 0.823 0.797 0.750 0.670 0.619 0.573 0.559 0.547 0.539 0.529 0.507 0.506 2.503 
7.000 700.000 -0.573 -0.368 -0.094 0.045 0.209 0.405 0.511 0.611 0.652 0.674 0.670 0.647 0.622 0.579 0.509 0.403 0.340 0.290 0.279 0.272 0.269 0.263 0.248 0.248 2.389 
7.000 800.000 -0.664 -0.463 -0.193 -0.057 0.103 0.293 0.394 0.485 0.517 0.522 0.505 0.463 0.424 0.363 0.271 0.138 0.066 0.012 0.003 0.003 0.003 0.002 -0.007 -0.008 2.285 
7.000 1000.000 -0.835 -0.640 -0.380 -0.248 -0.095 0.083 0.175 0.250 0.265 0.237 0.197 0.118 0.053 -0.042 -0.180 -0.366 -0.466 -0.540 -0.552 -0.552 -0.550 -0.548 -0.552 -0.552 2.097 
7.000 1200.000 -0.983 -0.794 -0.543 -0.417 -0.271 -0.105 -0.024 0.031 0.027 -0.039 -0.106 -0.225 -0.319 -0.450 -0.631 -0.866 -0.985 -1.067 -1.077 -1.071 -1.065 -1.059 -1.056 -1.056 1.923 
7.000 1500.000 -1.208 -1.028 -0.790 -0.672 -0.536 -0.387 -0.322 -0.295 -0.327 -0.446 -0.551 -0.727 -0.860 -1.040 -1.281 -1.584 -1.734 -1.835 -1.847 -1.840 -1.831 -1.822 -1.816 -1.816 1.681 
7.500 0.000 1.771 1.961 2.214 2.341 2.489 2.668 2.772 2.891 2.965 3.070 3.131 3.212 3.264 3.326 3.399 3.476 3.504 3.500 3.475 3.423 3.382 3.331 3.222 3.215 4.572 
7.500 1.000 1.766 1.956 2.209 2.336 2.484 2.663 2.766 2.885 2.959 3.064 3.124 3.205 3.257 3.318 3.390 3.466 3.494 3.489 3.465 3.414 3.374 3.323 3.216 3.209 4.526 
7.500 5.000 1.740 1.930 2.182 2.309 2.457 2.635 2.737 2.854 2.926 3.025 3.082 3.156 3.202 3.256 3.317 3.378 3.398 3.388 3.365 3.319 3.284 3.239 3.146 3.140 4.430 
7.500 10.000 1.677 1.867 2.119 2.245 2.392 2.569 2.670 2.784 2.853 2.946 2.998 3.064 3.104 3.149 3.197 3.241 3.251 3.237 3.216 3.176 3.145 3.107 3.028 3.024 4.331 
7.500 15.000 1.594 1.784 2.036 2.162 2.309 2.485 2.585 2.697 2.765 2.854 2.903 2.965 3.002 3.042 3.084 3.119 3.125 3.109 3.090 3.053 3.026 2.991 2.919 2.915 4.242 
7.500 20.000 1.506 1.695 1.947 2.072 2.219 2.395 2.495 2.607 2.673 2.762 2.810 2.870 2.905 2.944 2.984 3.014 3.018 3.000 2.980 2.944 2.917 2.882 2.812 2.809 4.163 
7.500 25.000 1.417 1.606 1.857 1.983 2.130 2.305 2.405 2.517 2.583 2.672 2.720 2.779 2.815 2.854 2.893 2.923 2.926 2.907 2.886 2.848 2.821 2.786 2.715 2.711 4.092 
7.500 30.000 1.331 1.521 1.772 1.897 2.044 2.219 2.319 2.431 2.498 2.587 2.635 2.696 2.731 2.771 2.811 2.842 2.844 2.824 2.802 2.763 2.735 2.699 2.625 2.621 4.028 
7.500 40.000 1.180 1.369 1.619 1.745 1.891 2.067 2.167 2.279 2.347 2.437 2.487 2.549 2.586 2.627 2.670 2.703 2.707 2.685 2.660 2.617 2.586 2.547 2.469 2.464 3.921 
7.500 50.000 1.064 1.252 1.503 1.628 1.774 1.950 2.050 2.163 2.230 2.321 2.372 2.435 2.473 2.515 2.560 2.595 2.599 2.576 2.550 2.505 2.472 2.432 2.350 2.346 3.837 
7.500 60.000 1.001 1.189 1.439 1.564 1.710 1.885 1.985 2.097 2.165 2.255 2.305 2.367 2.405 2.446 2.489 2.522 2.523 2.498 2.471 2.425 2.391 2.350 2.268 2.264 3.778 
7.500 70.000 0.945 1.134 1.383 1.508 1.654 1.830 1.930 2.043 2.112 2.206 2.258 2.324 2.365 2.411 2.459 2.499 2.505 2.478 2.448 2.397 2.360 2.314 2.223 2.217 3.727 
7.500 80.000 0.903 1.091 1.340 1.465 1.611 1.787 1.887 2.001 2.071 2.166 2.220 2.289 2.331 2.379 2.432 2.476 2.483 2.456 2.424 2.368 2.328 2.279 2.181 2.175 3.685 
7.500 90.000 0.874 1.061 1.310 1.435 1.581 1.756 1.857 1.971 2.041 2.137 2.191 2.261 2.304 2.354 2.407 2.453 2.460 2.431 2.398 2.339 2.297 2.246 2.143 2.137 3.648 
7.500 100.000 0.847 1.034 1.283 1.407 1.553 1.728 1.829 1.943 2.013 2.110 2.164 2.235 2.279 2.329 2.383 2.430 2.437 2.406 2.371 2.310 2.267 2.214 2.107 2.101 3.613 
7.500 110.000 0.821 1.009 1.257 1.381 1.527 1.702 1.802 1.917 1.987 2.084 2.138 2.209 2.253 2.304 2.358 2.406 2.412 2.381 2.344 2.281 2.236 2.182 2.072 2.066 3.582 
7.500 120.000 0.798 0.985 1.233 1.357 1.502 1.677 1.777 1.892 1.962 2.059 2.114 2.185 2.229 2.279 2.334 2.382 2.388 2.354 2.317 2.252 2.206 2.151 2.039 2.033 3.553 
7.500 130.000 0.775 0.962 1.209 1.333 1.478 1.652 1.753 1.866 1.936 2.033 2.087 2.157 2.201 2.250 2.304 2.349 2.354 2.319 2.281 2.216 2.170 2.114 2.003 1.997 3.524 
7.500 140.000 0.752 0.939 1.185 1.309 1.454 1.628 1.728 1.842 1.911 2.007 2.061 2.130 2.173 2.222 2.274 2.317 2.321 2.284 2.245 2.180 2.134 2.079 1.969 1.962 3.497 
7.500 150.000 0.729 0.915 1.162 1.285 1.430 1.604 1.703 1.817 1.886 1.981 2.034 2.103 2.145 2.193 2.244 2.286 2.288 2.250 2.211 2.146 2.100 2.045 1.935 1.928 3.472 
7.500 175.000 0.676 0.862 1.107 1.230 1.374 1.547 1.646 1.758 1.826 1.918 1.970 2.036 2.076 2.120 2.167 2.201 2.199 2.157 2.117 2.053 2.008 1.954 1.849 1.843 3.407 
7.500 200.000 0.628 0.813 1.057 1.179 1.323 1.494 1.592 1.703 1.770 1.860 1.909 1.972 2.010 2.051 2.092 2.120 2.113 2.068 2.028 1.964 1.921 1.869 1.767 1.762 3.348 
7.500 250.000 0.538 0.721 0.964 1.085 1.227 1.396 1.493 1.601 1.665 1.750 1.795 1.851 1.884 1.918 1.949 1.962 1.947 1.897 1.857 1.797 1.756 1.709 1.617 1.612 3.244 
7.500 300.000 0.460 0.641 0.881 1.002 1.142 1.309 1.404 1.509 1.570 1.649 1.690 1.739 1.766 1.792 1.813 1.811 1.788 1.733 1.694 1.638 1.602 1.559 1.477 1.473 3.155 
7.500 350.000 0.388 0.568 0.806 0.925 1.064 1.229 1.322 1.423 1.481 1.554 1.590 1.631 1.652 1.671 1.680 1.663 1.633 1.575 1.538 1.487 1.454 1.416 1.345 1.341 3.077 
7.500 400.000 0.321 0.500 0.736 0.854 0.991 1.154 1.245 1.343 1.398 1.463 1.494 1.527 1.542 1.552 1.550 1.518 1.481 1.421 1.386 1.340 1.312 1.279 1.217 1.214 3.006 
7.500 450.000 0.258 0.435 0.669 0.786 0.922 1.082 1.171 1.266 1.317 1.375 1.401 1.425 1.434 1.435 1.421 1.375 1.331 1.269 1.237 1.198 1.173 1.145 1.093 1.091 2.938 
7.500 500.000 0.200 0.375 0.607 0.723 0.857 1.015 1.102 1.192 1.239 1.290 1.310 1.325 1.327 1.319 1.293 1.233 1.183 1.121 1.092 1.059 1.038 1.015 0.972 0.970 2.875 
7.500 600.000 0.103 0.275 0.502 0.615 0.745 0.897 0.978 1.057 1.093 1.121 1.125 1.115 1.098 1.067 1.013 0.924 0.870 0.824 0.811 0.802 0.796 0.788 0.768 0.767 2.761 
7.500 700.000 0.002 0.171 0.394 0.505 0.632 0.778 0.855 0.927 0.955 0.968 0.960 0.932 0.903 0.856 0.780 0.667 0.602 0.550 0.540 0.535 0.533 0.528 0.515 0.515 2.655 
7.500 800.000 -0.091 0.075 0.294 0.402 0.526 0.668 0.740 0.804 0.824 0.820 0.801 0.755 0.713 0.648 0.551 0.413 0.337 0.280 0.271 0.269 0.270 0.268 0.260 0.260 2.557 
7.500 1000.000 -0.263 -0.102 0.109 0.212 0.330 0.461 0.526 0.573 0.577 0.542 0.499 0.418 0.350 0.252 0.112 -0.080 -0.182 -0.258 -0.271 -0.272 -0.270 -0.269 -0.272 -0.272 2.383 
7.500 1200.000 -0.414 -0.258 -0.056 0.043 0.154 0.275 0.330 0.359 0.345 0.275 0.207 0.088 -0.006 -0.137 -0.318 -0.554 -0.674 -0.758 -0.769 -0.765 -0.759 -0.753 -0.751 -0.752 2.217 
7.500 1500.000 -0.639 -0.492 -0.302 -0.210 -0.108 -0.003 0.037 0.039 -0.001 -0.125 -0.230 -0.406 -0.540 -0.721 -0.964 -1.272 -1.427 -1.535 -1.551 -1.547 -1.540 -1.532 -1.527 -1.527 1.986 
7.800 0.000 1.958 2.126 2.346 2.456 2.583 2.736 2.825 2.932 3.002 3.104 3.164 3.243 3.294 3.354 3.424 3.496 3.521 3.512 3.486 3.432 3.391 3.339 3.231 3.225 4.611 
7.800 1.000 1.955 2.123 2.343 2.452 2.579 2.732 2.821 2.928 2.997 3.099 3.159 3.238 3.288 3.347 3.416 3.488 3.512 3.503 3.477 3.424 3.383 3.332 3.225 3.219 4.567 
7.800 5.000 1.936 2.103 2.323 2.432 2.559 2.710 2.799 2.903 2.970 3.067 3.122 3.194 3.239 3.291 3.349 3.405 3.421 3.406 3.381 3.333 3.297 3.251 3.158 3.153 4.478 
7.800 10.000 1.888 2.056 2.275 2.384 2.510 2.660 2.747 2.848 2.913 3.002 3.052 3.116 3.154 3.197 3.241 3.277 3.283 3.263 3.239 3.197 3.166 3.127 3.049 3.044 4.390 
7.800 15.000 1.822 1.989 2.208 2.317 2.442 2.592 2.678 2.778 2.840 2.926 2.973 3.032 3.066 3.104 3.141 3.167 3.168 3.146 3.124 3.085 3.057 3.022 2.950 2.947 4.312 
7.800 20.000 1.748 1.915 2.134 2.242 2.367 2.517 2.602 2.701 2.763 2.847 2.893 2.949 2.982 3.017 3.051 3.073 3.071 3.047 3.025 2.988 2.960 2.926 2.857 2.853 4.243 
7.800 25.000 1.671 1.838 2.056 2.164 2.290 2.439 2.524 2.623 2.684 2.768 2.814 2.870 2.902 2.937 2.970 2.990 2.987 2.962 2.940 2.902 2.874 2.840 2.771 2.767 4.180 
7.800 30.000 1.596 1.762 1.981 2.089 2.214 2.363 2.449 2.547 2.609 2.693 2.739 2.795 2.828 2.862 2.896 2.917 2.913 2.887 2.864 2.825 2.796 2.761 2.691 2.687 4.123 
7.800 40.000 1.455 1.622 1.840 1.948 2.073 2.222 2.308 2.407 2.469 2.554 2.601 2.659 2.693 2.730 2.766 2.789 2.786 2.759 2.733 2.691 2.660 2.623 2.548 2.544 4.024 
7.800 50.000 1.353 1.519 1.737 1.845 1.970 2.119 2.205 2.304 2.366 2.452 2.499 2.558 2.593 2.630 2.666 2.691 2.689 2.661 2.635 2.591 2.560 2.521 2.445 2.441 3.947 
7.800 60.000 1.293 1.459 1.676 1.784 1.909 2.057 2.143 2.242 2.304 2.389 2.436 2.494 2.528 2.565 2.600 2.623 2.619 2.589 2.561 2.516 2.485 2.446 2.369 2.364 3.892 
7.800 70.000 1.240 1.406 1.623 1.731 1.855 2.004 2.090 2.191 2.254 2.343 2.392 2.454 2.491 2.532 2.573 2.603 2.602 2.571 2.541 2.491 2.455 2.412 2.326 2.321 3.844 
7.800 80.000 1.200 1.365 1.582 1.690 1.815 1.964 2.050 2.151 2.215 2.306 2.356 2.421 2.460 2.503 2.548 2.582 2.583 2.550 2.518 2.464 2.425 2.379 2.286 2.281 3.804 
7.800 90.000 1.171 1.336 1.553 1.660 1.785 1.934 2.020 2.121 2.186 2.277 2.329 2.394 2.434 2.478 2.525 2.561 2.561 2.527 2.493 2.436 2.396 2.347 2.250 2.245 3.768 
7.800 100.000 1.145 1.310 1.526 1.633 1.758 1.907 1.993 2.094 2.159 2.251 2.303 2.369 2.409 2.454 2.502 2.539 2.539 2.504 2.468 2.408 2.366 2.316 2.216 2.210 3.735 
7.800 110.000 1.120 1.285 1.501 1.608 1.732 1.881 1.967 2.068 2.133 2.225 2.277 2.344 2.385 2.430 2.478 2.516 2.516 2.479 2.442 2.380 2.337 2.285 2.182 2.177 3.705 
7.800 120.000 1.097 1.261 1.477 1.584 1.708 1.856 1.942 2.044 2.109 2.201 2.253 2.320 2.361 2.407 2.455 2.492 2.492 2.454 2.416 2.353 2.309 2.255 2.150 2.144 3.677 
7.800 130.000 1.074 1.238 1.453 1.560 1.684 1.832 1.918 2.019 2.084 2.175 2.227 2.293 2.334 2.379 2.426 2.461 2.460 2.420 2.381 2.318 2.274 2.221 2.117 2.111 3.649 
7.800 140.000 1.052 1.216 1.430 1.537 1.661 1.809 1.894 1.995 2.059 2.150 2.201 2.267 2.307 2.351 2.397 2.430 2.428 2.387 2.348 2.285 2.240 2.188 2.084 2.078 3.623 
7.800 150.000 1.029 1.193 1.407 1.514 1.637 1.785 1.870 1.971 2.035 2.125 2.176 2.241 2.280 2.323 2.368 2.400 2.396 2.354 2.315 2.251 2.207 2.155 2.051 2.046 3.598 
7.800 175.000 0.978 1.141 1.354 1.460 1.583 1.730 1.814 1.913 1.976 2.064 2.113 2.175 2.212 2.252 2.292 2.318 2.310 2.265 2.225 2.163 2.120 2.069 1.969 1.964 3.536 
7.800 200.000 0.930 1.093 1.305 1.410 1.533 1.678 1.762 1.860 1.922 2.007 2.054 2.113 2.147 2.184 2.220 2.238 2.226 2.178 2.138 2.077 2.036 1.986 1.891 1.886 3.479 
7.800 250.000 0.841 1.002 1.213 1.317 1.438 1.582 1.664 1.759 1.818 1.898 1.941 1.993 2.023 2.053 2.078 2.083 2.064 2.011 1.973 1.915 1.877 1.832 1.747 1.742 3.380 
7.800 300.000 0.763 0.922 1.131 1.234 1.354 1.495 1.576 1.668 1.724 1.798 1.837 1.882 1.906 1.929 1.943 1.934 1.908 1.852 1.814 1.761 1.727 1.687 1.611 1.607 3.294 
7.800 350.000 0.691 0.849 1.056 1.158 1.276 1.416 1.495 1.584 1.637 1.704 1.738 1.775 1.794 1.808 1.812 1.789 1.755 1.697 1.661 1.614 1.583 1.548 1.482 1.479 3.219 
7.800 400.000 0.625 0.782 0.986 1.087 1.204 1.342 1.419 1.504 1.554 1.615 1.643 1.672 1.685 1.691 1.684 1.646 1.606 1.546 1.513 1.471 1.444 1.414 1.358 1.355 3.151 
7.800 450.000 0.562 0.717 0.920 1.020 1.135 1.271 1.346 1.428 1.474 1.527 1.551 1.571 1.577 1.575 1.556 1.504 1.459 1.398 1.368 1.331 1.309 1.284 1.236 1.234 3.086 
7.800 500.000 0.504 0.657 0.858 0.957 1.071 1.204 1.277 1.355 1.397 1.443 1.461 1.472 1.471 1.460 1.430 1.364 1.313 1.252 1.226 1.195 1.177 1.156 1.117 1.115 3.026 
7.800 600.000 0.406 0.557 0.753 0.850 0.960 1.087 1.155 1.222 1.253 1.278 1.279 1.266 1.248 1.214 1.157 1.065 1.010 0.963 0.952 0.943 0.938 0.931 0.913 0.912 2.915 
7.800 700.000 0.305 0.454 0.646 0.741 0.848 0.970 1.034 1.094 1.118 1.127 1.117 1.087 1.056 1.007 0.928 0.812 0.745 0.693 0.683 0.679 0.677 0.673 0.661 0.660 2.813 
7.800 800.000 0.214 0.359 0.548 0.640 0.745 0.862 0.922 0.973 0.988 0.980 0.959 0.910 0.866 0.799 0.699 0.558 0.481 0.424 0.415 0.415 0.416 0.415 0.408 0.407 2.718 
7.800 1000.000 0.042 0.182 0.364 0.452 0.550 0.658 0.710 0.745 0.745 0.706 0.662 0.578 0.509 0.409 0.266 0.073 -0.030 -0.106 -0.119 -0.119 -0.116 -0.115 -0.117 -0.118 2.550 
7.800 1200.000 -0.112 0.023 0.197 0.281 0.374 0.472 0.515 0.534 0.518 0.447 0.380 0.261 0.168 0.038 -0.144 -0.382 -0.505 -0.594 -0.607 -0.605 -0.601 -0.596 -0.595 -0.595 2.389 
7.800 1500.000 -0.338 -0.210 -0.047 0.030 0.114 0.198 0.227 0.220 0.177 0.053 -0.051 -0.226 -0.359 -0.539 -0.782 -1.092 -1.250 -1.363 -1.381 -1.380 -1.374 -1.368 -1.363 -1.363 2.165 
8.000 0.000 2.070 2.223 2.422 2.521 2.635 2.773 2.855 2.955 3.023 3.123 3.183 3.261 3.311 3.370 3.438 3.508 3.531 3.520 3.492 3.438 3.396 3.344 3.236 3.229 4.636 
8.000 1.000 2.064 2.217 2.417 2.515 2.629 2.767 2.849 2.949 3.016 3.117 3.176 3.255 3.304 3.363 3.431 3.500 3.523 3.512 3.485 3.431 3.389 3.338 3.230 3.224 4.593 
8.000 5.000 2.047 2.200 2.399 2.497 2.611 2.748 2.828 2.926 2.992 3.087 3.142 3.214 3.259 3.310 3.367 3.421 3.435 3.418 3.391 3.342 3.305 3.258 3.164 3.158 4.509 
8.000 10.000 2.010 2.162 2.361 2.459 2.572 2.708 2.787 2.881 2.944 3.032 3.081 3.144 3.181 3.223 3.266 3.299 3.302 3.279 3.253 3.209 3.177 3.138 3.058 3.054 4.429 
8.000 15.000 1.955 2.107 2.306 2.403 2.516 2.651 2.729 2.822 2.882 2.966 3.012 3.069 3.103 3.138 3.172 3.194 3.192 3.165 3.141 3.101 3.072 3.036 2.964 2.961 4.357 
8.000 20.000 1.890 2.042 2.240 2.338 2.451 2.585 2.662 2.754 2.814 2.896 2.940 2.995 3.026 3.059 3.089 3.106 3.100 3.073 3.049 3.010 2.982 2.948 2.879 2.875 4.293 
8.000 25.000 1.821 1.973 2.171 2.268 2.381 2.515 2.592 2.684 2.743 2.824 2.868 2.922 2.952 2.984 3.013 3.028 3.022 2.993 2.969 2.930 2.902 2.868 2.800 2.797 4.235 
8.000 30.000 1.753 1.905 2.102 2.200 2.312 2.446 2.523 2.615 2.674 2.755 2.799 2.853 2.884 2.916 2.945 2.959 2.952 2.923 2.898 2.859 2.830 2.796 2.727 2.723 4.183 
8.000 40.000 1.620 1.772 1.969 2.066 2.179 2.312 2.390 2.482 2.542 2.624 2.669 2.725 2.757 2.790 2.822 2.839 2.833 2.802 2.775 2.733 2.703 2.666 2.594 2.590 4.089 
8.000 50.000 1.529 1.681 1.878 1.975 2.087 2.221 2.298 2.390 2.450 2.532 2.578 2.633 2.665 2.699 2.731 2.749 2.742 2.711 2.685 2.642 2.612 2.575 2.502 2.498 4.018 
8.000 60.000 1.471 1.622 1.819 1.916 2.028 2.161 2.239 2.330 2.390 2.472 2.517 2.572 2.604 2.637 2.668 2.684 2.676 2.643 2.615 2.572 2.541 2.503 2.429 2.426 3.965 
8.000 70.000 1.420 1.571 1.768 1.865 1.977 2.110 2.188 2.281 2.342 2.427 2.475 2.534 2.569 2.606 2.643 2.666 2.661 2.626 2.596 2.547 2.513 2.471 2.389 2.384 3.920 
8.000 80.000 1.382 1.532 1.729 1.826 1.938 2.071 2.150 2.243 2.305 2.392 2.441 2.502 2.539 2.579 2.619 2.646 2.642 2.607 2.574 2.521 2.484 2.439 2.351 2.346 3.881 
8.000 90.000 1.353 1.504 1.700 1.797 1.909 2.042 2.121 2.215 2.276 2.365 2.414 2.477 2.514 2.555 2.597 2.626 2.622 2.585 2.550 2.495 2.456 2.409 2.316 2.311 3.846 
8.000 100.000 1.327 1.478 1.673 1.770 1.882 2.015 2.094 2.188 2.250 2.339 2.388 2.452 2.490 2.532 2.575 2.604 2.601 2.562 2.526 2.468 2.427 2.379 2.283 2.277 3.814 
8.000 110.000 1.303 1.453 1.648 1.744 1.856 1.990 2.068 2.162 2.224 2.313 2.364 2.428 2.466 2.508 2.552 2.582 2.578 2.538 2.501 2.441 2.399 2.349 2.250 2.245 3.784 
8.000 120.000 1.280 1.429 1.624 1.721 1.832 1.966 2.044 2.138 2.200 2.290 2.340 2.404 2.443 2.485 2.529 2.560 2.556 2.514 2.476 2.414 2.371 2.320 2.219 2.214 3.757 
8.000 130.000 1.257 1.407 1.601 1.698 1.809 1.942 2.020 2.114 2.176 2.264 2.314 2.378 2.416 2.458 2.500 2.529 2.524 2.482 2.443 2.381 2.338 2.287 2.187 2.181 3.730 
8.000 140.000 1.235 1.385 1.579 1.675 1.786 1.919 1.997 2.090 2.152 2.240 2.289 2.352 2.390 2.431 2.472 2.499 2.493 2.449 2.410 2.348 2.306 2.255 2.155 2.150 3.704 
8.000 150.000 1.213 1.362 1.556 1.652 1.763 1.896 1.973 2.066 2.128 2.215 2.264 2.326 2.363 2.404 2.444 2.470 2.462 2.418 2.378 2.316 2.274 2.223 2.124 2.119 3.681 
8.000 175.000 1.163 1.311 1.504 1.599 1.710 1.841 1.918 2.010 2.070 2.155 2.203 2.262 2.297 2.334 2.370 2.389 2.378 2.330 2.291 2.230 2.189 2.140 2.045 2.040 3.620 
8.000 200.000 1.116 1.264 1.456 1.551 1.660 1.791 1.867 1.958 2.017 2.099 2.145 2.201 2.233 2.267 2.298 2.311 2.296 2.246 2.206 2.147 2.107 2.060 1.969 1.964 3.564 
8.000 250.000 1.027 1.174 1.364 1.458 1.566 1.695 1.770 1.858 1.914 1.991 2.033 2.082 2.110 2.137 2.158 2.158 2.136 2.082 2.044 1.989 1.952 1.909 1.828 1.824 3.469 
8.000 300.000 0.949 1.094 1.283 1.375 1.482 1.609 1.683 1.768 1.821 1.892 1.929 1.971 1.993 2.013 2.024 2.010 1.981 1.925 1.888 1.838 1.805 1.767 1.695 1.692 3.385 
8.000 350.000 0.877 1.021 1.208 1.300 1.406 1.531 1.602 1.684 1.734 1.799 1.831 1.865 1.882 1.894 1.894 1.866 1.831 1.772 1.738 1.693 1.664 1.631 1.568 1.565 3.312 
8.000 400.000 0.811 0.954 1.139 1.230 1.334 1.457 1.527 1.605 1.652 1.710 1.737 1.763 1.773 1.777 1.766 1.724 1.683 1.624 1.592 1.552 1.528 1.499 1.446 1.444 3.246 
8.000 450.000 0.749 0.890 1.073 1.163 1.266 1.387 1.454 1.529 1.572 1.623 1.644 1.662 1.666 1.662 1.640 1.584 1.538 1.478 1.449 1.415 1.395 1.371 1.326 1.324 3.183 
8.000 500.000 0.690 0.830 1.011 1.100 1.202 1.320 1.386 1.457 1.496 1.539 1.555 1.564 1.561 1.548 1.514 1.446 1.394 1.334 1.309 1.281 1.265 1.245 1.209 1.207 3.124 
8.000 600.000 0.592 0.729 0.907 0.993 1.092 1.204 1.265 1.325 1.354 1.376 1.376 1.361 1.341 1.306 1.247 1.153 1.097 1.051 1.040 1.033 1.028 1.022 1.005 1.004 3.015 
8.000 700.000 0.492 0.627 0.800 0.885 0.980 1.089 1.145 1.199 1.220 1.227 1.216 1.184 1.152 1.101 1.021 0.902 0.835 0.783 0.773 0.769 0.767 0.764 0.752 0.752 2.916 
8.000 800.000 0.396 0.528 0.699 0.781 0.874 0.978 1.031 1.078 1.093 1.086 1.065 1.018 0.974 0.907 0.806 0.658 0.574 0.506 0.491 0.484 0.482 0.478 0.468 0.467 2.823 
8.000 1000.000 0.226 0.353 0.516 0.595 0.682 0.777 0.822 0.853 0.852 0.814 0.771 0.689 0.620 0.522 0.380 0.186 0.080 0.000 -0.015 -0.018 -0.017 -0.016 -0.021 -0.021 2.659 
8.000 1200.000 0.073 0.195 0.352 0.426 0.508 0.594 0.630 0.645 0.627 0.556 0.490 0.372 0.278 0.148 -0.034 -0.273 -0.398 -0.490 -0.505 -0.505 -0.501 -0.497 -0.497 -0.497 2.501 
8.000 1500.000 -0.158 -0.042 0.104 0.173 0.247 0.319 0.343 0.333 0.291 0.173 0.072 -0.098 -0.228 -0.405 -0.647 -0.958 -1.120 -1.241 -1.264 -1.267 -1.263 -1.259 -1.256 -1.256 2.281 
8.200 0.000 2.174 2.313 2.493 2.581 2.684 2.809 2.884 2.978 3.045 3.144 3.202 3.280 3.329 3.387 3.453 3.519 3.539 3.525 3.497 3.441 3.400 3.348 3.239 3.233 4.659 
8.200 1.000 2.163 2.302 2.482 2.571 2.673 2.798 2.873 2.968 3.034 3.134 3.192 3.270 3.320 3.378 3.445 3.512 3.533 3.520 3.491 3.436 3.394 3.342 3.233 3.227 4.617 
8.200 5.000 2.148 2.286 2.466 2.554 2.656 2.780 2.854 2.947 3.011 3.105 3.160 3.232 3.276 3.327 3.383 3.435 3.448 3.428 3.400 3.349 3.311 3.264 3.168 3.162 4.538 
8.200 10.000 2.120 2.259 2.438 2.526 2.627 2.749 2.822 2.911 2.972 3.059 3.108 3.170 3.206 3.247 3.288 3.318 3.318 3.292 3.265 3.219 3.186 3.146 3.065 3.061 4.465 
8.200 15.000 2.080 2.218 2.396 2.484 2.585 2.707 2.778 2.865 2.923 3.005 3.050 3.106 3.137 3.171 3.202 3.218 3.211 3.181 3.155 3.113 3.083 3.047 2.975 2.972 4.400 
8.200 20.000 2.024 2.162 2.340 2.428 2.529 2.650 2.721 2.807 2.864 2.943 2.986 3.038 3.068 3.097 3.124 3.134 3.124 3.092 3.066 3.027 2.999 2.964 2.896 2.893 4.341 
8.200 25.000 1.963 2.101 2.279 2.366 2.467 2.587 2.658 2.744 2.800 2.879 2.921 2.972 3.000 3.029 3.053 3.061 3.050 3.017 2.992 2.953 2.925 2.891 2.825 2.821 4.289 
8.200 30.000 1.902 2.039 2.217 2.304 2.405 2.525 2.596 2.682 2.738 2.816 2.858 2.909 2.937 2.966 2.990 2.997 2.985 2.951 2.926 2.886 2.858 2.824 2.758 2.754 4.241 
8.200 40.000 1.777 1.914 2.092 2.179 2.280 2.400 2.471 2.557 2.614 2.694 2.737 2.789 2.819 2.849 2.875 2.886 2.875 2.842 2.815 2.774 2.745 2.709 2.640 2.636 4.155 
8.200 50.000 1.698 1.835 2.012 2.100 2.200 2.320 2.391 2.476 2.533 2.612 2.655 2.707 2.736 2.765 2.791 2.800 2.789 2.755 2.729 2.688 2.659 2.624 2.555 2.551 4.088 
8.200 60.000 1.642 1.779 1.956 2.043 2.143 2.263 2.333 2.419 2.475 2.554 2.597 2.648 2.677 2.706 2.731 2.739 2.726 2.690 2.663 2.621 2.591 2.556 2.486 2.483 4.037 
8.200 70.000 1.593 1.729 1.906 1.993 2.094 2.214 2.285 2.372 2.430 2.512 2.557 2.612 2.644 2.677 2.708 2.722 2.713 2.675 2.645 2.598 2.565 2.525 2.448 2.443 3.994 
8.200 80.000 1.556 1.692 1.869 1.956 2.056 2.177 2.248 2.336 2.394 2.478 2.524 2.582 2.616 2.651 2.685 2.704 2.696 2.657 2.624 2.573 2.538 2.495 2.412 2.407 3.957 
8.200 90.000 1.528 1.664 1.841 1.927 2.028 2.148 2.219 2.307 2.366 2.451 2.498 2.557 2.592 2.629 2.664 2.685 2.677 2.636 2.602 2.548 2.510 2.465 2.378 2.373 3.922 
8.200 100.000 1.502 1.638 1.814 1.901 2.001 2.122 2.193 2.281 2.340 2.426 2.473 2.533 2.568 2.606 2.643 2.665 2.656 2.614 2.578 2.522 2.483 2.437 2.346 2.341 3.891 
8.200 110.000 1.478 1.613 1.790 1.876 1.976 2.096 2.168 2.256 2.315 2.401 2.449 2.510 2.545 2.584 2.621 2.643 2.635 2.592 2.554 2.496 2.456 2.408 2.315 2.310 3.863 
8.200 120.000 1.455 1.590 1.766 1.853 1.953 2.073 2.144 2.232 2.292 2.378 2.426 2.487 2.522 2.561 2.599 2.621 2.613 2.568 2.530 2.470 2.428 2.380 2.284 2.279 3.836 
8.200 130.000 1.433 1.568 1.744 1.830 1.930 2.049 2.120 2.208 2.268 2.353 2.401 2.461 2.496 2.534 2.571 2.592 2.582 2.537 2.498 2.438 2.397 2.348 2.253 2.248 3.810 
8.200 140.000 1.411 1.546 1.721 1.808 1.907 2.027 2.098 2.185 2.244 2.329 2.376 2.436 2.470 2.508 2.544 2.563 2.552 2.506 2.467 2.407 2.366 2.317 2.223 2.218 3.785 
8.200 150.000 1.390 1.524 1.699 1.785 1.885 2.004 2.075 2.162 2.221 2.305 2.352 2.410 2.445 2.481 2.516 2.534 2.522 2.475 2.436 2.376 2.335 2.287 2.193 2.188 3.762 
8.200 175.000 1.340 1.474 1.648 1.733 1.832 1.951 2.021 2.107 2.164 2.246 2.291 2.347 2.379 2.412 2.443 2.454 2.439 2.390 2.351 2.292 2.253 2.206 2.117 2.112 3.702 
8.200 200.000 1.294 1.428 1.601 1.686 1.784 1.901 1.971 2.055 2.112 2.191 2.234 2.287 2.316 2.347 2.372 2.378 2.359 2.307 2.268 2.211 2.173 2.128 2.043 2.039 3.647 
8.200 250.000 1.206 1.338 1.510 1.594 1.691 1.806 1.874 1.956 2.010 2.084 2.123 2.169 2.194 2.218 2.234 2.226 2.201 2.147 2.109 2.057 2.022 1.982 1.906 1.902 3.555 
8.200 300.000 1.128 1.259 1.429 1.512 1.608 1.721 1.788 1.867 1.917 1.985 2.020 2.059 2.078 2.095 2.101 2.080 2.049 1.992 1.957 1.909 1.878 1.843 1.776 1.773 3.474 
8.200 350.000 1.056 1.186 1.355 1.437 1.531 1.643 1.708 1.784 1.831 1.893 1.922 1.954 1.967 1.976 1.971 1.937 1.900 1.842 1.809 1.767 1.740 1.709 1.652 1.649 3.404 
8.200 400.000 0.991 1.120 1.286 1.367 1.461 1.570 1.633 1.706 1.750 1.804 1.829 1.852 1.859 1.859 1.844 1.797 1.754 1.695 1.665 1.629 1.606 1.580 1.531 1.529 3.339 
8.200 450.000 0.928 1.056 1.220 1.301 1.393 1.500 1.561 1.630 1.671 1.718 1.737 1.752 1.753 1.745 1.718 1.658 1.610 1.551 1.525 1.494 1.476 1.454 1.413 1.411 3.278 
8.200 500.000 0.870 0.996 1.159 1.238 1.329 1.435 1.494 1.559 1.595 1.635 1.648 1.654 1.648 1.631 1.594 1.521 1.468 1.410 1.387 1.363 1.348 1.331 1.297 1.296 3.221 
8.200 600.000 0.771 0.895 1.054 1.131 1.219 1.319 1.373 1.428 1.455 1.475 1.474 1.457 1.436 1.400 1.338 1.241 1.184 1.136 1.125 1.118 1.114 1.108 1.091 1.090 3.115 
8.200 700.000 0.672 0.793 0.949 1.024 1.109 1.205 1.256 1.303 1.322 1.327 1.315 1.280 1.247 1.194 1.111 0.989 0.921 0.869 0.859 0.855 0.854 0.851 0.840 0.839 3.018 
8.200 800.000 0.576 0.695 0.848 0.921 1.004 1.096 1.143 1.184 1.197 1.188 1.166 1.117 1.072 1.004 0.900 0.750 0.665 0.596 0.581 0.574 0.572 0.569 0.558 0.558 2.927 
8.200 1000.000 0.405 0.520 0.666 0.735 0.813 0.896 0.935 0.961 0.959 0.920 0.876 0.793 0.724 0.624 0.481 0.285 0.178 0.096 0.080 0.076 0.077 0.077 0.073 0.073 2.767 
8.200 1200.000 0.253 0.363 0.503 0.568 0.641 0.715 0.746 0.755 0.736 0.664 0.596 0.477 0.382 0.251 0.066 -0.177 -0.306 -0.403 -0.420 -0.422 -0.419 -0.416 -0.416 -0.416 2.612 
8.200 1500.000 0.028 0.131 0.261 0.321 0.385 0.445 0.463 0.446 0.400 0.275 0.171 -0.004 -0.138 -0.319 -0.564 -0.877 -1.038 -1.156 -1.176 -1.177 -1.172 -1.166 -1.162 -1.162 2.396 
