CanadaSHM6-trial_NGAEastGMM13_02 , distance is rrup. Log10 ground motion values in cgs units, PGV and Sa(T<0.1s) not valid
          11 34 25 : nmag, ndist, nperiod
          10.000 7.519 5.000 4.000 3.003 2.000 1.499 1.000 0.750 0.500 0.400 0.300 0.250 0.200 0.150 0.100 0.075 0.050 0.040 0.030 0.025 0.020 0.010 PGA PGV 
          0.620 0.620 0.620 0.620 0.620 0.620 0.620 0.620 0.600 0.580 0.560 0.540 0.530 0.530 0.530 0.530 0.530 0.530 0.530 0.530 0.530 0.530 0.530 0.530 0.620
4.000 0.000 -1.189 -0.880 -0.457 -0.232 0.051 0.447 0.726 1.115 1.386 1.755 1.943 2.165 2.291 2.429 2.582 2.760 2.861 2.955 2.973 2.957 2.924 2.864 2.649 2.626 3.744 
4.000 1.000 -1.293 -0.984 -0.561 -0.336 -0.053 0.344 0.622 1.011 1.284 1.653 1.843 2.066 2.194 2.333 2.489 2.672 2.776 2.875 2.895 2.880 2.847 2.787 2.567 2.543 3.626 
4.000 5.000 -1.692 -1.384 -0.962 -0.737 -0.454 -0.058 0.221 0.610 0.882 1.253 1.443 1.668 1.796 1.937 2.096 2.284 2.393 2.498 2.523 2.513 2.483 2.426 2.212 2.189 3.121 
4.000 10.000 -1.992 -1.685 -1.263 -1.039 -0.756 -0.361 -0.083 0.305 0.577 0.946 1.135 1.358 1.485 1.625 1.781 1.964 2.069 2.171 2.194 2.183 2.154 2.098 1.892 1.869 2.779 
4.000 15.000 -2.217 -1.910 -1.489 -1.265 -0.983 -0.589 -0.311 0.076 0.346 0.713 0.901 1.122 1.247 1.384 1.536 1.712 1.812 1.905 1.925 1.911 1.880 1.824 1.621 1.600 2.507 
4.000 20.000 -2.391 -2.084 -1.664 -1.441 -1.159 -0.765 -0.489 -0.103 0.167 0.532 0.719 0.938 1.062 1.197 1.346 1.516 1.612 1.699 1.716 1.699 1.667 1.611 1.409 1.388 2.293 
4.000 25.000 -2.530 -2.224 -1.804 -1.582 -1.301 -0.908 -0.632 -0.247 0.022 0.386 0.572 0.790 0.913 1.046 1.192 1.358 1.450 1.532 1.546 1.527 1.494 1.437 1.237 1.216 2.123 
4.000 30.000 -2.641 -2.336 -1.917 -1.694 -1.414 -1.022 -0.746 -0.362 -0.094 0.269 0.454 0.670 0.792 0.924 1.068 1.230 1.318 1.396 1.408 1.387 1.353 1.296 1.097 1.077 1.989 
4.000 40.000 -2.818 -2.514 -2.096 -1.874 -1.594 -1.204 -0.929 -0.546 -0.279 0.082 0.265 0.480 0.600 0.730 0.870 1.026 1.110 1.181 1.190 1.166 1.131 1.073 0.877 0.857 1.780 
4.000 50.000 -2.952 -2.649 -2.232 -2.011 -1.732 -1.343 -1.069 -0.687 -0.421 -0.063 0.120 0.332 0.451 0.578 0.716 0.865 0.944 1.009 1.015 0.989 0.953 0.895 0.701 0.681 1.618 
4.000 60.000 -3.040 -2.738 -2.322 -2.102 -1.824 -1.435 -1.162 -0.782 -0.517 -0.160 0.021 0.232 0.349 0.475 0.609 0.754 0.829 0.888 0.892 0.863 0.826 0.768 0.575 0.556 1.513 
4.000 70.000 -3.085 -2.784 -2.370 -2.150 -1.872 -1.485 -1.213 -0.835 -0.572 -0.218 -0.038 0.169 0.284 0.406 0.535 0.670 0.737 0.787 0.786 0.754 0.717 0.659 0.472 0.454 1.433 
4.000 80.000 -3.119 -2.818 -2.405 -2.186 -1.909 -1.523 -1.252 -0.875 -0.613 -0.261 -0.083 0.122 0.236 0.356 0.480 0.609 0.672 0.714 0.711 0.676 0.637 0.578 0.393 0.375 1.375 
4.000 90.000 -3.146 -2.846 -2.434 -2.215 -1.940 -1.555 -1.284 -0.909 -0.648 -0.298 -0.121 0.082 0.194 0.312 0.433 0.556 0.613 0.649 0.642 0.605 0.565 0.505 0.322 0.304 1.328 
4.000 100.000 -3.170 -2.871 -2.460 -2.242 -1.967 -1.583 -1.314 -0.939 -0.679 -0.331 -0.156 0.046 0.156 0.271 0.389 0.506 0.559 0.588 0.579 0.538 0.498 0.438 0.255 0.238 1.285 
4.000 110.000 -3.193 -2.894 -2.484 -2.267 -1.992 -1.609 -1.340 -0.967 -0.708 -0.362 -0.188 0.011 0.120 0.233 0.348 0.459 0.507 0.531 0.519 0.476 0.435 0.374 0.194 0.177 1.246 
4.000 120.000 -3.214 -2.916 -2.507 -2.290 -2.016 -1.634 -1.366 -0.994 -0.736 -0.391 -0.219 -0.021 0.086 0.197 0.308 0.414 0.458 0.476 0.461 0.416 0.375 0.314 0.136 0.120 1.208 
4.000 130.000 -3.239 -2.942 -2.534 -2.317 -2.044 -1.663 -1.396 -1.025 -0.768 -0.425 -0.253 -0.057 0.049 0.158 0.266 0.366 0.407 0.420 0.403 0.356 0.314 0.253 0.077 0.061 1.167 
4.000 140.000 -3.265 -2.968 -2.561 -2.345 -2.072 -1.692 -1.425 -1.055 -0.799 -0.458 -0.287 -0.093 0.012 0.119 0.224 0.320 0.356 0.364 0.346 0.297 0.254 0.193 0.019 0.003 1.125 
4.000 150.000 -3.290 -2.994 -2.587 -2.371 -2.099 -1.720 -1.454 -1.085 -0.830 -0.491 -0.321 -0.129 -0.026 0.079 0.182 0.272 0.304 0.307 0.286 0.236 0.193 0.133 -0.039 -0.054 1.084 
4.000 175.000 -3.351 -3.056 -2.652 -2.437 -2.166 -1.789 -1.524 -1.158 -0.905 -0.570 -0.403 -0.216 -0.116 -0.015 0.080 0.158 0.181 0.173 0.148 0.095 0.052 -0.008 -0.173 -0.187 0.986 
4.000 200.000 -3.406 -3.113 -2.710 -2.496 -2.226 -1.850 -1.588 -1.224 -0.973 -0.641 -0.477 -0.294 -0.197 -0.101 -0.013 0.054 0.070 0.052 0.023 -0.033 -0.077 -0.136 -0.295 -0.309 0.896 
4.000 250.000 -3.495 -3.204 -2.803 -2.591 -2.323 -1.951 -1.691 -1.332 -1.086 -0.762 -0.604 -0.430 -0.340 -0.253 -0.180 -0.136 -0.137 -0.173 -0.207 -0.266 -0.309 -0.364 -0.506 -0.518 0.734 
4.000 300.000 -3.572 -3.282 -2.884 -2.672 -2.406 -2.037 -1.779 -1.425 -1.183 -0.867 -0.714 -0.549 -0.465 -0.388 -0.328 -0.305 -0.320 -0.370 -0.409 -0.468 -0.510 -0.562 -0.688 -0.698 0.596 
4.000 350.000 -3.637 -3.348 -2.952 -2.741 -2.476 -2.109 -1.854 -1.504 -1.267 -0.959 -0.812 -0.655 -0.578 -0.510 -0.464 -0.461 -0.488 -0.550 -0.592 -0.651 -0.691 -0.738 -0.850 -0.858 0.471 
4.000 400.000 -3.697 -3.408 -3.012 -2.803 -2.539 -2.174 -1.921 -1.575 -1.342 -1.042 -0.901 -0.753 -0.683 -0.624 -0.590 -0.606 -0.645 -0.717 -0.761 -0.818 -0.855 -0.899 -0.996 -1.004 0.349 
4.000 450.000 -3.743 -3.455 -3.059 -2.850 -2.587 -2.224 -1.973 -1.632 -1.403 -1.111 -0.976 -0.837 -0.774 -0.724 -0.703 -0.737 -0.787 -0.868 -0.913 -0.970 -1.004 -1.044 -1.130 -1.136 0.238 
4.000 500.000 -3.789 -3.500 -3.105 -2.896 -2.634 -2.272 -2.023 -1.686 -1.461 -1.178 -1.048 -0.918 -0.862 -0.821 -0.812 -0.862 -0.921 -1.010 -1.056 -1.111 -1.143 -1.178 -1.253 -1.258 0.135 
4.000 600.000 -3.867 -3.578 -3.181 -2.973 -2.712 -2.354 -2.109 -1.782 -1.568 -1.305 -1.190 -1.083 -1.042 -1.021 -1.039 -1.121 -1.194 -1.288 -1.329 -1.373 -1.397 -1.422 -1.470 -1.474 -0.051 
4.000 700.000 -3.953 -3.660 -3.261 -3.052 -2.790 -2.435 -2.193 -1.875 -1.669 -1.423 -1.320 -1.231 -1.202 -1.198 -1.236 -1.342 -1.426 -1.525 -1.566 -1.605 -1.624 -1.643 -1.679 -1.681 -0.216 
4.000 800.000 -4.033 -3.737 -3.334 -3.123 -2.862 -2.508 -2.270 -1.960 -1.764 -1.538 -1.448 -1.377 -1.361 -1.373 -1.430 -1.556 -1.647 -1.746 -1.783 -1.815 -1.829 -1.842 -1.866 -1.867 -0.367 
4.000 1000.000 -4.222 -3.914 -3.499 -3.284 -3.019 -2.666 -2.434 -2.139 -1.960 -1.766 -1.698 -1.659 -1.664 -1.700 -1.785 -1.938 -2.037 -2.134 -2.165 -2.187 -2.195 -2.201 -2.211 -2.212 -0.625 
4.000 1200.000 -4.380 -4.056 -3.625 -3.405 -3.136 -2.786 -2.562 -2.289 -2.133 -1.983 -1.943 -1.942 -1.970 -2.032 -2.144 -2.316 -2.416 -2.502 -2.523 -2.534 -2.535 -2.534 -2.534 -2.534 -0.881 
4.000 1500.000 -4.640 -4.284 -3.819 -3.587 -3.310 -2.962 -2.750 -2.510 -2.390 -2.305 -2.305 -2.356 -2.415 -2.509 -2.650 -2.840 -2.938 -3.011 -3.024 -3.024 -3.020 -3.015 -3.009 -3.009 -1.238 
4.500 0.000 -0.723 -0.420 -0.001 0.223 0.507 0.903 1.181 1.563 1.822 2.155 2.316 2.494 2.592 2.698 2.818 2.965 3.050 3.126 3.137 3.115 3.080 3.021 2.818 2.797 4.040 
4.500 1.000 -0.802 -0.499 -0.080 0.144 0.428 0.825 1.103 1.485 1.744 2.078 2.239 2.419 2.517 2.625 2.747 2.897 2.984 3.062 3.074 3.052 3.017 2.957 2.750 2.728 3.951 
4.500 5.000 -1.141 -0.838 -0.420 -0.196 0.087 0.484 0.762 1.144 1.404 1.739 1.901 2.084 2.184 2.294 2.420 2.577 2.671 2.758 2.774 2.756 2.724 2.666 2.461 2.439 3.528 
4.500 10.000 -1.425 -1.122 -0.705 -0.482 -0.199 0.196 0.474 0.855 1.114 1.447 1.608 1.789 1.888 1.996 2.119 2.271 2.361 2.443 2.458 2.440 2.408 2.352 2.154 2.134 3.191 
4.500 15.000 -1.639 -1.337 -0.921 -0.698 -0.416 -0.022 0.255 0.635 0.893 1.224 1.384 1.562 1.660 1.765 1.884 2.030 2.114 2.190 2.202 2.182 2.149 2.093 1.899 1.879 2.931 
4.500 20.000 -1.803 -1.502 -1.086 -0.864 -0.583 -0.189 0.087 0.466 0.723 1.053 1.212 1.388 1.484 1.587 1.703 1.844 1.924 1.994 2.004 1.981 1.948 1.892 1.701 1.681 2.730 
4.500 25.000 -1.931 -1.631 -1.216 -0.994 -0.713 -0.320 -0.045 0.333 0.588 0.917 1.074 1.249 1.343 1.445 1.558 1.692 1.768 1.833 1.840 1.816 1.782 1.726 1.538 1.519 2.571 
4.500 30.000 -2.036 -1.736 -1.322 -1.101 -0.821 -0.429 -0.154 0.223 0.478 0.805 0.961 1.134 1.228 1.327 1.438 1.568 1.641 1.701 1.707 1.681 1.647 1.591 1.405 1.387 2.444 
4.500 40.000 -2.201 -1.903 -1.490 -1.270 -0.991 -0.600 -0.327 0.048 0.302 0.627 0.782 0.953 1.044 1.142 1.248 1.372 1.440 1.493 1.496 1.468 1.433 1.377 1.194 1.176 2.247 
4.500 50.000 -2.328 -2.031 -1.620 -1.400 -1.122 -0.733 -0.461 -0.087 0.165 0.488 0.642 0.811 0.901 0.996 1.099 1.217 1.280 1.327 1.327 1.297 1.261 1.205 1.026 1.008 2.095 
4.500 60.000 -2.410 -2.114 -1.704 -1.486 -1.208 -0.821 -0.549 -0.177 0.074 0.395 0.548 0.715 0.804 0.897 0.997 1.110 1.168 1.211 1.208 1.176 1.139 1.083 0.906 0.889 1.997 
4.500 70.000 -2.453 -2.158 -1.749 -1.531 -1.255 -0.869 -0.599 -0.229 0.021 0.339 0.489 0.653 0.740 0.829 0.924 1.027 1.078 1.112 1.106 1.071 1.034 0.978 0.807 0.791 1.921 
4.500 80.000 -2.482 -2.188 -1.781 -1.564 -1.289 -0.904 -0.635 -0.266 -0.018 0.298 0.447 0.609 0.694 0.781 0.871 0.968 1.015 1.041 1.033 0.995 0.958 0.901 0.732 0.716 1.867 
4.500 90.000 -2.507 -2.213 -1.808 -1.591 -1.317 -0.933 -0.665 -0.298 -0.051 0.263 0.411 0.570 0.653 0.738 0.825 0.916 0.958 0.978 0.967 0.927 0.888 0.832 0.664 0.649 1.823 
4.500 100.000 -2.529 -2.236 -1.832 -1.616 -1.343 -0.960 -0.693 -0.327 -0.081 0.230 0.377 0.535 0.616 0.699 0.782 0.867 0.904 0.919 0.905 0.863 0.824 0.767 0.601 0.586 1.783 
4.500 110.000 -2.549 -2.257 -1.854 -1.639 -1.366 -0.985 -0.719 -0.354 -0.110 0.200 0.346 0.501 0.582 0.662 0.742 0.821 0.854 0.863 0.847 0.803 0.763 0.707 0.543 0.528 1.746 
4.500 120.000 -2.567 -2.276 -1.874 -1.660 -1.388 -1.008 -0.742 -0.380 -0.136 0.172 0.316 0.470 0.549 0.627 0.704 0.777 0.806 0.810 0.792 0.746 0.706 0.650 0.488 0.474 1.712 
4.500 130.000 -2.591 -2.301 -1.900 -1.685 -1.414 -1.035 -0.771 -0.409 -0.166 0.140 0.283 0.435 0.512 0.589 0.663 0.731 0.757 0.756 0.736 0.688 0.648 0.591 0.432 0.418 1.674 
4.500 140.000 -2.614 -2.325 -1.925 -1.711 -1.441 -1.063 -0.799 -0.439 -0.197 0.108 0.250 0.400 0.476 0.551 0.622 0.686 0.708 0.703 0.680 0.632 0.591 0.534 0.377 0.363 1.637 
4.500 150.000 -2.637 -2.348 -1.949 -1.736 -1.466 -1.090 -0.827 -0.468 -0.227 0.076 0.217 0.365 0.440 0.512 0.580 0.639 0.657 0.647 0.623 0.573 0.533 0.477 0.323 0.309 1.599 
4.500 175.000 -2.693 -2.406 -2.009 -1.798 -1.529 -1.155 -0.894 -0.538 -0.300 -0.001 0.137 0.281 0.353 0.420 0.481 0.528 0.537 0.518 0.490 0.438 0.397 0.342 0.195 0.183 1.509 
4.500 200.000 -2.743 -2.457 -2.063 -1.852 -1.585 -1.213 -0.954 -0.601 -0.365 -0.070 0.065 0.205 0.274 0.337 0.391 0.426 0.428 0.400 0.369 0.315 0.274 0.220 0.080 0.068 1.427 
4.500 250.000 -2.822 -2.539 -2.148 -1.940 -1.676 -1.308 -1.052 -0.704 -0.473 -0.187 -0.057 0.073 0.135 0.188 0.227 0.241 0.227 0.184 0.149 0.094 0.055 0.005 -0.119 -0.128 1.276 
4.500 300.000 -2.889 -2.608 -2.220 -2.013 -1.751 -1.387 -1.134 -0.792 -0.566 -0.288 -0.164 -0.042 0.013 0.057 0.082 0.076 0.050 -0.007 -0.044 -0.099 -0.136 -0.181 -0.289 -0.297 1.147 
4.500 350.000 -2.949 -2.669 -2.283 -2.077 -1.817 -1.456 -1.206 -0.869 -0.647 -0.377 -0.259 -0.146 -0.098 -0.063 -0.050 -0.076 -0.113 -0.179 -0.219 -0.272 -0.306 -0.346 -0.440 -0.447 1.031 
4.500 400.000 -3.002 -2.723 -2.339 -2.134 -1.876 -1.518 -1.270 -0.938 -0.721 -0.459 -0.347 -0.242 -0.201 -0.175 -0.174 -0.217 -0.264 -0.337 -0.377 -0.428 -0.459 -0.495 -0.576 -0.582 0.926 
4.500 450.000 -3.042 -2.764 -2.381 -2.177 -1.920 -1.565 -1.320 -0.992 -0.780 -0.526 -0.420 -0.325 -0.290 -0.272 -0.284 -0.343 -0.399 -0.480 -0.520 -0.569 -0.598 -0.630 -0.700 -0.704 0.823 
4.500 500.000 -3.082 -2.805 -2.422 -2.219 -1.963 -1.610 -1.367 -1.045 -0.836 -0.591 -0.491 -0.404 -0.376 -0.367 -0.390 -0.464 -0.528 -0.613 -0.654 -0.700 -0.726 -0.754 -0.814 -0.818 0.728 
4.500 600.000 -3.153 -2.875 -2.492 -2.290 -2.036 -1.688 -1.451 -1.139 -0.941 -0.717 -0.630 -0.564 -0.550 -0.560 -0.607 -0.708 -0.783 -0.871 -0.907 -0.942 -0.960 -0.979 -1.017 -1.019 0.558 
4.500 700.000 -3.227 -2.947 -2.563 -2.361 -2.108 -1.764 -1.531 -1.229 -1.041 -0.835 -0.760 -0.713 -0.712 -0.737 -0.804 -0.926 -1.009 -1.097 -1.130 -1.158 -1.171 -1.184 -1.208 -1.210 0.409 
4.500 800.000 -3.302 -3.019 -2.633 -2.430 -2.177 -1.835 -1.607 -1.314 -1.135 -0.947 -0.884 -0.854 -0.864 -0.903 -0.985 -1.124 -1.212 -1.300 -1.329 -1.352 -1.361 -1.369 -1.384 -1.385 0.271 
4.500 1000.000 -3.472 -3.179 -2.784 -2.578 -2.324 -1.986 -1.765 -1.489 -1.328 -1.173 -1.132 -1.131 -1.161 -1.223 -1.330 -1.489 -1.582 -1.664 -1.687 -1.700 -1.703 -1.704 -1.708 -1.709 0.033 
4.500 1200.000 -3.614 -3.308 -2.900 -2.690 -2.435 -2.102 -1.891 -1.638 -1.502 -1.390 -1.376 -1.411 -1.463 -1.548 -1.678 -1.852 -1.942 -2.011 -2.024 -2.026 -2.024 -2.020 -2.016 -2.016 -0.203 
4.500 1500.000 -3.850 -3.515 -3.079 -2.861 -2.600 -2.274 -2.077 -1.861 -1.761 -1.712 -1.737 -1.820 -1.898 -2.011 -2.165 -2.349 -2.435 -2.490 -2.496 -2.490 -2.483 -2.476 -2.468 -2.468 -0.532 
5.000 0.000 -0.271 0.021 0.427 0.644 0.919 1.303 1.570 1.928 2.162 2.448 2.579 2.722 2.800 2.887 2.990 3.120 3.194 3.257 3.264 3.238 3.204 3.146 2.955 2.935 4.299 
5.000 1.000 -0.329 -0.037 0.368 0.585 0.860 1.245 1.511 1.870 2.104 2.390 2.522 2.665 2.744 2.832 2.936 3.067 3.143 3.207 3.214 3.188 3.152 3.094 2.898 2.879 4.231 
5.000 5.000 -0.603 -0.312 0.092 0.309 0.584 0.968 1.235 1.594 1.829 2.117 2.250 2.396 2.477 2.567 2.676 2.815 2.896 2.968 2.978 2.955 2.921 2.863 2.666 2.646 3.898 
5.000 10.000 -0.863 -0.572 -0.169 0.048 0.322 0.705 0.971 1.329 1.563 1.850 1.982 2.126 2.206 2.295 2.401 2.536 2.615 2.684 2.693 2.671 2.637 2.581 2.390 2.371 3.582 
5.000 15.000 -1.064 -0.774 -0.372 -0.156 0.118 0.500 0.765 1.122 1.355 1.640 1.771 1.913 1.991 2.078 2.181 2.310 2.384 2.447 2.454 2.430 2.396 2.340 2.153 2.134 3.337 
5.000 20.000 -1.214 -0.924 -0.523 -0.308 -0.035 0.346 0.611 0.966 1.198 1.481 1.611 1.751 1.828 1.912 2.011 2.134 2.204 2.262 2.266 2.240 2.206 2.151 1.968 1.950 3.152 
5.000 25.000 -1.334 -1.046 -0.645 -0.430 -0.158 0.222 0.486 0.840 1.071 1.352 1.481 1.619 1.694 1.776 1.872 1.989 2.055 2.107 2.109 2.081 2.047 1.992 1.813 1.796 3.000 
5.000 30.000 -1.433 -1.145 -0.745 -0.531 -0.260 0.120 0.383 0.736 0.966 1.246 1.373 1.510 1.584 1.664 1.757 1.870 1.932 1.979 1.980 1.951 1.917 1.862 1.686 1.669 2.879 
5.000 40.000 -1.588 -1.301 -0.903 -0.690 -0.420 -0.042 0.220 0.571 0.799 1.077 1.203 1.337 1.409 1.487 1.575 1.681 1.737 1.778 1.776 1.744 1.710 1.655 1.484 1.467 2.693 
5.000 50.000 -1.708 -1.423 -1.026 -0.814 -0.545 -0.169 0.092 0.441 0.669 0.944 1.069 1.201 1.272 1.347 1.432 1.531 1.583 1.618 1.613 1.580 1.545 1.491 1.322 1.306 2.549 
5.000 60.000 -1.786 -1.502 -1.107 -0.896 -0.627 -0.253 0.007 0.355 0.581 0.855 0.978 1.109 1.178 1.251 1.333 1.427 1.475 1.504 1.498 1.463 1.427 1.373 1.207 1.192 2.455 
5.000 70.000 -1.826 -1.543 -1.150 -0.939 -0.672 -0.299 -0.041 0.305 0.529 0.800 0.921 1.049 1.115 1.185 1.261 1.346 1.387 1.408 1.398 1.361 1.325 1.272 1.112 1.097 2.383 
5.000 80.000 -1.852 -1.570 -1.178 -0.968 -0.702 -0.331 -0.074 0.270 0.494 0.762 0.882 1.007 1.072 1.139 1.211 1.289 1.325 1.340 1.327 1.288 1.252 1.198 1.041 1.026 2.332 
5.000 90.000 -1.874 -1.593 -1.203 -0.994 -0.729 -0.359 -0.103 0.240 0.462 0.729 0.847 0.970 1.033 1.098 1.166 1.238 1.269 1.279 1.264 1.222 1.185 1.131 0.976 0.961 2.291 
5.000 100.000 -1.895 -1.615 -1.226 -1.017 -0.753 -0.384 -0.130 0.211 0.432 0.698 0.815 0.936 0.997 1.060 1.125 1.191 1.218 1.221 1.204 1.161 1.123 1.069 0.916 0.902 2.253 
5.000 110.000 -1.913 -1.634 -1.246 -1.038 -0.775 -0.408 -0.154 0.186 0.406 0.669 0.785 0.904 0.964 1.024 1.086 1.146 1.169 1.167 1.148 1.103 1.065 1.011 0.860 0.847 2.219 
5.000 120.000 -1.929 -1.651 -1.265 -1.058 -0.795 -0.429 -0.176 0.162 0.381 0.642 0.757 0.874 0.933 0.991 1.049 1.104 1.123 1.117 1.096 1.049 1.011 0.957 0.808 0.795 2.188 
5.000 130.000 -1.951 -1.673 -1.288 -1.082 -0.820 -0.455 -0.203 0.134 0.352 0.611 0.725 0.841 0.898 0.954 1.010 1.060 1.075 1.064 1.041 0.994 0.955 0.901 0.754 0.741 2.153 
5.000 140.000 -1.972 -1.696 -1.312 -1.106 -0.845 -0.482 -0.230 0.105 0.322 0.580 0.693 0.807 0.863 0.917 0.970 1.015 1.027 1.012 0.988 0.939 0.900 0.847 0.702 0.690 2.120 
5.000 150.000 -1.993 -1.717 -1.334 -1.129 -0.869 -0.507 -0.256 0.078 0.293 0.550 0.661 0.773 0.827 0.880 0.929 0.969 0.977 0.958 0.932 0.883 0.844 0.791 0.650 0.638 2.085 
5.000 175.000 -2.045 -1.771 -1.390 -1.187 -0.928 -0.569 -0.320 0.011 0.224 0.476 0.585 0.692 0.743 0.791 0.832 0.861 0.861 0.833 0.804 0.753 0.714 0.663 0.529 0.518 2.003 
5.000 200.000 -2.089 -1.817 -1.439 -1.237 -0.980 -0.623 -0.377 -0.049 0.162 0.410 0.516 0.619 0.667 0.710 0.744 0.762 0.754 0.718 0.686 0.634 0.596 0.547 0.421 0.410 1.926 
5.000 250.000 -2.162 -1.893 -1.519 -1.318 -1.065 -0.713 -0.470 -0.148 0.058 0.297 0.397 0.491 0.532 0.565 0.585 0.581 0.559 0.509 0.474 0.423 0.387 0.342 0.232 0.224 1.786 
5.000 300.000 -2.221 -1.954 -1.583 -1.385 -1.134 -0.786 -0.547 -0.231 -0.030 0.201 0.295 0.380 0.414 0.437 0.444 0.420 0.386 0.326 0.289 0.239 0.206 0.166 0.072 0.065 1.665 
5.000 350.000 -2.275 -2.010 -1.642 -1.445 -1.197 -0.852 -0.616 -0.306 -0.109 0.114 0.202 0.278 0.306 0.320 0.314 0.273 0.229 0.161 0.123 0.076 0.046 0.010 -0.070 -0.076 1.558 
5.000 400.000 -2.324 -2.060 -1.694 -1.499 -1.252 -0.911 -0.678 -0.373 -0.181 0.034 0.117 0.184 0.205 0.211 0.193 0.136 0.084 0.011 -0.027 -0.071 -0.098 -0.129 -0.197 -0.201 1.469 
5.000 450.000 -2.359 -2.096 -1.732 -1.538 -1.293 -0.955 -0.725 -0.425 -0.238 -0.031 0.046 0.105 0.119 0.117 0.087 0.015 -0.045 -0.123 -0.160 -0.202 -0.226 -0.253 -0.310 -0.314 1.375 
5.000 500.000 -2.395 -2.133 -1.770 -1.577 -1.333 -0.998 -0.771 -0.475 -0.293 -0.095 -0.023 0.027 0.035 0.025 -0.016 -0.101 -0.167 -0.249 -0.285 -0.324 -0.345 -0.369 -0.417 -0.420 1.289 
5.000 600.000 -2.458 -2.196 -1.834 -1.643 -1.402 -1.073 -0.851 -0.567 -0.396 -0.218 -0.160 -0.130 -0.136 -0.165 -0.228 -0.337 -0.411 -0.492 -0.523 -0.550 -0.564 -0.578 -0.606 -0.607 1.135 
5.000 700.000 -2.526 -2.263 -1.901 -1.709 -1.470 -1.145 -0.928 -0.654 -0.492 -0.331 -0.284 -0.271 -0.288 -0.331 -0.411 -0.537 -0.618 -0.699 -0.726 -0.748 -0.757 -0.766 -0.784 -0.785 0.999 
5.000 800.000 -2.594 -2.328 -1.965 -1.773 -1.535 -1.214 -1.002 -0.738 -0.586 -0.442 -0.408 -0.411 -0.439 -0.495 -0.589 -0.730 -0.814 -0.891 -0.914 -0.930 -0.935 -0.939 -0.948 -0.949 0.875 
5.000 1000.000 -2.749 -2.475 -2.105 -1.912 -1.674 -1.359 -1.155 -0.909 -0.775 -0.664 -0.651 -0.683 -0.729 -0.806 -0.921 -1.078 -1.163 -1.233 -1.249 -1.255 -1.254 -1.253 -1.253 -1.253 0.657 
5.000 1200.000 -2.879 -2.593 -2.212 -2.016 -1.779 -1.471 -1.278 -1.056 -0.946 -0.878 -0.890 -0.955 -1.022 -1.119 -1.254 -1.420 -1.502 -1.558 -1.566 -1.563 -1.557 -1.551 -1.545 -1.545 0.442 
5.000 1500.000 -3.094 -2.785 -2.380 -2.177 -1.937 -1.638 -1.462 -1.277 -1.203 -1.196 -1.243 -1.353 -1.443 -1.564 -1.719 -1.892 -1.968 -2.011 -2.012 -2.002 -1.994 -1.986 -1.977 -1.977 0.141 
5.500 0.000 0.176 0.451 0.833 1.038 1.298 1.658 1.904 2.227 2.430 2.668 2.774 2.890 2.956 3.031 3.123 3.239 3.305 3.358 3.361 3.334 3.300 3.245 3.066 3.049 4.497 
5.500 1.000 0.132 0.406 0.788 0.993 1.253 1.613 1.859 2.182 2.385 2.624 2.730 2.847 2.913 2.989 3.082 3.200 3.266 3.319 3.322 3.294 3.259 3.203 3.020 3.002 4.445 
5.500 5.000 -0.082 0.192 0.573 0.778 1.037 1.397 1.644 1.967 2.171 2.411 2.519 2.638 2.706 2.785 2.882 3.006 3.078 3.137 3.142 3.116 3.081 3.025 2.838 2.819 4.210 
5.500 10.000 -0.310 -0.037 0.344 0.548 0.806 1.166 1.411 1.734 1.937 2.176 2.284 2.402 2.470 2.548 2.643 2.766 2.836 2.894 2.899 2.873 2.839 2.783 2.600 2.582 3.934 
5.500 15.000 -0.493 -0.221 0.159 0.362 0.620 0.978 1.223 1.544 1.747 1.985 2.091 2.208 2.274 2.350 2.442 2.560 2.626 2.679 2.682 2.655 2.620 2.566 2.387 2.369 3.710 
5.500 20.000 -0.629 -0.357 0.022 0.225 0.482 0.839 1.083 1.403 1.604 1.840 1.945 2.060 2.124 2.198 2.287 2.397 2.459 2.507 2.508 2.479 2.445 2.391 2.218 2.201 3.540 
5.500 25.000 -0.739 -0.468 -0.091 0.112 0.369 0.725 0.968 1.286 1.487 1.721 1.825 1.937 2.000 2.071 2.156 2.260 2.317 2.360 2.359 2.329 2.295 2.242 2.073 2.057 3.398 
5.500 30.000 -0.831 -0.561 -0.184 0.018 0.274 0.629 0.871 1.189 1.388 1.621 1.724 1.835 1.896 1.965 2.047 2.147 2.201 2.239 2.236 2.206 2.172 2.119 1.953 1.937 3.283 
5.500 40.000 -0.973 -0.704 -0.329 -0.128 0.127 0.480 0.721 1.037 1.235 1.465 1.566 1.674 1.733 1.799 1.876 1.968 2.016 2.046 2.041 2.009 1.975 1.922 1.762 1.747 3.108 
5.500 50.000 -1.085 -0.817 -0.444 -0.243 0.010 0.362 0.602 0.916 1.112 1.340 1.440 1.546 1.604 1.667 1.740 1.826 1.869 1.894 1.886 1.852 1.818 1.766 1.609 1.595 2.972 
5.500 60.000 -1.157 -0.891 -0.519 -0.320 -0.067 0.283 0.522 0.834 1.030 1.256 1.355 1.459 1.515 1.576 1.647 1.727 1.766 1.786 1.776 1.741 1.706 1.654 1.499 1.485 2.884 
5.500 70.000 -1.193 -0.927 -0.557 -0.359 -0.107 0.241 0.479 0.789 0.983 1.206 1.303 1.403 1.457 1.514 1.579 1.649 1.681 1.693 1.681 1.644 1.609 1.558 1.409 1.396 2.815 
5.500 80.000 -1.215 -0.950 -0.582 -0.384 -0.134 0.213 0.449 0.758 0.951 1.172 1.267 1.365 1.417 1.472 1.532 1.596 1.623 1.629 1.614 1.574 1.539 1.488 1.342 1.329 2.767 
5.500 90.000 -1.234 -0.971 -0.604 -0.407 -0.158 0.187 0.423 0.730 0.921 1.141 1.235 1.331 1.381 1.433 1.490 1.547 1.570 1.570 1.553 1.512 1.476 1.425 1.281 1.268 2.728 
5.500 100.000 -1.252 -0.989 -0.624 -0.428 -0.179 0.164 0.399 0.705 0.895 1.112 1.205 1.299 1.348 1.398 1.451 1.502 1.521 1.516 1.496 1.453 1.417 1.366 1.225 1.212 2.693 
5.500 110.000 -1.267 -1.006 -0.642 -0.446 -0.199 0.144 0.377 0.681 0.870 1.086 1.177 1.270 1.317 1.365 1.414 1.460 1.474 1.464 1.443 1.398 1.362 1.311 1.172 1.160 2.663 
5.500 120.000 -1.282 -1.021 -0.658 -0.464 -0.217 0.124 0.357 0.659 0.848 1.062 1.152 1.242 1.287 1.333 1.379 1.420 1.430 1.415 1.392 1.346 1.309 1.259 1.122 1.110 2.634 
5.500 130.000 -1.301 -1.041 -0.680 -0.486 -0.240 0.100 0.331 0.633 0.820 1.033 1.122 1.210 1.254 1.298 1.341 1.377 1.383 1.365 1.340 1.293 1.256 1.206 1.071 1.060 2.604 
5.500 140.000 -1.321 -1.062 -0.702 -0.508 -0.264 0.075 0.306 0.606 0.792 1.003 1.091 1.178 1.221 1.263 1.303 1.334 1.337 1.314 1.288 1.241 1.204 1.154 1.022 1.011 2.573 
5.500 150.000 -1.340 -1.082 -0.722 -0.530 -0.286 0.052 0.282 0.581 0.766 0.975 1.062 1.146 1.188 1.227 1.264 1.290 1.289 1.263 1.235 1.187 1.150 1.101 0.972 0.961 2.542 
5.500 175.000 -1.386 -1.130 -0.773 -0.582 -0.340 -0.005 0.223 0.518 0.701 0.906 0.990 1.070 1.108 1.142 1.171 1.185 1.177 1.142 1.112 1.063 1.027 0.979 0.858 0.848 2.466 
5.500 200.000 -1.425 -1.171 -0.817 -0.627 -0.387 -0.055 0.171 0.463 0.644 0.844 0.925 1.001 1.035 1.065 1.086 1.089 1.073 1.031 0.999 0.949 0.914 0.869 0.755 0.746 2.395 
5.500 250.000 -1.490 -1.239 -0.889 -0.702 -0.465 -0.138 0.084 0.370 0.545 0.737 0.812 0.879 0.905 0.924 0.931 0.912 0.883 0.829 0.794 0.746 0.714 0.673 0.577 0.570 2.262 
5.500 300.000 -1.545 -1.296 -0.950 -0.765 -0.531 -0.208 0.010 0.291 0.461 0.645 0.714 0.771 0.790 0.800 0.793 0.755 0.715 0.652 0.617 0.571 0.541 0.506 0.425 0.419 2.149 
5.500 350.000 -1.595 -1.348 -1.005 -0.822 -0.590 -0.271 -0.056 0.219 0.385 0.560 0.624 0.672 0.685 0.686 0.666 0.612 0.563 0.494 0.459 0.416 0.390 0.359 0.291 0.286 2.057 
5.500 400.000 -1.640 -1.395 -1.054 -0.872 -0.643 -0.328 -0.116 0.154 0.316 0.483 0.541 0.580 0.587 0.579 0.548 0.480 0.423 0.350 0.315 0.276 0.254 0.228 0.171 0.168 1.974 
5.500 450.000 -1.677 -1.433 -1.094 -0.913 -0.685 -0.374 -0.165 0.100 0.257 0.416 0.468 0.499 0.499 0.483 0.442 0.360 0.297 0.221 0.187 0.152 0.132 0.110 0.064 0.060 1.888 
5.500 500.000 -1.712 -1.469 -1.131 -0.951 -0.725 -0.417 -0.211 0.049 0.201 0.352 0.399 0.421 0.415 0.391 0.340 0.246 0.178 0.100 0.068 0.036 0.020 0.002 -0.036 -0.039 1.809 
5.500 600.000 -1.775 -1.532 -1.196 -1.018 -0.795 -0.493 -0.293 -0.044 0.097 0.228 0.261 0.264 0.245 0.204 0.133 0.018 -0.055 -0.129 -0.155 -0.176 -0.185 -0.195 -0.215 -0.216 1.671 
5.500 700.000 -1.839 -1.595 -1.260 -1.083 -0.862 -0.564 -0.369 -0.131 0.001 0.116 0.138 0.124 0.095 0.041 -0.046 -0.174 -0.251 -0.323 -0.345 -0.360 -0.365 -0.369 -0.380 -0.381 1.549 
5.500 800.000 -1.905 -1.659 -1.323 -1.146 -0.926 -0.633 -0.444 -0.216 -0.093 0.004 0.015 -0.015 -0.055 -0.121 -0.220 -0.359 -0.437 -0.505 -0.522 -0.530 -0.531 -0.532 -0.536 -0.536 1.438 
5.500 1000.000 -2.051 -1.798 -1.456 -1.278 -1.060 -0.774 -0.593 -0.384 -0.280 -0.215 -0.224 -0.281 -0.338 -0.422 -0.539 -0.690 -0.767 -0.824 -0.834 -0.834 -0.831 -0.826 -0.823 -0.823 1.240 
5.500 1200.000 -2.168 -1.905 -1.555 -1.376 -1.159 -0.882 -0.713 -0.529 -0.448 -0.424 -0.458 -0.546 -0.621 -0.723 -0.857 -1.013 -1.085 -1.129 -1.132 -1.123 -1.116 -1.108 -1.100 -1.100 1.046 
5.500 1500.000 -2.365 -2.081 -1.711 -1.527 -1.310 -1.045 -0.893 -0.747 -0.702 -0.736 -0.804 -0.931 -1.027 -1.150 -1.298 -1.456 -1.520 -1.551 -1.547 -1.534 -1.525 -1.516 -1.507 -1.506 0.774 
6.000 0.000 0.583 0.836 1.188 1.376 1.614 1.942 2.162 2.443 2.614 2.811 2.899 2.999 3.058 3.128 3.214 3.323 3.384 3.432 3.434 3.407 3.374 3.321 3.151 3.134 4.657 
6.000 1.000 0.549 0.802 1.153 1.342 1.580 1.907 2.127 2.408 2.580 2.777 2.866 2.966 3.026 3.096 3.183 3.294 3.355 3.403 3.404 3.376 3.343 3.289 3.114 3.097 4.618 
6.000 5.000 0.385 0.637 0.988 1.176 1.414 1.741 1.961 2.242 2.415 2.614 2.704 2.807 2.868 2.941 3.032 3.149 3.214 3.267 3.269 3.242 3.208 3.152 2.972 2.954 4.458 
6.000 10.000 0.197 0.448 0.798 0.985 1.223 1.549 1.769 2.049 2.221 2.420 2.509 2.612 2.673 2.745 2.834 2.949 3.013 3.065 3.067 3.040 3.006 2.952 2.776 2.758 4.243 
6.000 15.000 0.036 0.287 0.636 0.823 1.059 1.385 1.604 1.884 2.055 2.252 2.341 2.442 2.502 2.572 2.659 2.770 2.831 2.878 2.879 2.851 2.818 2.764 2.591 2.574 4.051 
6.000 20.000 -0.088 0.162 0.510 0.697 0.933 1.257 1.475 1.754 1.925 2.121 2.208 2.308 2.366 2.435 2.519 2.624 2.682 2.725 2.725 2.696 2.662 2.609 2.440 2.423 3.901 
6.000 25.000 -0.188 0.061 0.408 0.594 0.830 1.153 1.370 1.648 1.818 2.012 2.098 2.195 2.252 2.318 2.399 2.498 2.552 2.590 2.587 2.558 2.524 2.471 2.307 2.291 3.770 
6.000 30.000 -0.274 -0.025 0.321 0.507 0.741 1.064 1.281 1.558 1.726 1.919 2.004 2.100 2.155 2.220 2.297 2.392 2.442 2.476 2.472 2.441 2.408 2.356 2.195 2.179 3.662 
6.000 40.000 -0.407 -0.160 0.184 0.369 0.603 0.923 1.139 1.414 1.581 1.772 1.856 1.949 2.002 2.063 2.136 2.223 2.267 2.295 2.288 2.256 2.222 2.171 2.014 1.999 3.495 
6.000 50.000 -0.512 -0.266 0.077 0.261 0.493 0.812 1.027 1.300 1.466 1.655 1.738 1.828 1.880 1.939 2.008 2.088 2.128 2.150 2.141 2.107 2.073 2.023 1.870 1.856 3.366 
6.000 60.000 -0.579 -0.334 0.007 0.190 0.422 0.739 0.953 1.225 1.390 1.577 1.659 1.748 1.798 1.855 1.920 1.996 2.031 2.048 2.037 2.002 1.968 1.917 1.767 1.753 3.283 
6.000 70.000 -0.611 -0.367 -0.027 0.155 0.385 0.701 0.914 1.184 1.348 1.532 1.611 1.697 1.744 1.797 1.857 1.922 1.951 1.960 1.947 1.910 1.876 1.826 1.682 1.669 3.218 
6.000 80.000 -0.631 -0.388 -0.049 0.132 0.361 0.676 0.887 1.156 1.318 1.500 1.578 1.662 1.707 1.757 1.813 1.872 1.897 1.900 1.884 1.845 1.811 1.761 1.619 1.607 3.174 
6.000 90.000 -0.648 -0.406 -0.069 0.112 0.340 0.653 0.863 1.131 1.292 1.472 1.549 1.630 1.674 1.722 1.774 1.827 1.847 1.844 1.827 1.786 1.751 1.701 1.562 1.550 3.137 
6.000 100.000 -0.663 -0.422 -0.086 0.093 0.321 0.633 0.842 1.108 1.268 1.447 1.523 1.602 1.644 1.690 1.738 1.785 1.801 1.793 1.774 1.731 1.696 1.647 1.509 1.498 3.106 
6.000 110.000 -0.677 -0.437 -0.103 0.076 0.303 0.613 0.822 1.086 1.246 1.423 1.497 1.574 1.615 1.658 1.703 1.745 1.756 1.744 1.722 1.678 1.643 1.594 1.459 1.447 3.077 
6.000 120.000 -0.690 -0.451 -0.118 0.061 0.286 0.596 0.803 1.067 1.225 1.400 1.474 1.549 1.588 1.629 1.671 1.707 1.714 1.697 1.674 1.629 1.593 1.544 1.412 1.401 3.054 
6.000 130.000 -0.708 -0.469 -0.138 0.040 0.265 0.573 0.780 1.042 1.200 1.373 1.445 1.519 1.557 1.596 1.634 1.665 1.669 1.648 1.623 1.578 1.542 1.493 1.364 1.353 3.025 
6.000 140.000 -0.726 -0.489 -0.158 0.019 0.243 0.550 0.756 1.017 1.174 1.346 1.417 1.489 1.525 1.562 1.597 1.623 1.624 1.599 1.573 1.527 1.491 1.443 1.317 1.306 2.995 
6.000 150.000 -0.743 -0.507 -0.177 0.000 0.223 0.529 0.733 0.993 1.149 1.319 1.389 1.459 1.494 1.528 1.560 1.581 1.578 1.550 1.522 1.475 1.440 1.393 1.270 1.259 2.966 
6.000 175.000 -0.785 -0.550 -0.223 -0.048 0.173 0.477 0.679 0.936 1.089 1.256 1.322 1.387 1.418 1.447 1.472 1.480 1.469 1.433 1.403 1.356 1.321 1.276 1.161 1.152 2.898 
6.000 200.000 -0.821 -0.588 -0.264 -0.090 0.129 0.430 0.631 0.885 1.036 1.198 1.262 1.322 1.349 1.373 1.390 1.387 1.369 1.325 1.293 1.246 1.212 1.170 1.063 1.055 2.833 
6.000 250.000 -0.884 -0.654 -0.333 -0.162 0.055 0.350 0.548 0.796 0.942 1.096 1.154 1.204 1.224 1.238 1.240 1.216 1.185 1.130 1.097 1.051 1.020 0.983 0.893 0.887 2.712 
6.000 300.000 -0.942 -0.714 -0.397 -0.228 -0.014 0.278 0.472 0.715 0.857 1.003 1.056 1.098 1.112 1.117 1.107 1.066 1.025 0.963 0.928 0.885 0.857 0.825 0.748 0.743 2.610 
6.000 350.000 -0.987 -0.761 -0.447 -0.279 -0.068 0.220 0.410 0.648 0.786 0.924 0.971 1.004 1.011 1.006 0.983 0.926 0.877 0.809 0.776 0.736 0.712 0.685 0.622 0.618 2.522 
6.000 400.000 -1.030 -0.806 -0.494 -0.328 -0.119 0.166 0.354 0.586 0.720 0.850 0.891 0.915 0.916 0.903 0.868 0.797 0.741 0.671 0.639 0.603 0.583 0.560 0.509 0.506 2.446 
6.000 450.000 -1.068 -0.845 -0.535 -0.370 -0.163 0.118 0.303 0.531 0.660 0.783 0.818 0.834 0.828 0.807 0.763 0.679 0.618 0.546 0.515 0.484 0.467 0.448 0.407 0.404 2.367 
6.000 500.000 -1.107 -0.884 -0.576 -0.411 -0.206 0.072 0.255 0.478 0.603 0.717 0.748 0.756 0.744 0.716 0.662 0.568 0.503 0.430 0.402 0.374 0.360 0.345 0.313 0.310 2.298 
6.000 600.000 -1.167 -0.945 -0.638 -0.476 -0.273 -0.002 0.175 0.387 0.501 0.597 0.614 0.603 0.578 0.534 0.462 0.350 0.280 0.213 0.191 0.175 0.168 0.161 0.145 0.144 2.175 
6.000 700.000 -1.233 -1.011 -0.704 -0.543 -0.342 -0.075 0.096 0.298 0.404 0.484 0.490 0.464 0.429 0.373 0.286 0.163 0.091 0.027 0.010 0.000 -0.002 -0.005 -0.012 -0.013 2.060 
6.000 800.000 -1.292 -1.068 -0.761 -0.600 -0.401 -0.139 0.027 0.218 0.314 0.376 0.371 0.328 0.283 0.215 0.117 -0.015 -0.087 -0.144 -0.156 -0.159 -0.158 -0.156 -0.156 -0.157 1.961 
6.000 1000.000 -1.425 -1.194 -0.883 -0.722 -0.526 -0.272 -0.115 0.057 0.133 0.163 0.138 0.068 0.007 -0.078 -0.193 -0.333 -0.401 -0.447 -0.452 -0.446 -0.441 -0.434 -0.428 -0.428 1.783 
6.000 1200.000 -1.538 -1.299 -0.981 -0.819 -0.625 -0.380 -0.236 -0.088 -0.034 -0.043 -0.090 -0.188 -0.265 -0.366 -0.493 -0.635 -0.697 -0.730 -0.728 -0.716 -0.707 -0.699 -0.689 -0.689 1.602 
6.000 1500.000 -1.718 -1.461 -1.127 -0.962 -0.769 -0.538 -0.412 -0.302 -0.282 -0.346 -0.424 -0.558 -0.654 -0.771 -0.910 -1.052 -1.106 -1.127 -1.120 -1.105 -1.095 -1.086 -1.076 -1.076 1.353 
6.500 0.000 0.942 1.169 1.485 1.654 1.867 2.156 2.347 2.586 2.730 2.896 2.973 3.065 3.121 3.189 3.274 3.382 3.442 3.490 3.492 3.466 3.434 3.382 3.215 3.199 4.806 
6.500 1.000 0.914 1.140 1.456 1.625 1.838 2.127 2.318 2.557 2.701 2.868 2.945 3.038 3.095 3.164 3.250 3.360 3.421 3.469 3.471 3.444 3.411 3.358 3.187 3.171 4.775 
6.500 5.000 0.783 1.010 1.325 1.493 1.706 1.995 2.186 2.426 2.571 2.739 2.818 2.913 2.972 3.043 3.133 3.248 3.313 3.365 3.368 3.341 3.307 3.253 3.075 3.058 4.664 
6.500 10.000 0.634 0.860 1.174 1.342 1.554 1.842 2.033 2.273 2.417 2.585 2.663 2.758 2.816 2.886 2.975 3.088 3.152 3.202 3.205 3.178 3.145 3.092 2.918 2.901 4.508 
6.500 15.000 0.496 0.721 1.035 1.203 1.414 1.701 1.892 2.131 2.275 2.442 2.520 2.614 2.671 2.741 2.828 2.938 3.000 3.048 3.050 3.022 2.989 2.935 2.763 2.746 4.354 
6.500 20.000 0.385 0.609 0.922 1.089 1.300 1.587 1.777 2.015 2.158 2.324 2.402 2.494 2.551 2.619 2.704 2.811 2.870 2.916 2.916 2.887 2.854 2.801 2.631 2.615 4.226 
6.500 25.000 0.292 0.516 0.828 0.995 1.205 1.491 1.680 1.917 2.060 2.225 2.301 2.392 2.447 2.514 2.596 2.698 2.753 2.794 2.793 2.764 2.730 2.678 2.511 2.496 4.109 
6.500 30.000 0.214 0.437 0.748 0.914 1.124 1.409 1.598 1.834 1.976 2.140 2.216 2.305 2.359 2.424 2.503 2.601 2.653 2.690 2.688 2.658 2.624 2.572 2.409 2.394 4.011 
6.500 40.000 0.087 0.309 0.619 0.785 0.993 1.277 1.465 1.700 1.841 2.002 2.077 2.164 2.216 2.278 2.353 2.444 2.491 2.522 2.517 2.485 2.452 2.400 2.241 2.226 3.853 
6.500 50.000 -0.011 0.210 0.518 0.683 0.890 1.173 1.360 1.593 1.733 1.893 1.967 2.052 2.102 2.162 2.233 2.318 2.361 2.386 2.379 2.346 2.313 2.262 2.107 2.093 3.731 
6.500 60.000 -0.072 0.148 0.455 0.619 0.825 1.106 1.292 1.525 1.664 1.823 1.895 1.978 2.027 2.084 2.153 2.232 2.271 2.291 2.282 2.248 2.214 2.163 2.012 1.998 3.654 
6.500 70.000 -0.101 0.118 0.423 0.586 0.792 1.071 1.256 1.487 1.625 1.781 1.851 1.931 1.978 2.031 2.094 2.164 2.196 2.209 2.197 2.161 2.127 2.078 1.932 1.919 3.593 
6.500 80.000 -0.119 0.099 0.403 0.565 0.770 1.048 1.232 1.462 1.599 1.753 1.822 1.900 1.944 1.995 2.054 2.117 2.145 2.152 2.138 2.100 2.066 2.016 1.873 1.860 3.552 
6.500 90.000 -0.135 0.083 0.385 0.547 0.751 1.028 1.211 1.440 1.576 1.728 1.796 1.872 1.915 1.963 2.018 2.076 2.099 2.100 2.084 2.045 2.010 1.961 1.820 1.807 3.520 
6.500 100.000 -0.148 0.068 0.370 0.531 0.734 1.010 1.192 1.419 1.554 1.705 1.772 1.846 1.887 1.933 1.985 2.037 2.055 2.052 2.034 1.993 1.958 1.909 1.771 1.759 3.491 
6.500 110.000 -0.161 0.054 0.355 0.515 0.718 0.992 1.174 1.400 1.534 1.684 1.749 1.821 1.861 1.905 1.952 1.998 2.013 2.005 1.985 1.942 1.907 1.858 1.723 1.711 3.467 
6.500 120.000 -0.173 0.042 0.341 0.501 0.702 0.976 1.157 1.382 1.515 1.663 1.727 1.797 1.836 1.877 1.921 1.962 1.973 1.960 1.938 1.895 1.859 1.811 1.678 1.667 3.446 
6.500 130.000 -0.190 0.024 0.322 0.482 0.683 0.955 1.135 1.359 1.492 1.638 1.701 1.769 1.806 1.846 1.887 1.922 1.929 1.913 1.889 1.845 1.810 1.762 1.632 1.621 3.417 
6.500 140.000 -0.207 0.006 0.303 0.462 0.662 0.934 1.113 1.336 1.468 1.613 1.675 1.741 1.776 1.814 1.852 1.882 1.886 1.865 1.841 1.796 1.761 1.714 1.587 1.577 3.389 
6.500 150.000 -0.222 -0.010 0.286 0.445 0.644 0.914 1.093 1.315 1.445 1.589 1.649 1.713 1.747 1.782 1.816 1.841 1.842 1.817 1.792 1.747 1.712 1.665 1.543 1.533 3.366 
6.500 175.000 -0.260 -0.050 0.244 0.401 0.599 0.867 1.044 1.263 1.391 1.530 1.588 1.647 1.676 1.706 1.732 1.744 1.736 1.704 1.676 1.631 1.597 1.553 1.440 1.431 3.305 
6.500 200.000 -0.296 -0.087 0.205 0.361 0.557 0.823 0.998 1.214 1.340 1.476 1.530 1.584 1.611 1.635 1.653 1.654 1.639 1.599 1.570 1.524 1.492 1.451 1.346 1.338 3.246 
6.500 250.000 -0.363 -0.157 0.131 0.285 0.478 0.740 0.912 1.124 1.246 1.374 1.424 1.469 1.489 1.504 1.509 1.490 1.463 1.413 1.382 1.338 1.309 1.272 1.184 1.177 3.136 
6.500 300.000 -0.421 -0.216 0.069 0.221 0.412 0.670 0.840 1.047 1.166 1.287 1.331 1.368 1.381 1.388 1.380 1.345 1.308 1.251 1.219 1.178 1.152 1.120 1.046 1.040 3.041 
6.500 350.000 -0.464 -0.261 0.021 0.172 0.361 0.615 0.782 0.984 1.099 1.212 1.250 1.278 1.284 1.281 1.261 1.209 1.164 1.103 1.072 1.035 1.013 0.987 0.927 0.923 2.961 
6.500 400.000 -0.503 -0.301 -0.021 0.128 0.315 0.566 0.730 0.928 1.038 1.143 1.175 1.194 1.193 1.181 1.149 1.083 1.032 0.968 0.939 0.907 0.889 0.868 0.821 0.818 2.887 
6.500 450.000 -0.545 -0.344 -0.065 0.083 0.268 0.517 0.678 0.871 0.977 1.075 1.102 1.113 1.106 1.087 1.045 0.968 0.912 0.847 0.820 0.793 0.778 0.761 0.724 0.721 2.818 
6.500 500.000 -0.584 -0.384 -0.106 0.041 0.225 0.471 0.630 0.819 0.921 1.011 1.033 1.035 1.023 0.997 0.946 0.860 0.800 0.735 0.711 0.688 0.676 0.663 0.634 0.632 2.754 
6.500 600.000 -0.643 -0.442 -0.166 -0.021 0.160 0.400 0.553 0.732 0.824 0.895 0.905 0.888 0.863 0.821 0.752 0.649 0.586 0.528 0.511 0.499 0.494 0.489 0.477 0.476 2.644 
6.500 700.000 -0.710 -0.509 -0.233 -0.089 0.090 0.326 0.474 0.643 0.726 0.782 0.780 0.749 0.714 0.660 0.579 0.465 0.402 0.349 0.336 0.331 0.331 0.331 0.327 0.327 2.534 
6.500 800.000 -0.762 -0.560 -0.283 -0.139 0.038 0.268 0.410 0.569 0.642 0.678 0.665 0.617 0.572 0.506 0.414 0.293 0.231 0.186 0.179 0.181 0.185 0.189 0.192 0.191 2.446 
6.500 1000.000 -0.882 -0.674 -0.394 -0.251 -0.076 0.145 0.277 0.415 0.469 0.472 0.438 0.363 0.303 0.221 0.114 -0.011 -0.068 -0.099 -0.098 -0.088 -0.080 -0.071 -0.063 -0.063 2.284 
6.500 1200.000 -0.992 -0.776 -0.491 -0.347 -0.175 0.036 0.157 0.271 0.303 0.270 0.215 0.115 0.040 -0.055 -0.171 -0.295 -0.345 -0.365 -0.358 -0.342 -0.332 -0.322 -0.312 -0.312 2.114 
6.500 1500.000 -1.154 -0.923 -0.625 -0.479 -0.311 -0.115 -0.013 0.063 0.062 -0.024 -0.107 -0.240 -0.331 -0.440 -0.564 -0.685 -0.727 -0.736 -0.726 -0.708 -0.698 -0.688 -0.679 -0.678 1.884 
7.000 0.000 1.259 1.459 1.736 1.884 2.069 2.318 2.481 2.683 2.804 2.949 3.020 3.109 3.165 3.234 3.321 3.432 3.495 3.545 3.549 3.524 3.492 3.441 3.273 3.257 4.966 
7.000 1.000 1.233 1.433 1.710 1.857 2.042 2.292 2.455 2.657 2.778 2.924 2.996 3.086 3.142 3.212 3.300 3.413 3.477 3.529 3.532 3.507 3.474 3.422 3.251 3.234 4.940 
7.000 5.000 1.126 1.325 1.601 1.749 1.934 2.183 2.346 2.549 2.671 2.818 2.891 2.983 3.041 3.113 3.204 3.322 3.389 3.444 3.448 3.422 3.390 3.336 3.160 3.142 4.858 
7.000 10.000 0.998 1.196 1.472 1.620 1.804 2.053 2.216 2.418 2.541 2.688 2.761 2.853 2.912 2.984 3.075 3.193 3.261 3.316 3.320 3.295 3.262 3.208 3.032 3.015 4.740 
7.000 15.000 0.881 1.079 1.354 1.501 1.685 1.933 2.096 2.298 2.420 2.567 2.640 2.732 2.790 2.861 2.951 3.068 3.133 3.186 3.190 3.164 3.130 3.076 2.900 2.883 4.613 
7.000 20.000 0.782 0.980 1.254 1.401 1.585 1.832 1.995 2.196 2.318 2.464 2.537 2.628 2.685 2.755 2.844 2.958 3.022 3.072 3.074 3.047 3.014 2.960 2.786 2.769 4.505 
7.000 25.000 0.699 0.896 1.170 1.316 1.499 1.746 1.908 2.109 2.230 2.376 2.448 2.537 2.594 2.662 2.749 2.859 2.919 2.966 2.967 2.939 2.906 2.853 2.681 2.665 4.407 
7.000 30.000 0.631 0.827 1.100 1.246 1.429 1.675 1.837 2.037 2.158 2.302 2.373 2.461 2.516 2.584 2.668 2.773 2.831 2.874 2.874 2.845 2.811 2.759 2.590 2.574 4.325 
7.000 40.000 0.517 0.712 0.984 1.129 1.311 1.556 1.717 1.916 2.036 2.178 2.248 2.334 2.388 2.452 2.532 2.631 2.684 2.722 2.719 2.689 2.655 2.603 2.439 2.423 4.187 
7.000 50.000 0.429 0.623 0.894 1.039 1.220 1.464 1.624 1.822 1.941 2.082 2.150 2.234 2.286 2.348 2.424 2.517 2.565 2.597 2.592 2.561 2.527 2.475 2.316 2.301 4.080 
7.000 60.000 0.374 0.567 0.837 0.981 1.161 1.404 1.563 1.760 1.879 2.018 2.085 2.167 2.218 2.278 2.350 2.437 2.481 2.507 2.501 2.468 2.434 2.383 2.228 2.214 4.009 
7.000 70.000 0.347 0.540 0.808 0.951 1.131 1.373 1.531 1.726 1.843 1.981 2.046 2.125 2.173 2.229 2.296 2.374 2.412 2.431 2.422 2.387 2.354 2.304 2.154 2.141 3.953 
7.000 80.000 0.331 0.523 0.790 0.933 1.111 1.352 1.510 1.704 1.821 1.956 2.020 2.097 2.143 2.197 2.260 2.332 2.365 2.378 2.367 2.330 2.296 2.247 2.100 2.087 3.918 
7.000 90.000 0.317 0.508 0.775 0.917 1.095 1.335 1.491 1.685 1.800 1.934 1.997 2.072 2.117 2.168 2.227 2.293 2.321 2.329 2.315 2.278 2.244 2.194 2.051 2.038 3.887 
7.000 100.000 0.304 0.495 0.760 0.902 1.079 1.318 1.474 1.667 1.781 1.914 1.976 2.049 2.091 2.140 2.196 2.256 2.280 2.283 2.268 2.229 2.194 2.145 2.005 1.993 3.860 
7.000 110.000 0.292 0.482 0.746 0.887 1.064 1.302 1.457 1.649 1.763 1.894 1.955 2.025 2.067 2.113 2.166 2.219 2.240 2.238 2.220 2.180 2.145 2.097 1.960 1.948 3.839 
7.000 120.000 0.280 0.470 0.733 0.873 1.049 1.287 1.441 1.632 1.745 1.875 1.934 2.003 2.043 2.087 2.136 2.184 2.200 2.194 2.175 2.133 2.099 2.051 1.917 1.905 3.816 
7.000 130.000 0.264 0.453 0.715 0.855 1.031 1.267 1.421 1.611 1.723 1.851 1.910 1.977 2.015 2.057 2.103 2.146 2.158 2.148 2.128 2.086 2.051 2.004 1.873 1.862 3.790 
7.000 140.000 0.247 0.435 0.697 0.836 1.011 1.247 1.400 1.589 1.701 1.828 1.885 1.950 1.987 2.027 2.070 2.108 2.117 2.103 2.081 2.039 2.005 1.958 1.831 1.820 3.765 
7.000 150.000 0.232 0.420 0.681 0.820 0.994 1.229 1.382 1.570 1.680 1.805 1.862 1.925 1.960 1.997 2.036 2.069 2.074 2.057 2.034 1.991 1.957 1.911 1.788 1.778 3.743 
7.000 175.000 0.194 0.380 0.639 0.777 0.950 1.183 1.334 1.520 1.629 1.750 1.803 1.861 1.892 1.925 1.955 1.975 1.973 1.947 1.922 1.879 1.847 1.804 1.690 1.681 3.687 
7.000 200.000 0.157 0.342 0.599 0.736 0.908 1.139 1.289 1.473 1.580 1.698 1.748 1.802 1.829 1.857 1.880 1.890 1.881 1.848 1.821 1.778 1.747 1.706 1.601 1.593 3.632 
7.000 250.000 0.089 0.272 0.527 0.662 0.831 1.059 1.207 1.387 1.490 1.602 1.647 1.692 1.714 1.732 1.742 1.733 1.712 1.669 1.641 1.600 1.572 1.536 1.448 1.441 3.530 
7.000 300.000 0.039 0.220 0.472 0.606 0.774 0.998 1.144 1.319 1.419 1.523 1.563 1.600 1.614 1.623 1.620 1.593 1.562 1.513 1.484 1.447 1.422 1.392 1.320 1.315 3.448 
7.000 350.000 -0.004 0.176 0.426 0.559 0.724 0.946 1.089 1.260 1.356 1.452 1.487 1.513 1.521 1.520 1.505 1.461 1.423 1.369 1.342 1.309 1.289 1.265 1.208 1.204 3.374 
7.000 400.000 -0.044 0.135 0.384 0.515 0.680 0.899 1.039 1.206 1.298 1.386 1.415 1.433 1.433 1.424 1.397 1.340 1.296 1.240 1.215 1.188 1.172 1.153 1.110 1.106 3.309 
7.000 450.000 -0.086 0.092 0.340 0.471 0.634 0.850 0.988 1.152 1.240 1.321 1.344 1.353 1.348 1.331 1.295 1.227 1.178 1.122 1.100 1.077 1.064 1.050 1.017 1.014 3.245 
7.000 500.000 -0.124 0.054 0.301 0.431 0.593 0.807 0.943 1.102 1.186 1.259 1.277 1.278 1.267 1.243 1.198 1.120 1.069 1.014 0.994 0.976 0.967 0.957 0.933 0.931 3.185 
7.000 600.000 -0.184 -0.006 0.240 0.369 0.528 0.737 0.868 1.017 1.092 1.146 1.151 1.134 1.110 1.071 1.008 0.916 0.861 0.813 0.801 0.794 0.793 0.790 0.781 0.780 3.082 
7.000 700.000 -0.249 -0.069 0.176 0.305 0.462 0.666 0.793 0.932 0.998 1.036 1.030 0.997 0.964 0.913 0.838 0.736 0.682 0.641 0.634 0.634 0.637 0.639 0.638 0.638 2.981 
7.000 800.000 -0.299 -0.118 0.128 0.256 0.411 0.611 0.731 0.860 0.915 0.934 0.916 0.867 0.823 0.761 0.676 0.569 0.517 0.485 0.484 0.492 0.498 0.505 0.510 0.510 2.896 
7.000 1000.000 -0.412 -0.225 0.023 0.150 0.303 0.492 0.602 0.710 0.745 0.730 0.691 0.615 0.557 0.480 0.384 0.276 0.232 0.214 0.221 0.237 0.248 0.257 0.268 0.268 2.751 
7.000 1200.000 -0.509 -0.316 -0.063 0.064 0.212 0.391 0.489 0.572 0.585 0.534 0.475 0.375 0.304 0.216 0.113 0.008 -0.029 -0.035 -0.023 -0.004 0.008 0.019 0.030 0.030 2.593 
7.000 1500.000 -0.652 -0.446 -0.185 -0.058 0.086 0.247 0.324 0.369 0.349 0.247 0.161 0.032 -0.052 -0.151 -0.259 -0.358 -0.387 -0.384 -0.371 -0.351 -0.340 -0.330 -0.321 -0.320 2.382 
7.500 0.000 1.530 1.702 1.940 2.067 2.225 2.436 2.573 2.743 2.847 2.978 3.046 3.134 3.191 3.260 3.349 3.462 3.527 3.580 3.584 3.560 3.529 3.478 3.309 3.293 5.105 
7.500 1.000 1.506 1.678 1.916 2.042 2.200 2.411 2.549 2.719 2.824 2.955 3.024 3.113 3.170 3.240 3.330 3.445 3.511 3.565 3.570 3.545 3.513 3.461 3.290 3.273 5.082 
7.500 5.000 1.416 1.587 1.825 1.951 2.109 2.320 2.458 2.628 2.734 2.866 2.936 3.026 3.085 3.157 3.248 3.368 3.436 3.492 3.498 3.473 3.441 3.388 3.213 3.196 5.020 
7.500 10.000 1.302 1.473 1.710 1.836 1.994 2.205 2.342 2.514 2.619 2.753 2.823 2.915 2.974 3.047 3.140 3.262 3.332 3.390 3.396 3.371 3.339 3.285 3.107 3.089 4.926 
7.500 15.000 1.202 1.373 1.610 1.736 1.893 2.104 2.241 2.412 2.518 2.652 2.722 2.813 2.872 2.946 3.039 3.160 3.230 3.287 3.292 3.267 3.234 3.180 3.001 2.983 4.827 
7.500 20.000 1.118 1.288 1.525 1.650 1.807 2.018 2.155 2.326 2.431 2.565 2.635 2.725 2.784 2.856 2.948 3.068 3.135 3.191 3.195 3.169 3.136 3.081 2.903 2.886 4.741 
7.500 25.000 1.047 1.217 1.453 1.578 1.735 1.945 2.082 2.252 2.357 2.490 2.559 2.649 2.707 2.778 2.869 2.985 3.051 3.103 3.106 3.079 3.046 2.992 2.816 2.798 4.665 
7.500 30.000 0.985 1.155 1.390 1.515 1.672 1.881 2.018 2.188 2.293 2.425 2.493 2.582 2.639 2.709 2.798 2.911 2.974 3.024 3.025 2.998 2.964 2.911 2.737 2.720 4.596 
7.500 40.000 0.884 1.052 1.287 1.412 1.567 1.776 1.912 2.081 2.185 2.316 2.384 2.470 2.526 2.593 2.678 2.785 2.844 2.888 2.887 2.859 2.825 2.772 2.604 2.587 4.482 
7.500 50.000 0.807 0.975 1.209 1.333 1.488 1.696 1.831 2.000 2.103 2.232 2.298 2.383 2.437 2.502 2.583 2.683 2.737 2.775 2.773 2.743 2.710 2.658 2.494 2.479 4.396 
7.500 60.000 0.757 0.925 1.157 1.281 1.435 1.643 1.777 1.945 2.048 2.175 2.240 2.323 2.375 2.438 2.515 2.609 2.659 2.692 2.688 2.657 2.624 2.573 2.414 2.399 4.332 
7.500 70.000 0.734 0.901 1.132 1.255 1.409 1.616 1.750 1.916 2.018 2.143 2.207 2.286 2.336 2.396 2.468 2.553 2.597 2.623 2.616 2.584 2.551 2.500 2.348 2.334 4.283 
7.500 80.000 0.719 0.885 1.116 1.239 1.392 1.598 1.731 1.897 1.998 2.122 2.184 2.262 2.310 2.367 2.435 2.515 2.553 2.574 2.565 2.531 2.497 2.447 2.298 2.284 4.252 
7.500 90.000 0.707 0.872 1.102 1.225 1.377 1.582 1.715 1.880 1.980 2.103 2.164 2.240 2.286 2.340 2.405 2.479 2.513 2.528 2.517 2.482 2.448 2.398 2.252 2.239 4.225 
7.500 100.000 0.695 0.860 1.090 1.212 1.364 1.568 1.700 1.864 1.964 2.085 2.145 2.219 2.264 2.316 2.377 2.445 2.475 2.485 2.472 2.435 2.402 2.352 2.210 2.197 4.200 
7.500 110.000 0.683 0.847 1.076 1.198 1.350 1.553 1.685 1.848 1.947 2.066 2.125 2.197 2.240 2.290 2.347 2.409 2.435 2.441 2.426 2.388 2.354 2.305 2.166 2.154 4.178 
7.500 120.000 0.672 0.836 1.064 1.185 1.336 1.539 1.670 1.833 1.931 2.049 2.107 2.176 2.218 2.265 2.319 2.375 2.398 2.398 2.382 2.343 2.309 2.261 2.126 2.114 4.158 
7.500 130.000 0.655 0.819 1.046 1.167 1.318 1.520 1.651 1.813 1.911 2.027 2.084 2.152 2.192 2.237 2.288 2.340 2.358 2.355 2.337 2.298 2.264 2.217 2.085 2.073 4.135 
7.500 140.000 0.639 0.802 1.029 1.149 1.300 1.501 1.632 1.793 1.890 2.005 2.061 2.127 2.166 2.209 2.257 2.303 2.319 2.312 2.293 2.253 2.219 2.173 2.044 2.033 4.112 
7.500 150.000 0.623 0.786 1.012 1.132 1.282 1.483 1.613 1.774 1.870 1.984 2.038 2.102 2.139 2.180 2.224 2.265 2.277 2.267 2.247 2.206 2.173 2.128 2.004 1.993 4.093 
7.500 175.000 0.585 0.747 0.971 1.091 1.240 1.439 1.568 1.727 1.821 1.932 1.983 2.043 2.076 2.111 2.148 2.177 2.180 2.162 2.140 2.099 2.067 2.025 1.911 1.901 4.042 
7.500 200.000 0.546 0.707 0.930 1.049 1.197 1.395 1.524 1.681 1.774 1.881 1.930 1.985 2.016 2.047 2.076 2.095 2.092 2.067 2.043 2.003 1.972 1.932 1.826 1.818 3.992 
7.500 250.000 0.482 0.642 0.863 0.981 1.128 1.323 1.450 1.603 1.693 1.794 1.838 1.884 1.907 1.929 1.945 1.944 1.930 1.895 1.870 1.832 1.805 1.771 1.684 1.677 3.900 
7.500 300.000 0.435 0.593 0.813 0.930 1.075 1.269 1.393 1.543 1.629 1.722 1.761 1.797 1.814 1.826 1.828 1.809 1.785 1.743 1.718 1.684 1.662 1.633 1.564 1.559 3.827 
7.500 350.000 0.391 0.549 0.767 0.883 1.027 1.218 1.341 1.487 1.569 1.655 1.688 1.715 1.725 1.727 1.717 1.683 1.651 1.605 1.582 1.553 1.535 1.513 1.459 1.455 3.761 
7.500 400.000 0.352 0.509 0.727 0.842 0.985 1.174 1.294 1.437 1.515 1.593 1.620 1.638 1.641 1.635 1.614 1.566 1.528 1.481 1.460 1.437 1.423 1.407 1.366 1.364 3.700 
7.500 450.000 0.311 0.468 0.686 0.800 0.942 1.129 1.247 1.386 1.461 1.531 1.552 1.562 1.558 1.545 1.513 1.455 1.413 1.367 1.349 1.331 1.321 1.309 1.280 1.278 3.640 
7.500 500.000 0.274 0.431 0.648 0.762 0.903 1.088 1.204 1.339 1.410 1.472 1.487 1.489 1.479 1.458 1.418 1.350 1.306 1.261 1.246 1.234 1.228 1.220 1.200 1.198 3.583 
7.500 600.000 0.214 0.372 0.588 0.702 0.841 1.021 1.132 1.257 1.318 1.361 1.363 1.346 1.324 1.288 1.231 1.149 1.103 1.066 1.059 1.058 1.058 1.059 1.053 1.053 3.487 
7.500 700.000 0.153 0.312 0.529 0.642 0.779 0.955 1.062 1.177 1.229 1.255 1.246 1.213 1.181 1.133 1.064 0.974 0.929 0.900 0.899 0.905 0.910 0.915 0.917 0.917 3.393 
7.500 800.000 0.106 0.267 0.484 0.596 0.732 0.902 1.003 1.107 1.147 1.154 1.132 1.082 1.040 0.982 0.904 0.811 0.770 0.751 0.755 0.769 0.777 0.786 0.794 0.794 3.311 
7.500 1000.000 0.001 0.167 0.387 0.498 0.629 0.790 0.879 0.960 0.980 0.951 0.909 0.833 0.777 0.705 0.618 0.527 0.494 0.490 0.502 0.523 0.535 0.546 0.557 0.558 3.182 
7.500 1200.000 -0.084 0.087 0.310 0.420 0.547 0.695 0.772 0.827 0.825 0.760 0.698 0.600 0.532 0.452 0.360 0.274 0.249 0.255 0.271 0.294 0.306 0.317 0.329 0.329 3.036 
7.500 1500.000 -0.207 -0.027 0.200 0.308 0.428 0.557 0.611 0.627 0.591 0.477 0.390 0.266 0.188 0.099 0.006 -0.072 -0.090 -0.077 -0.061 -0.040 -0.029 -0.019 -0.010 -0.010 2.843 
7.800 0.000 1.661 1.817 2.033 2.147 2.290 2.480 2.604 2.758 2.855 2.981 3.048 3.136 3.193 3.264 3.353 3.469 3.535 3.590 3.595 3.571 3.540 3.488 3.318 3.302 5.177 
7.800 1.000 1.638 1.793 2.009 2.124 2.266 2.457 2.581 2.735 2.833 2.959 3.026 3.115 3.173 3.244 3.335 3.453 3.520 3.576 3.581 3.557 3.525 3.472 3.299 3.282 5.154 
7.800 5.000 1.553 1.708 1.924 2.038 2.181 2.371 2.495 2.651 2.749 2.876 2.945 3.035 3.094 3.167 3.261 3.382 3.452 3.511 3.517 3.493 3.460 3.407 3.229 3.212 5.096 
7.800 10.000 1.451 1.606 1.822 1.936 2.078 2.269 2.393 2.549 2.647 2.775 2.845 2.936 2.996 3.070 3.165 3.289 3.361 3.422 3.428 3.404 3.371 3.317 3.136 3.118 5.020 
7.800 15.000 1.360 1.515 1.730 1.844 1.986 2.177 2.301 2.457 2.555 2.684 2.753 2.845 2.905 2.980 3.075 3.200 3.271 3.332 3.338 3.313 3.280 3.225 3.043 3.024 4.937 
7.800 20.000 1.283 1.438 1.652 1.766 1.908 2.098 2.222 2.378 2.477 2.605 2.674 2.766 2.826 2.899 2.994 3.117 3.188 3.246 3.252 3.226 3.193 3.138 2.956 2.938 4.863 
7.800 25.000 1.218 1.372 1.586 1.700 1.842 2.031 2.155 2.311 2.409 2.537 2.606 2.697 2.756 2.829 2.922 3.043 3.112 3.168 3.172 3.146 3.112 3.058 2.877 2.859 4.797 
7.800 30.000 1.162 1.316 1.530 1.643 1.785 1.974 2.098 2.253 2.351 2.478 2.547 2.637 2.695 2.767 2.858 2.976 3.043 3.097 3.100 3.073 3.039 2.985 2.807 2.789 4.738 
7.800 40.000 1.067 1.220 1.433 1.546 1.687 1.876 1.999 2.154 2.251 2.377 2.444 2.532 2.589 2.659 2.747 2.859 2.921 2.970 2.971 2.943 2.909 2.855 2.683 2.666 4.634 
7.800 50.000 0.994 1.146 1.359 1.471 1.612 1.800 1.923 2.077 2.173 2.298 2.365 2.451 2.506 2.573 2.658 2.764 2.822 2.866 2.865 2.836 2.802 2.749 2.581 2.565 4.553 
7.800 60.000 0.946 1.098 1.309 1.422 1.562 1.750 1.872 2.025 2.121 2.245 2.310 2.394 2.448 2.513 2.594 2.695 2.749 2.787 2.784 2.754 2.720 2.668 2.504 2.489 4.494 
7.800 70.000 0.924 1.076 1.286 1.398 1.538 1.725 1.847 1.999 2.094 2.215 2.279 2.361 2.412 2.474 2.551 2.643 2.691 2.722 2.717 2.685 2.652 2.600 2.442 2.428 4.450 
7.800 80.000 0.910 1.061 1.272 1.383 1.522 1.709 1.830 1.982 2.076 2.196 2.259 2.338 2.388 2.447 2.520 2.606 2.649 2.675 2.668 2.634 2.600 2.549 2.395 2.381 4.419 
7.800 90.000 0.898 1.049 1.258 1.370 1.509 1.694 1.815 1.966 2.060 2.178 2.240 2.317 2.365 2.423 2.491 2.572 2.611 2.631 2.621 2.586 2.552 2.502 2.351 2.337 4.393 
7.800 100.000 0.886 1.037 1.246 1.357 1.495 1.680 1.801 1.951 2.044 2.162 2.222 2.298 2.344 2.399 2.465 2.539 2.574 2.590 2.578 2.542 2.508 2.458 2.310 2.297 4.368 
7.800 110.000 0.874 1.024 1.233 1.343 1.481 1.666 1.786 1.936 2.028 2.144 2.203 2.277 2.322 2.374 2.436 2.505 2.536 2.546 2.533 2.495 2.461 2.412 2.268 2.255 4.347 
7.800 120.000 0.862 1.012 1.220 1.330 1.468 1.652 1.771 1.920 2.012 2.127 2.185 2.257 2.300 2.351 2.409 2.472 2.499 2.505 2.490 2.452 2.417 2.368 2.228 2.216 4.327 
7.800 130.000 0.846 0.995 1.203 1.313 1.450 1.634 1.753 1.902 1.993 2.106 2.163 2.233 2.275 2.324 2.379 2.437 2.461 2.463 2.447 2.407 2.373 2.325 2.188 2.176 4.305 
7.800 140.000 0.830 0.979 1.186 1.296 1.433 1.616 1.735 1.883 1.973 2.085 2.141 2.209 2.250 2.297 2.349 2.402 2.422 2.420 2.403 2.363 2.329 2.282 2.149 2.137 4.284 
7.800 150.000 0.814 0.963 1.170 1.279 1.416 1.599 1.717 1.864 1.954 2.065 2.120 2.186 2.225 2.269 2.318 2.366 2.382 2.376 2.358 2.318 2.285 2.238 2.110 2.099 4.266 
7.800 175.000 0.776 0.924 1.130 1.239 1.375 1.556 1.674 1.819 1.908 2.015 2.067 2.129 2.164 2.203 2.244 2.280 2.288 2.274 2.254 2.214 2.182 2.138 2.020 2.010 4.217 
7.800 200.000 0.738 0.886 1.090 1.199 1.334 1.515 1.632 1.776 1.863 1.967 2.017 2.074 2.107 2.141 2.175 2.201 2.202 2.182 2.160 2.120 2.089 2.048 1.939 1.930 4.169 
7.800 250.000 0.676 0.822 1.026 1.134 1.268 1.446 1.562 1.703 1.787 1.884 1.928 1.976 2.002 2.026 2.046 2.052 2.042 2.011 1.988 1.951 1.925 1.890 1.802 1.795 4.090 
7.800 300.000 0.627 0.773 0.975 1.082 1.215 1.392 1.505 1.643 1.724 1.814 1.852 1.892 1.910 1.925 1.931 1.919 1.899 1.861 1.838 1.806 1.783 1.755 1.685 1.680 4.017 
7.800 350.000 0.583 0.728 0.930 1.037 1.169 1.344 1.455 1.590 1.667 1.749 1.782 1.812 1.823 1.829 1.823 1.795 1.767 1.726 1.705 1.678 1.660 1.638 1.584 1.580 3.955 
7.800 400.000 0.544 0.689 0.890 0.996 1.128 1.301 1.411 1.541 1.615 1.689 1.716 1.737 1.742 1.739 1.722 1.680 1.647 1.605 1.586 1.564 1.551 1.535 1.495 1.493 3.900 
7.800 450.000 0.504 0.649 0.850 0.956 1.086 1.258 1.366 1.493 1.562 1.629 1.651 1.663 1.661 1.650 1.624 1.571 1.534 1.492 1.476 1.460 1.451 1.440 1.411 1.409 3.844 
7.800 500.000 0.468 0.614 0.815 0.920 1.050 1.219 1.326 1.449 1.514 1.573 1.589 1.592 1.584 1.566 1.530 1.468 1.428 1.388 1.375 1.364 1.359 1.352 1.333 1.331 3.794 
7.800 600.000 0.411 0.558 0.758 0.863 0.991 1.156 1.257 1.370 1.426 1.466 1.468 1.452 1.432 1.398 1.346 1.270 1.229 1.198 1.193 1.194 1.196 1.197 1.193 1.193 3.700 
7.800 700.000 0.351 0.500 0.701 0.805 0.931 1.092 1.189 1.293 1.339 1.361 1.352 1.320 1.290 1.245 1.181 1.098 1.058 1.035 1.036 1.045 1.051 1.057 1.061 1.061 3.614 
7.800 800.000 0.307 0.457 0.659 0.762 0.887 1.042 1.133 1.225 1.260 1.262 1.240 1.191 1.151 1.095 1.022 0.937 0.901 0.889 0.896 0.912 0.922 0.931 0.940 0.940 3.536 
7.800 1000.000 0.210 0.365 0.568 0.671 0.791 0.936 1.015 1.083 1.096 1.061 1.018 0.943 0.889 0.821 0.740 0.658 0.632 0.635 0.650 0.672 0.685 0.696 0.708 0.708 3.420 
7.800 1200.000 0.129 0.288 0.493 0.594 0.710 0.842 0.908 0.951 0.941 0.872 0.810 0.715 0.651 0.575 0.490 0.415 0.395 0.407 0.424 0.448 0.460 0.472 0.483 0.483 3.281 
7.800 1500.000 0.014 0.181 0.389 0.487 0.594 0.706 0.750 0.753 0.711 0.594 0.509 0.391 0.316 0.234 0.148 0.080 0.067 0.083 0.100 0.121 0.132 0.141 0.150 0.150 3.100 
8.000 0.000 1.737 1.883 2.084 2.191 2.324 2.502 2.618 2.763 2.856 2.979 3.046 3.135 3.192 3.263 3.354 3.472 3.539 3.595 3.600 3.576 3.544 3.491 3.319 3.302 5.222 
8.000 1.000 1.714 1.860 2.061 2.168 2.301 2.479 2.595 2.741 2.834 2.957 3.025 3.114 3.172 3.244 3.336 3.455 3.523 3.580 3.585 3.561 3.529 3.476 3.300 3.283 5.197 
8.000 5.000 1.634 1.779 1.980 2.087 2.220 2.398 2.514 2.661 2.754 2.879 2.947 3.038 3.097 3.171 3.265 3.388 3.459 3.519 3.525 3.501 3.468 3.414 3.234 3.217 5.143 
8.000 10.000 1.541 1.686 1.887 1.993 2.126 2.304 2.420 2.567 2.661 2.787 2.856 2.948 3.008 3.082 3.178 3.303 3.376 3.437 3.444 3.420 3.387 3.333 3.151 3.133 5.078 
8.000 15.000 1.454 1.599 1.800 1.907 2.039 2.217 2.333 2.481 2.575 2.701 2.770 2.863 2.923 2.998 3.094 3.221 3.294 3.356 3.362 3.338 3.304 3.249 3.065 3.046 5.003 
8.000 20.000 1.383 1.527 1.728 1.834 1.967 2.144 2.260 2.408 2.502 2.628 2.697 2.789 2.849 2.924 3.020 3.145 3.217 3.277 3.283 3.258 3.225 3.169 2.985 2.967 4.938 
8.000 25.000 1.322 1.466 1.666 1.772 1.905 2.082 2.198 2.345 2.439 2.565 2.634 2.725 2.785 2.858 2.953 3.076 3.146 3.205 3.210 3.184 3.150 3.095 2.913 2.895 4.879 
8.000 30.000 1.269 1.413 1.613 1.719 1.851 2.028 2.144 2.291 2.385 2.510 2.578 2.669 2.727 2.800 2.894 3.014 3.083 3.139 3.143 3.116 3.082 3.028 2.847 2.830 4.826 
8.000 40.000 1.178 1.321 1.520 1.626 1.758 1.935 2.050 2.196 2.290 2.413 2.481 2.569 2.627 2.698 2.787 2.902 2.967 3.018 3.020 2.992 2.959 2.904 2.729 2.712 4.728 
8.000 50.000 1.107 1.250 1.449 1.554 1.686 1.862 1.977 2.123 2.215 2.338 2.405 2.492 2.548 2.617 2.703 2.813 2.873 2.919 2.920 2.891 2.857 2.804 2.633 2.616 4.651 
8.000 60.000 1.060 1.203 1.401 1.506 1.637 1.813 1.928 2.073 2.165 2.287 2.352 2.437 2.492 2.559 2.642 2.746 2.803 2.844 2.842 2.812 2.779 2.726 2.559 2.543 4.596 
8.000 70.000 1.040 1.182 1.380 1.485 1.616 1.791 1.905 2.049 2.140 2.260 2.324 2.407 2.459 2.523 2.601 2.697 2.748 2.782 2.778 2.747 2.713 2.661 2.500 2.485 4.555 
8.000 80.000 1.027 1.169 1.366 1.470 1.601 1.775 1.889 2.033 2.124 2.242 2.304 2.385 2.436 2.497 2.572 2.662 2.708 2.736 2.730 2.697 2.663 2.611 2.454 2.440 4.525 
8.000 90.000 1.015 1.156 1.353 1.457 1.587 1.761 1.875 2.018 2.108 2.225 2.286 2.365 2.414 2.473 2.544 2.629 2.670 2.694 2.685 2.651 2.616 2.565 2.411 2.397 4.498 
8.000 100.000 1.003 1.144 1.341 1.445 1.574 1.748 1.861 2.004 2.093 2.209 2.269 2.346 2.394 2.451 2.519 2.597 2.635 2.653 2.643 2.607 2.573 2.522 2.372 2.358 4.474 
8.000 110.000 0.990 1.131 1.327 1.431 1.560 1.733 1.846 1.988 2.077 2.191 2.251 2.326 2.372 2.426 2.491 2.564 2.597 2.611 2.599 2.562 2.527 2.477 2.330 2.317 4.453 
8.000 120.000 0.978 1.119 1.314 1.418 1.547 1.720 1.832 1.974 2.062 2.175 2.233 2.306 2.351 2.403 2.464 2.532 2.561 2.570 2.556 2.518 2.484 2.434 2.291 2.278 4.434 
8.000 130.000 0.962 1.103 1.298 1.401 1.530 1.702 1.815 1.955 2.043 2.155 2.212 2.283 2.327 2.377 2.435 2.497 2.524 2.529 2.513 2.475 2.440 2.392 2.252 2.240 4.413 
8.000 140.000 0.946 1.086 1.281 1.384 1.513 1.685 1.797 1.937 2.024 2.135 2.191 2.260 2.302 2.350 2.405 2.463 2.485 2.487 2.470 2.431 2.397 2.349 2.214 2.202 4.392 
8.000 150.000 0.932 1.072 1.266 1.369 1.497 1.669 1.781 1.920 2.007 2.116 2.171 2.238 2.278 2.324 2.375 2.427 2.446 2.444 2.426 2.387 2.353 2.306 2.176 2.165 4.375 
8.000 175.000 0.892 1.032 1.225 1.328 1.456 1.626 1.737 1.875 1.961 2.066 2.119 2.182 2.218 2.259 2.303 2.343 2.355 2.344 2.324 2.285 2.252 2.208 2.088 2.078 4.328 
8.000 200.000 0.856 0.995 1.188 1.290 1.418 1.587 1.698 1.834 1.918 2.021 2.071 2.130 2.163 2.199 2.236 2.266 2.270 2.253 2.231 2.192 2.161 2.119 2.008 1.999 4.280 
8.000 250.000 0.796 0.934 1.126 1.228 1.354 1.522 1.631 1.765 1.845 1.941 1.985 2.035 2.061 2.087 2.109 2.119 2.111 2.083 2.061 2.025 1.998 1.964 1.875 1.868 4.207 
8.000 300.000 0.745 0.883 1.074 1.175 1.300 1.467 1.574 1.705 1.782 1.871 1.910 1.950 1.969 1.986 1.995 1.987 1.969 1.935 1.913 1.881 1.859 1.831 1.761 1.755 4.137 
8.000 350.000 0.701 0.839 1.029 1.130 1.255 1.420 1.525 1.653 1.727 1.808 1.841 1.872 1.885 1.892 1.889 1.865 1.840 1.802 1.782 1.755 1.738 1.716 1.663 1.659 4.080 
8.000 400.000 0.662 0.800 0.990 1.091 1.215 1.378 1.482 1.606 1.676 1.749 1.777 1.799 1.804 1.803 1.789 1.752 1.721 1.682 1.664 1.644 1.631 1.615 1.576 1.573 4.028 
8.000 450.000 0.623 0.761 0.952 1.052 1.175 1.337 1.439 1.560 1.626 1.691 1.713 1.726 1.726 1.716 1.692 1.644 1.608 1.570 1.555 1.540 1.531 1.520 1.492 1.490 3.976 
8.000 500.000 0.588 0.726 0.917 1.017 1.140 1.300 1.400 1.516 1.579 1.636 1.652 1.656 1.649 1.633 1.599 1.541 1.503 1.467 1.455 1.445 1.440 1.434 1.416 1.414 3.928 
8.000 600.000 0.532 0.672 0.863 0.962 1.083 1.239 1.335 1.441 1.493 1.531 1.533 1.518 1.498 1.466 1.416 1.345 1.306 1.279 1.276 1.278 1.281 1.283 1.280 1.279 3.835 
8.000 700.000 0.474 0.615 0.807 0.906 1.025 1.177 1.268 1.364 1.407 1.427 1.417 1.386 1.357 1.313 1.252 1.174 1.137 1.119 1.122 1.132 1.139 1.146 1.151 1.151 3.755 
8.000 800.000 0.432 0.575 0.767 0.865 0.983 1.129 1.214 1.298 1.329 1.328 1.306 1.258 1.218 1.165 1.095 1.015 0.983 0.975 0.984 1.001 1.012 1.022 1.032 1.032 3.679 
8.000 1000.000 0.341 0.488 0.681 0.778 0.891 1.026 1.099 1.159 1.167 1.129 1.085 1.011 0.958 0.893 0.815 0.740 0.717 0.725 0.741 0.765 0.778 0.790 0.802 0.802 3.572 
8.000 1200.000 0.261 0.413 0.607 0.702 0.811 0.933 0.992 1.027 1.013 0.941 0.879 0.786 0.723 0.651 0.571 0.501 0.486 0.501 0.519 0.543 0.556 0.567 0.579 0.579 3.438 
8.000 1500.000 0.154 0.311 0.507 0.598 0.698 0.798 0.835 0.830 0.784 0.665 0.581 0.465 0.394 0.315 0.235 0.173 0.164 0.182 0.199 0.220 0.231 0.240 0.248 0.248 3.265 
8.200 0.000 1.808 1.943 2.132 2.231 2.355 2.521 2.629 2.767 2.856 2.977 3.043 3.132 3.189 3.260 3.351 3.469 3.537 3.593 3.598 3.575 3.543 3.491 3.319 3.302 5.265 
8.200 1.000 1.785 1.921 2.109 2.208 2.332 2.498 2.607 2.745 2.834 2.955 3.022 3.111 3.169 3.241 3.334 3.453 3.522 3.579 3.584 3.560 3.528 3.475 3.300 3.283 5.236 
8.200 5.000 1.707 1.843 2.031 2.130 2.254 2.420 2.529 2.668 2.758 2.880 2.948 3.039 3.098 3.172 3.267 3.390 3.462 3.522 3.528 3.504 3.471 3.417 3.238 3.220 5.184 
8.200 10.000 1.622 1.758 1.945 2.045 2.169 2.335 2.444 2.583 2.674 2.797 2.865 2.957 3.017 3.092 3.188 3.314 3.387 3.450 3.456 3.432 3.400 3.345 3.162 3.144 5.132 
8.200 15.000 1.541 1.676 1.864 1.963 2.087 2.253 2.362 2.502 2.593 2.716 2.786 2.878 2.939 3.014 3.112 3.239 3.313 3.376 3.383 3.358 3.325 3.269 3.084 3.065 5.067 
8.200 20.000 1.473 1.608 1.795 1.895 2.018 2.185 2.293 2.433 2.524 2.648 2.717 2.809 2.870 2.945 3.042 3.169 3.242 3.304 3.310 3.285 3.251 3.196 3.010 2.992 5.008 
8.200 25.000 1.418 1.552 1.739 1.839 1.963 2.128 2.237 2.376 2.467 2.591 2.659 2.751 2.811 2.886 2.981 3.106 3.178 3.238 3.243 3.218 3.184 3.128 2.945 2.926 4.958 
8.200 30.000 1.367 1.502 1.689 1.788 1.911 2.077 2.186 2.325 2.416 2.539 2.607 2.698 2.758 2.831 2.926 3.049 3.119 3.177 3.181 3.156 3.122 3.066 2.884 2.866 4.910 
8.200 40.000 1.281 1.415 1.601 1.700 1.824 1.989 2.097 2.236 2.326 2.448 2.515 2.605 2.663 2.734 2.826 2.943 3.009 3.062 3.064 3.037 3.004 2.949 2.772 2.755 4.818 
8.200 50.000 1.212 1.346 1.532 1.631 1.754 1.919 2.027 2.165 2.255 2.376 2.442 2.530 2.587 2.657 2.745 2.858 2.921 2.969 2.970 2.942 2.909 2.855 2.681 2.664 4.745 
8.200 60.000 1.167 1.300 1.486 1.584 1.707 1.872 1.979 2.117 2.207 2.326 2.392 2.478 2.534 2.602 2.687 2.794 2.853 2.897 2.896 2.867 2.833 2.780 2.610 2.594 4.695 
8.200 70.000 1.148 1.281 1.466 1.565 1.687 1.851 1.959 2.096 2.184 2.302 2.366 2.450 2.503 2.568 2.649 2.748 2.802 2.839 2.835 2.804 2.771 2.718 2.555 2.539 4.656 
8.200 80.000 1.135 1.268 1.453 1.551 1.673 1.837 1.944 2.081 2.168 2.285 2.348 2.429 2.481 2.544 2.621 2.714 2.762 2.794 2.788 2.756 2.722 2.670 2.510 2.495 4.627 
8.200 90.000 1.123 1.256 1.440 1.538 1.660 1.823 1.930 2.066 2.153 2.268 2.330 2.410 2.460 2.521 2.594 2.682 2.726 2.752 2.745 2.711 2.677 2.625 2.469 2.454 4.600 
8.200 100.000 1.112 1.245 1.428 1.526 1.648 1.811 1.917 2.053 2.140 2.254 2.314 2.392 2.441 2.499 2.569 2.652 2.692 2.713 2.704 2.668 2.634 2.583 2.430 2.416 4.576 
8.200 110.000 1.099 1.231 1.415 1.512 1.633 1.796 1.902 2.037 2.124 2.236 2.296 2.372 2.419 2.475 2.542 2.619 2.655 2.671 2.660 2.624 2.589 2.539 2.389 2.376 4.556 
8.200 120.000 1.087 1.219 1.402 1.499 1.621 1.783 1.889 2.023 2.109 2.220 2.279 2.353 2.399 2.453 2.516 2.587 2.620 2.632 2.619 2.581 2.547 2.497 2.351 2.338 4.537 
8.200 130.000 1.071 1.203 1.386 1.483 1.604 1.766 1.872 2.006 2.091 2.201 2.259 2.331 2.375 2.427 2.487 2.554 2.583 2.590 2.576 2.538 2.504 2.454 2.313 2.300 4.517 
8.200 140.000 1.055 1.187 1.369 1.466 1.587 1.749 1.854 1.988 2.072 2.181 2.238 2.309 2.352 2.401 2.458 2.520 2.545 2.549 2.534 2.495 2.461 2.413 2.275 2.263 4.497 
8.200 150.000 1.042 1.173 1.356 1.452 1.573 1.734 1.840 1.972 2.056 2.164 2.219 2.288 2.329 2.376 2.430 2.485 2.507 2.507 2.491 2.452 2.418 2.371 2.239 2.227 4.481 
8.200 175.000 1.001 1.132 1.314 1.411 1.531 1.692 1.796 1.928 2.010 2.115 2.168 2.232 2.270 2.312 2.359 2.403 2.417 2.410 2.391 2.352 2.319 2.275 2.153 2.142 4.435 
8.200 200.000 0.966 1.097 1.279 1.375 1.495 1.655 1.759 1.889 1.971 2.072 2.122 2.182 2.217 2.254 2.294 2.327 2.334 2.320 2.299 2.260 2.229 2.187 2.074 2.065 4.389 
8.200 250.000 0.908 1.039 1.220 1.315 1.434 1.593 1.696 1.823 1.901 1.995 2.040 2.090 2.117 2.145 2.169 2.182 2.176 2.151 2.130 2.095 2.068 2.034 1.944 1.937 4.320 
8.200 300.000 0.855 0.985 1.166 1.261 1.380 1.537 1.638 1.763 1.838 1.925 1.964 2.006 2.026 2.044 2.056 2.052 2.036 2.005 1.984 1.953 1.932 1.904 1.833 1.828 4.254 
8.200 350.000 0.811 0.942 1.122 1.217 1.335 1.491 1.591 1.712 1.784 1.863 1.897 1.929 1.943 1.952 1.951 1.931 1.908 1.874 1.854 1.829 1.812 1.791 1.738 1.734 4.201 
8.200 400.000 0.772 0.903 1.084 1.179 1.296 1.451 1.549 1.667 1.734 1.806 1.834 1.857 1.864 1.864 1.852 1.819 1.790 1.754 1.738 1.719 1.707 1.691 1.653 1.650 4.151 
8.200 450.000 0.735 0.866 1.047 1.142 1.259 1.412 1.508 1.623 1.686 1.750 1.772 1.786 1.787 1.779 1.757 1.712 1.679 1.643 1.629 1.616 1.607 1.597 1.570 1.568 4.105 
8.200 500.000 0.700 0.832 1.013 1.108 1.224 1.376 1.470 1.581 1.640 1.696 1.712 1.717 1.711 1.696 1.664 1.610 1.574 1.541 1.530 1.522 1.518 1.512 1.495 1.494 4.059 
8.200 600.000 0.647 0.780 0.962 1.056 1.171 1.318 1.408 1.508 1.557 1.592 1.594 1.580 1.561 1.530 1.482 1.414 1.379 1.356 1.355 1.360 1.363 1.366 1.365 1.364 3.968 
8.200 700.000 0.590 0.725 0.907 1.001 1.114 1.257 1.342 1.432 1.472 1.489 1.479 1.448 1.419 1.377 1.318 1.245 1.212 1.198 1.203 1.215 1.223 1.231 1.237 1.237 3.892 
8.200 800.000 0.551 0.687 0.870 0.963 1.074 1.211 1.290 1.368 1.395 1.391 1.368 1.320 1.281 1.229 1.162 1.087 1.059 1.056 1.068 1.087 1.098 1.109 1.120 1.120 3.819 
8.200 1000.000 0.465 0.606 0.789 0.881 0.987 1.113 1.179 1.231 1.235 1.193 1.149 1.075 1.023 0.959 0.886 0.816 0.798 0.810 0.828 0.853 0.866 0.878 0.891 0.891 3.719 
8.200 1200.000 0.389 0.532 0.717 0.806 0.907 1.020 1.072 1.099 1.081 1.006 0.944 0.852 0.791 0.721 0.646 0.583 0.572 0.590 0.609 0.634 0.647 0.658 0.669 0.669 3.591 
8.200 1500.000 0.288 0.437 0.620 0.705 0.796 0.886 0.915 0.902 0.852 0.731 0.648 0.535 0.466 0.391 0.316 0.261 0.254 0.275 0.292 0.313 0.324 0.333 0.341 0.341 3.427 
