CanadaSHM6-trial_NGAEastGMM13_08 , distance is rrup. Log10 ground motion values in cgs units, PGV and Sa(T<0.1s) not valid
          11 34 25 : nmag, ndist, nperiod
          10.000 7.519 5.000 4.000 3.003 2.000 1.499 1.000 0.750 0.500 0.400 0.300 0.250 0.200 0.150 0.100 0.075 0.050 0.040 0.030 0.025 0.020 0.010 PGA PGV 
          0.620 0.620 0.620 0.620 0.620 0.620 0.620 0.620 0.600 0.580 0.560 0.540 0.530 0.530 0.530 0.530 0.530 0.530 0.530 0.530 0.530 0.530 0.530 0.530 0.620
4.000 0.000 -1.386 -0.999 -0.493 -0.237 0.074 0.483 0.756 1.120 1.368 1.704 1.881 2.101 2.234 2.387 2.565 2.771 2.880 2.977 3.000 2.993 2.968 2.917 2.694 2.664 4.047 
4.000 1.000 -1.463 -1.082 -0.584 -0.332 -0.027 0.377 0.645 1.004 1.248 1.580 1.755 1.973 2.105 2.258 2.437 2.648 2.764 2.877 2.911 2.922 2.909 2.874 2.678 2.648 3.902 
4.000 5.000 -1.842 -1.468 -0.979 -0.732 -0.431 -0.035 0.229 0.582 0.821 1.147 1.320 1.535 1.665 1.816 1.993 2.203 2.320 2.437 2.475 2.492 2.484 2.455 2.277 2.249 3.114 
4.000 10.000 -2.126 -1.756 -1.271 -1.025 -0.728 -0.335 -0.073 0.276 0.513 0.836 1.007 1.219 1.347 1.495 1.668 1.871 1.981 2.085 2.115 2.120 2.104 2.066 1.873 1.845 2.612 
4.000 15.000 -2.326 -1.957 -1.474 -1.230 -0.934 -0.544 -0.283 0.064 0.300 0.620 0.789 0.999 1.125 1.271 1.441 1.637 1.740 1.833 1.855 1.849 1.827 1.782 1.586 1.560 2.308 
4.000 20.000 -2.477 -2.110 -1.629 -1.386 -1.091 -0.702 -0.443 -0.097 0.138 0.456 0.624 0.832 0.957 1.100 1.267 1.456 1.554 1.635 1.650 1.636 1.609 1.560 1.365 1.341 2.088 
4.000 25.000 -2.599 -2.233 -1.753 -1.511 -1.217 -0.829 -0.571 -0.226 0.007 0.324 0.491 0.697 0.820 0.962 1.125 1.307 1.399 1.469 1.478 1.456 1.425 1.372 1.182 1.160 1.898 
4.000 30.000 -2.698 -2.332 -1.854 -1.612 -1.319 -0.932 -0.675 -0.331 -0.099 0.216 0.382 0.587 0.709 0.849 1.009 1.185 1.271 1.333 1.336 1.309 1.275 1.220 1.035 1.015 1.750 
4.000 40.000 -2.855 -2.491 -2.014 -1.773 -1.481 -1.096 -0.840 -0.498 -0.266 0.046 0.211 0.412 0.533 0.670 0.825 0.993 1.071 1.120 1.116 1.081 1.044 0.988 0.813 0.795 1.529 
4.000 50.000 -2.977 -2.614 -2.139 -1.899 -1.608 -1.223 -0.968 -0.628 -0.397 -0.086 0.077 0.276 0.395 0.529 0.681 0.841 0.913 0.952 0.943 0.903 0.864 0.807 0.640 0.624 1.364 
4.000 60.000 -3.055 -2.692 -2.219 -1.979 -1.689 -1.305 -1.051 -0.711 -0.482 -0.173 -0.011 0.187 0.304 0.436 0.583 0.736 0.801 0.830 0.816 0.772 0.731 0.674 0.512 0.497 1.275 
4.000 70.000 -3.105 -2.744 -2.271 -2.032 -1.742 -1.360 -1.106 -0.768 -0.539 -0.232 -0.072 0.123 0.238 0.367 0.509 0.652 0.709 0.725 0.705 0.654 0.612 0.554 0.400 0.386 1.198 
4.000 80.000 -3.149 -2.788 -2.316 -2.077 -1.788 -1.406 -1.152 -0.815 -0.587 -0.281 -0.121 0.073 0.187 0.315 0.455 0.595 0.649 0.660 0.637 0.583 0.539 0.479 0.321 0.308 1.132 
4.000 90.000 -3.187 -2.826 -2.355 -2.117 -1.828 -1.447 -1.193 -0.857 -0.629 -0.324 -0.165 0.028 0.141 0.268 0.407 0.543 0.594 0.600 0.574 0.517 0.470 0.409 0.249 0.235 1.090 
4.000 100.000 -3.221 -2.861 -2.390 -2.152 -1.864 -1.483 -1.230 -0.894 -0.667 -0.363 -0.205 -0.013 0.100 0.225 0.362 0.495 0.542 0.543 0.515 0.454 0.406 0.343 0.182 0.168 1.050 
4.000 110.000 -3.253 -2.893 -2.423 -2.185 -1.897 -1.517 -1.264 -0.929 -0.702 -0.399 -0.241 -0.050 0.062 0.186 0.320 0.449 0.493 0.489 0.458 0.394 0.345 0.280 0.119 0.106 1.013 
4.000 120.000 -3.282 -2.923 -2.453 -2.215 -1.927 -1.548 -1.295 -0.960 -0.735 -0.432 -0.275 -0.085 0.026 0.149 0.281 0.406 0.446 0.437 0.403 0.337 0.286 0.221 0.060 0.047 0.978 
4.000 130.000 -3.312 -2.954 -2.484 -2.247 -1.959 -1.580 -1.328 -0.993 -0.768 -0.466 -0.310 -0.121 -0.011 0.111 0.241 0.362 0.399 0.385 0.349 0.281 0.229 0.163 0.004 -0.009 0.942 
4.000 140.000 -3.341 -2.983 -2.514 -2.277 -1.989 -1.610 -1.359 -1.025 -0.800 -0.499 -0.343 -0.156 -0.047 0.073 0.200 0.317 0.349 0.330 0.291 0.220 0.168 0.103 -0.054 -0.066 0.907 
4.000 150.000 -3.368 -3.010 -2.542 -2.305 -2.017 -1.639 -1.388 -1.054 -0.830 -0.531 -0.376 -0.190 -0.082 0.036 0.160 0.270 0.298 0.272 0.231 0.158 0.106 0.041 -0.110 -0.122 0.872 
4.000 175.000 -3.434 -3.077 -2.609 -2.372 -2.086 -1.708 -1.458 -1.126 -0.903 -0.606 -0.454 -0.272 -0.167 -0.054 0.063 0.160 0.177 0.138 0.091 0.015 -0.038 -0.101 -0.240 -0.251 0.787 
4.000 200.000 -3.493 -3.136 -2.669 -2.433 -2.146 -1.770 -1.520 -1.189 -0.968 -0.674 -0.524 -0.346 -0.245 -0.136 -0.027 0.057 0.065 0.014 -0.037 -0.115 -0.167 -0.228 -0.357 -0.366 0.709 
4.000 250.000 -3.587 -3.230 -2.764 -2.529 -2.243 -1.868 -1.620 -1.292 -1.074 -0.787 -0.642 -0.473 -0.379 -0.281 -0.189 -0.132 -0.145 -0.218 -0.275 -0.354 -0.403 -0.457 -0.562 -0.569 0.543 
4.000 300.000 -3.665 -3.309 -2.844 -2.609 -2.325 -1.951 -1.704 -1.379 -1.164 -0.884 -0.745 -0.585 -0.498 -0.411 -0.334 -0.303 -0.332 -0.420 -0.480 -0.558 -0.603 -0.651 -0.737 -0.742 0.394 
4.000 350.000 -3.733 -3.377 -2.913 -2.678 -2.395 -2.022 -1.777 -1.455 -1.243 -0.970 -0.836 -0.686 -0.606 -0.529 -0.468 -0.459 -0.502 -0.602 -0.663 -0.737 -0.778 -0.821 -0.891 -0.895 0.256 
4.000 400.000 -3.793 -3.438 -2.974 -2.740 -2.457 -2.085 -1.841 -1.523 -1.314 -1.049 -0.920 -0.779 -0.707 -0.640 -0.593 -0.605 -0.659 -0.767 -0.828 -0.898 -0.935 -0.972 -1.029 -1.032 0.125 
4.000 450.000 -3.836 -3.482 -3.018 -2.784 -2.502 -2.132 -1.889 -1.574 -1.370 -1.112 -0.990 -0.859 -0.794 -0.738 -0.706 -0.738 -0.803 -0.917 -0.977 -1.042 -1.075 -1.107 -1.154 -1.156 -0.024 
4.000 500.000 -3.879 -3.524 -3.061 -2.828 -2.546 -2.177 -1.936 -1.624 -1.423 -1.174 -1.057 -0.936 -0.879 -0.832 -0.815 -0.864 -0.937 -1.055 -1.114 -1.174 -1.203 -1.231 -1.269 -1.270 -0.160 
4.000 600.000 -3.957 -3.603 -3.140 -2.907 -2.626 -2.261 -2.023 -1.718 -1.525 -1.292 -1.188 -1.086 -1.044 -1.017 -1.024 -1.102 -1.187 -1.305 -1.357 -1.406 -1.428 -1.447 -1.470 -1.471 -0.409 
4.000 700.000 -4.032 -3.677 -3.216 -2.983 -2.703 -2.340 -2.105 -1.807 -1.622 -1.404 -1.312 -1.229 -1.199 -1.189 -1.217 -1.318 -1.409 -1.525 -1.571 -1.611 -1.627 -1.640 -1.655 -1.655 -0.634 
4.000 800.000 -4.099 -3.745 -3.284 -3.052 -2.773 -2.412 -2.180 -1.890 -1.713 -1.512 -1.432 -1.367 -1.350 -1.356 -1.402 -1.520 -1.615 -1.724 -1.764 -1.795 -1.806 -1.814 -1.822 -1.822 -0.842 
4.000 1000.000 -4.266 -3.911 -3.449 -3.218 -2.940 -2.583 -2.357 -2.078 -1.913 -1.738 -1.676 -1.638 -1.639 -1.666 -1.736 -1.872 -1.968 -2.067 -2.097 -2.117 -2.121 -2.124 -2.124 -2.124 -1.218 
4.000 1200.000 -4.424 -4.069 -3.607 -3.375 -3.099 -2.746 -2.525 -2.259 -2.107 -1.959 -1.915 -1.903 -1.920 -1.965 -2.053 -2.197 -2.288 -2.371 -2.392 -2.400 -2.400 -2.398 -2.394 -2.394 -1.548 
4.000 1500.000 -4.653 -4.295 -3.832 -3.601 -3.326 -2.979 -2.766 -2.519 -2.388 -2.280 -2.263 -2.286 -2.326 -2.395 -2.504 -2.659 -2.744 -2.810 -2.822 -2.821 -2.816 -2.810 -2.804 -2.804 -2.045 
4.500 0.000 -0.900 -0.537 -0.059 0.184 0.480 0.873 1.137 1.490 1.728 2.046 2.210 2.405 2.517 2.642 2.780 2.934 3.017 3.090 3.103 3.083 3.051 2.994 2.775 2.748 4.233 
4.500 1.000 -0.954 -0.597 -0.129 0.110 0.401 0.788 1.047 1.394 1.629 1.943 2.105 2.298 2.410 2.535 2.676 2.838 2.930 3.021 3.046 3.044 3.023 2.977 2.770 2.742 4.139 
4.500 5.000 -1.268 -0.918 -0.458 -0.224 0.061 0.441 0.695 1.036 1.267 1.575 1.735 1.925 2.036 2.161 2.301 2.467 2.563 2.666 2.699 2.710 2.697 2.663 2.477 2.449 3.509 
4.500 10.000 -1.532 -1.186 -0.730 -0.498 -0.216 0.160 0.412 0.749 0.977 1.282 1.440 1.628 1.737 1.858 1.996 2.154 2.244 2.335 2.360 2.361 2.343 2.301 2.109 2.082 3.034 
4.500 15.000 -1.720 -1.376 -0.923 -0.692 -0.412 -0.038 0.212 0.547 0.774 1.076 1.232 1.418 1.525 1.645 1.778 1.929 2.012 2.090 2.108 2.098 2.074 2.027 1.836 1.812 2.740 
4.500 20.000 -1.863 -1.520 -1.069 -0.839 -0.559 -0.188 0.062 0.395 0.620 0.921 1.075 1.259 1.365 1.482 1.611 1.755 1.832 1.899 1.909 1.892 1.863 1.813 1.627 1.605 2.526 
4.500 25.000 -1.976 -1.634 -1.185 -0.956 -0.677 -0.307 -0.058 0.273 0.498 0.796 0.949 1.131 1.235 1.350 1.475 1.611 1.681 1.735 1.739 1.713 1.681 1.629 1.451 1.432 2.340 
4.500 30.000 -2.069 -1.728 -1.280 -1.052 -0.774 -0.404 -0.157 0.174 0.397 0.694 0.846 1.026 1.128 1.241 1.363 1.493 1.556 1.601 1.600 1.569 1.534 1.481 1.312 1.294 2.195 
4.500 40.000 -2.217 -1.877 -1.431 -1.204 -0.927 -0.559 -0.313 0.016 0.238 0.532 0.682 0.859 0.960 1.069 1.185 1.305 1.359 1.391 1.383 1.345 1.309 1.256 1.099 1.084 1.980 
4.500 50.000 -2.332 -1.994 -1.549 -1.322 -1.046 -0.680 -0.434 -0.107 0.113 0.405 0.554 0.728 0.827 0.934 1.046 1.157 1.204 1.225 1.212 1.171 1.133 1.081 0.934 0.920 1.819 
4.500 60.000 -2.405 -2.067 -1.623 -1.397 -1.122 -0.757 -0.512 -0.186 0.033 0.324 0.471 0.643 0.740 0.844 0.951 1.055 1.095 1.106 1.089 1.044 1.005 0.952 0.812 0.800 1.733 
4.500 70.000 -2.452 -2.114 -1.672 -1.446 -1.172 -0.807 -0.564 -0.239 -0.021 0.267 0.412 0.582 0.676 0.777 0.879 0.971 1.003 1.003 0.980 0.930 0.890 0.838 0.707 0.696 1.659 
4.500 80.000 -2.492 -2.155 -1.713 -1.488 -1.214 -0.851 -0.607 -0.283 -0.066 0.221 0.366 0.534 0.628 0.727 0.828 0.917 0.946 0.940 0.915 0.862 0.820 0.766 0.632 0.622 1.597 
4.500 90.000 -2.527 -2.191 -1.750 -1.525 -1.252 -0.889 -0.646 -0.323 -0.105 0.181 0.325 0.492 0.585 0.683 0.781 0.867 0.892 0.882 0.854 0.798 0.755 0.700 0.565 0.554 1.557 
4.500 100.000 -2.559 -2.224 -1.783 -1.559 -1.286 -0.923 -0.681 -0.358 -0.141 0.144 0.287 0.453 0.545 0.642 0.738 0.820 0.842 0.827 0.796 0.738 0.693 0.637 0.502 0.491 1.519 
4.500 110.000 -2.589 -2.253 -1.813 -1.589 -1.316 -0.954 -0.712 -0.390 -0.174 0.110 0.253 0.418 0.509 0.604 0.698 0.776 0.795 0.774 0.741 0.680 0.635 0.578 0.443 0.433 1.485 
4.500 120.000 -2.616 -2.281 -1.841 -1.617 -1.345 -0.983 -0.742 -0.420 -0.205 0.078 0.220 0.384 0.475 0.569 0.660 0.734 0.750 0.724 0.689 0.626 0.580 0.523 0.389 0.378 1.452 
4.500 130.000 -2.644 -2.310 -1.871 -1.647 -1.375 -1.014 -0.772 -0.451 -0.236 0.046 0.187 0.350 0.440 0.532 0.622 0.692 0.704 0.674 0.637 0.572 0.526 0.468 0.336 0.326 1.419 
4.500 140.000 -2.671 -2.337 -1.898 -1.675 -1.403 -1.042 -0.801 -0.481 -0.266 0.015 0.155 0.316 0.405 0.496 0.582 0.647 0.655 0.620 0.581 0.515 0.468 0.411 0.282 0.272 1.386 
4.500 150.000 -2.696 -2.363 -1.924 -1.701 -1.429 -1.069 -0.828 -0.509 -0.295 -0.015 0.124 0.284 0.371 0.459 0.543 0.602 0.605 0.565 0.523 0.456 0.409 0.353 0.229 0.220 1.354 
4.500 175.000 -2.758 -2.425 -1.987 -1.765 -1.494 -1.134 -0.894 -0.576 -0.364 -0.087 0.050 0.205 0.289 0.373 0.448 0.494 0.487 0.435 0.389 0.320 0.274 0.221 0.108 0.100 1.275 
4.500 200.000 -2.813 -2.480 -2.043 -1.821 -1.550 -1.192 -0.953 -0.636 -0.425 -0.152 -0.017 0.134 0.214 0.293 0.361 0.394 0.378 0.316 0.267 0.198 0.153 0.102 -0.001 -0.008 1.202 
4.500 250.000 -2.901 -2.569 -2.133 -1.911 -1.642 -1.285 -1.048 -0.734 -0.527 -0.261 -0.132 0.010 0.083 0.151 0.202 0.207 0.174 0.094 0.042 -0.026 -0.067 -0.111 -0.192 -0.197 1.046 
4.500 300.000 -2.974 -2.643 -2.208 -1.987 -1.718 -1.363 -1.127 -0.817 -0.613 -0.354 -0.231 -0.099 -0.033 0.024 0.059 0.041 -0.007 -0.099 -0.152 -0.216 -0.253 -0.291 -0.355 -0.358 0.905 
4.500 350.000 -3.038 -2.707 -2.273 -2.052 -1.784 -1.430 -1.196 -0.889 -0.689 -0.437 -0.320 -0.197 -0.140 -0.093 -0.073 -0.112 -0.171 -0.270 -0.323 -0.382 -0.414 -0.446 -0.497 -0.499 0.776 
4.500 400.000 -3.095 -2.764 -2.331 -2.110 -1.843 -1.490 -1.257 -0.954 -0.757 -0.513 -0.402 -0.289 -0.238 -0.201 -0.195 -0.253 -0.322 -0.425 -0.476 -0.530 -0.558 -0.584 -0.624 -0.626 0.656 
4.500 450.000 -3.138 -2.808 -2.375 -2.155 -1.888 -1.537 -1.306 -1.006 -0.813 -0.577 -0.472 -0.370 -0.327 -0.301 -0.309 -0.384 -0.461 -0.568 -0.616 -0.665 -0.688 -0.710 -0.740 -0.742 0.516 
4.500 500.000 -3.180 -2.850 -2.417 -2.197 -1.931 -1.581 -1.352 -1.055 -0.866 -0.639 -0.541 -0.448 -0.413 -0.396 -0.417 -0.508 -0.591 -0.698 -0.744 -0.787 -0.806 -0.824 -0.847 -0.848 0.388 
4.500 600.000 -3.256 -2.926 -2.494 -2.275 -2.010 -1.663 -1.437 -1.148 -0.967 -0.758 -0.672 -0.599 -0.578 -0.580 -0.624 -0.739 -0.829 -0.932 -0.970 -1.001 -1.013 -1.023 -1.035 -1.036 0.155 
4.500 700.000 -3.327 -2.997 -2.565 -2.347 -2.083 -1.739 -1.516 -1.235 -1.063 -0.871 -0.798 -0.744 -0.736 -0.755 -0.818 -0.949 -1.043 -1.138 -1.169 -1.190 -1.197 -1.202 -1.206 -1.206 -0.054 
4.500 800.000 -3.392 -3.063 -2.631 -2.413 -2.151 -1.809 -1.590 -1.317 -1.154 -0.979 -0.918 -0.882 -0.886 -0.919 -0.997 -1.141 -1.235 -1.322 -1.346 -1.359 -1.362 -1.362 -1.362 -1.362 -0.248 
4.500 1000.000 -3.551 -3.220 -2.789 -2.571 -2.310 -1.973 -1.760 -1.499 -1.350 -1.202 -1.160 -1.151 -1.172 -1.224 -1.322 -1.477 -1.567 -1.640 -1.654 -1.656 -1.653 -1.649 -1.644 -1.644 -0.601 
4.500 1200.000 -3.699 -3.368 -2.936 -2.719 -2.459 -2.127 -1.919 -1.673 -1.538 -1.419 -1.394 -1.410 -1.447 -1.514 -1.625 -1.782 -1.865 -1.920 -1.926 -1.919 -1.912 -1.904 -1.897 -1.897 -0.909 
4.500 1500.000 -3.914 -3.581 -3.147 -2.931 -2.673 -2.348 -2.150 -1.925 -1.812 -1.733 -1.735 -1.785 -1.841 -1.928 -2.054 -2.214 -2.287 -2.325 -2.322 -2.307 -2.297 -2.288 -2.278 -2.278 -1.373 
5.000 0.000 -0.459 -0.122 0.323 0.551 0.828 1.200 1.448 1.780 2.001 2.289 2.431 2.595 2.687 2.787 2.898 3.027 3.100 3.160 3.164 3.136 3.100 3.041 2.833 2.810 4.401 
5.000 1.000 -0.497 -0.166 0.271 0.494 0.766 1.130 1.375 1.701 1.919 2.202 2.343 2.506 2.598 2.699 2.814 2.952 3.034 3.112 3.129 3.116 3.088 3.037 2.829 2.803 4.338 
5.000 5.000 -0.749 -0.425 0.002 0.220 0.487 0.844 1.084 1.403 1.617 1.896 2.035 2.197 2.288 2.390 2.507 2.652 2.742 2.839 2.867 2.872 2.855 2.816 2.623 2.595 3.871 
5.000 10.000 -0.988 -0.668 -0.245 -0.029 0.235 0.588 0.825 1.141 1.353 1.628 1.766 1.925 2.015 2.115 2.228 2.368 2.454 2.542 2.566 2.564 2.543 2.500 2.308 2.282 3.437 
5.000 15.000 -1.163 -0.845 -0.425 -0.210 0.053 0.403 0.639 0.952 1.162 1.435 1.571 1.728 1.817 1.914 2.024 2.157 2.236 2.312 2.328 2.317 2.292 2.244 2.056 2.033 3.157 
5.000 20.000 -1.295 -0.978 -0.560 -0.346 -0.085 0.264 0.499 0.811 1.019 1.290 1.425 1.580 1.667 1.762 1.868 1.994 2.065 2.130 2.139 2.120 2.091 2.041 1.860 1.840 2.951 
5.000 25.000 -1.401 -1.085 -0.668 -0.455 -0.195 0.153 0.386 0.696 0.904 1.173 1.306 1.459 1.544 1.636 1.738 1.856 1.920 1.972 1.974 1.948 1.915 1.864 1.693 1.675 2.771 
5.000 30.000 -1.488 -1.173 -0.758 -0.545 -0.286 0.061 0.293 0.602 0.809 1.076 1.208 1.359 1.443 1.533 1.631 1.741 1.799 1.841 1.838 1.807 1.773 1.721 1.560 1.544 2.630 
5.000 40.000 -1.627 -1.314 -0.900 -0.689 -0.430 -0.085 0.146 0.453 0.658 0.922 1.052 1.200 1.281 1.368 1.461 1.560 1.608 1.636 1.627 1.590 1.554 1.503 1.356 1.343 2.419 
5.000 50.000 -1.736 -1.424 -1.011 -0.801 -0.543 -0.200 0.030 0.336 0.540 0.802 0.930 1.075 1.155 1.238 1.326 1.417 1.458 1.475 1.461 1.421 1.384 1.334 1.199 1.187 2.261 
5.000 60.000 -1.804 -1.492 -1.081 -0.871 -0.614 -0.272 -0.042 0.262 0.464 0.724 0.851 0.994 1.072 1.152 1.235 1.318 1.352 1.359 1.341 1.297 1.260 1.211 1.083 1.073 2.178 
5.000 70.000 -1.847 -1.536 -1.126 -0.917 -0.661 -0.319 -0.091 0.212 0.413 0.671 0.796 0.936 1.011 1.088 1.165 1.237 1.262 1.258 1.235 1.188 1.150 1.101 0.983 0.973 2.107 
5.000 80.000 -1.884 -1.574 -1.165 -0.956 -0.700 -0.359 -0.131 0.171 0.372 0.628 0.753 0.892 0.966 1.042 1.117 1.185 1.207 1.198 1.173 1.122 1.083 1.033 0.913 0.903 2.047 
5.000 90.000 -1.917 -1.607 -1.199 -0.990 -0.735 -0.395 -0.167 0.134 0.334 0.590 0.714 0.852 0.925 1.000 1.073 1.137 1.156 1.142 1.114 1.061 1.021 0.970 0.848 0.839 2.008 
5.000 100.000 -1.947 -1.638 -1.230 -1.021 -0.766 -0.427 -0.200 0.101 0.301 0.556 0.679 0.815 0.888 0.961 1.032 1.092 1.108 1.089 1.059 1.004 0.962 0.910 0.789 0.779 1.973 
5.000 110.000 -1.974 -1.665 -1.258 -1.050 -0.795 -0.456 -0.229 0.071 0.270 0.524 0.646 0.782 0.853 0.925 0.994 1.050 1.062 1.039 1.007 0.949 0.907 0.855 0.733 0.724 1.940 
5.000 120.000 -1.999 -1.691 -1.284 -1.076 -0.822 -0.483 -0.257 0.043 0.241 0.494 0.616 0.751 0.821 0.892 0.958 1.010 1.019 0.992 0.957 0.897 0.855 0.802 0.682 0.673 1.909 
5.000 130.000 -2.026 -1.718 -1.311 -1.103 -0.850 -0.511 -0.285 0.014 0.212 0.464 0.585 0.718 0.788 0.857 0.922 0.970 0.975 0.944 0.907 0.846 0.803 0.750 0.632 0.623 1.877 
5.000 140.000 -2.051 -1.743 -1.337 -1.129 -0.876 -0.538 -0.312 -0.014 0.184 0.435 0.555 0.686 0.755 0.822 0.884 0.926 0.928 0.892 0.854 0.791 0.748 0.696 0.581 0.573 1.846 
5.000 150.000 -2.074 -1.767 -1.361 -1.153 -0.900 -0.563 -0.338 -0.039 0.157 0.407 0.526 0.655 0.722 0.787 0.845 0.882 0.880 0.838 0.798 0.735 0.692 0.641 0.532 0.524 1.815 
5.000 175.000 -2.132 -1.825 -1.420 -1.213 -0.960 -0.624 -0.399 -0.103 0.092 0.338 0.455 0.580 0.644 0.704 0.754 0.778 0.765 0.713 0.670 0.606 0.565 0.516 0.418 0.411 1.742 
5.000 200.000 -2.182 -1.876 -1.472 -1.265 -1.013 -0.678 -0.454 -0.159 0.035 0.278 0.392 0.513 0.573 0.628 0.670 0.681 0.660 0.599 0.553 0.490 0.450 0.405 0.316 0.311 1.673 
5.000 250.000 -2.266 -1.961 -1.557 -1.351 -1.100 -0.766 -0.544 -0.253 -0.063 0.173 0.281 0.393 0.446 0.490 0.515 0.500 0.463 0.386 0.339 0.278 0.242 0.204 0.135 0.131 1.526 
5.000 300.000 -2.336 -2.031 -1.628 -1.423 -1.173 -0.840 -0.620 -0.331 -0.145 0.083 0.186 0.288 0.333 0.366 0.376 0.339 0.288 0.202 0.155 0.099 0.068 0.036 -0.018 -0.021 1.395 
5.000 350.000 -2.397 -2.092 -1.691 -1.486 -1.236 -0.905 -0.686 -0.401 -0.218 0.003 0.100 0.192 0.230 0.253 0.248 0.192 0.131 0.040 -0.006 -0.057 -0.083 -0.109 -0.151 -0.152 1.275 
5.000 400.000 -2.451 -2.147 -1.746 -1.541 -1.292 -0.962 -0.745 -0.463 -0.283 -0.070 0.021 0.104 0.134 0.147 0.130 0.056 -0.013 -0.106 -0.149 -0.194 -0.216 -0.237 -0.268 -0.270 1.166 
5.000 450.000 -2.496 -2.192 -1.791 -1.587 -1.338 -1.010 -0.794 -0.516 -0.341 -0.136 -0.052 0.021 0.044 0.047 0.016 -0.074 -0.149 -0.243 -0.283 -0.322 -0.340 -0.356 -0.379 -0.380 1.036 
5.000 500.000 -2.539 -2.234 -1.834 -1.630 -1.382 -1.055 -0.841 -0.566 -0.395 -0.199 -0.121 -0.058 -0.043 -0.049 -0.092 -0.196 -0.275 -0.368 -0.404 -0.437 -0.451 -0.463 -0.479 -0.480 0.918 
5.000 600.000 -2.615 -2.311 -1.911 -1.708 -1.461 -1.137 -0.926 -0.660 -0.497 -0.319 -0.253 -0.211 -0.209 -0.233 -0.298 -0.422 -0.506 -0.591 -0.619 -0.639 -0.646 -0.651 -0.657 -0.657 0.700 
5.000 700.000 -2.686 -2.382 -1.982 -1.779 -1.533 -1.213 -1.005 -0.746 -0.592 -0.431 -0.378 -0.353 -0.365 -0.404 -0.485 -0.623 -0.708 -0.784 -0.805 -0.816 -0.818 -0.818 -0.818 -0.818 0.505 
5.000 800.000 -2.750 -2.446 -2.047 -1.845 -1.600 -1.282 -1.078 -0.828 -0.682 -0.539 -0.498 -0.492 -0.514 -0.567 -0.662 -0.809 -0.892 -0.958 -0.971 -0.974 -0.972 -0.968 -0.964 -0.964 0.324 
5.000 1000.000 -2.904 -2.599 -2.199 -1.997 -1.754 -1.441 -1.243 -1.006 -0.875 -0.759 -0.737 -0.756 -0.795 -0.865 -0.977 -1.130 -1.207 -1.256 -1.259 -1.252 -1.245 -1.237 -1.230 -1.229 -0.004 
5.000 1200.000 -3.044 -2.738 -2.338 -2.136 -1.895 -1.586 -1.394 -1.172 -1.056 -0.968 -0.965 -1.008 -1.061 -1.144 -1.266 -1.418 -1.485 -1.516 -1.512 -1.496 -1.485 -1.476 -1.466 -1.466 -0.290 
5.000 1500.000 -3.248 -2.939 -2.537 -2.336 -2.096 -1.795 -1.613 -1.413 -1.320 -1.274 -1.295 -1.370 -1.440 -1.540 -1.673 -1.821 -1.877 -1.890 -1.877 -1.855 -1.842 -1.831 -1.820 -1.820 -0.723 
5.500 0.000 -0.041 0.268 0.677 0.887 1.144 1.488 1.717 2.020 2.219 2.469 2.590 2.725 2.800 2.882 2.976 3.089 3.151 3.194 3.190 3.152 3.111 3.051 2.861 2.842 4.506 
5.500 1.000 -0.073 0.230 0.631 0.836 1.088 1.425 1.650 1.948 2.143 2.390 2.510 2.645 2.721 2.805 2.904 3.028 3.100 3.162 3.168 3.143 3.108 3.051 2.852 2.829 4.463 
5.500 5.000 -0.277 0.019 0.411 0.612 0.859 1.188 1.409 1.700 1.892 2.136 2.254 2.389 2.466 2.552 2.656 2.792 2.876 2.962 2.984 2.978 2.954 2.907 2.707 2.682 4.169 
5.500 10.000 -0.487 -0.194 0.194 0.392 0.636 0.962 1.180 1.468 1.658 1.899 2.016 2.149 2.225 2.310 2.411 2.544 2.626 2.708 2.728 2.720 2.696 2.649 2.455 2.430 3.808 
5.500 15.000 -0.644 -0.353 0.032 0.229 0.471 0.795 1.011 1.297 1.485 1.724 1.839 1.971 2.045 2.128 2.226 2.351 2.427 2.499 2.512 2.496 2.469 2.419 2.232 2.210 3.550 
5.500 20.000 -0.763 -0.473 -0.090 0.106 0.347 0.669 0.884 1.168 1.355 1.592 1.706 1.835 1.907 1.988 2.082 2.200 2.268 2.328 2.334 2.312 2.281 2.229 2.052 2.033 3.354 
5.500 25.000 -0.860 -0.571 -0.189 0.006 0.246 0.566 0.781 1.064 1.249 1.483 1.596 1.723 1.793 1.871 1.960 2.069 2.129 2.175 2.175 2.146 2.112 2.060 1.896 1.879 3.182 
5.500 30.000 -0.940 -0.652 -0.272 -0.077 0.162 0.481 0.695 0.977 1.161 1.394 1.505 1.629 1.698 1.773 1.859 1.959 2.013 2.049 2.043 2.009 1.974 1.923 1.770 1.755 3.044 
5.500 40.000 -1.066 -0.780 -0.402 -0.208 0.030 0.348 0.560 0.839 1.022 1.252 1.361 1.482 1.548 1.619 1.697 1.785 1.828 1.849 1.837 1.798 1.762 1.712 1.577 1.565 2.838 
5.500 50.000 -1.166 -0.881 -0.504 -0.311 -0.074 0.242 0.453 0.731 0.913 1.140 1.247 1.365 1.429 1.496 1.569 1.647 1.682 1.692 1.675 1.633 1.598 1.550 1.427 1.417 2.681 
5.500 60.000 -1.227 -0.943 -0.567 -0.374 -0.138 0.177 0.387 0.664 0.844 1.069 1.174 1.290 1.351 1.415 1.483 1.552 1.579 1.579 1.559 1.514 1.478 1.432 1.317 1.308 2.599 
5.500 70.000 -1.265 -0.982 -0.606 -0.414 -0.179 0.135 0.345 0.620 0.798 1.020 1.124 1.236 1.295 1.355 1.416 1.473 1.491 1.480 1.455 1.408 1.372 1.327 1.222 1.214 2.529 
5.500 80.000 -1.298 -1.015 -0.640 -0.449 -0.214 0.100 0.309 0.583 0.761 0.982 1.085 1.196 1.253 1.312 1.371 1.424 1.439 1.422 1.395 1.345 1.308 1.262 1.155 1.147 2.470 
5.500 90.000 -1.327 -1.044 -0.671 -0.479 -0.245 0.068 0.276 0.550 0.728 0.947 1.050 1.159 1.216 1.273 1.330 1.378 1.389 1.368 1.338 1.286 1.248 1.201 1.094 1.087 2.433 
5.500 100.000 -1.353 -1.071 -0.698 -0.507 -0.273 0.039 0.247 0.520 0.697 0.916 1.018 1.126 1.182 1.238 1.291 1.336 1.343 1.317 1.285 1.231 1.192 1.144 1.038 1.031 2.398 
5.500 110.000 -1.378 -1.096 -0.724 -0.533 -0.299 0.013 0.220 0.493 0.669 0.887 0.987 1.095 1.149 1.204 1.255 1.295 1.299 1.268 1.235 1.178 1.139 1.091 0.986 0.979 2.366 
5.500 120.000 -1.401 -1.120 -0.747 -0.557 -0.323 -0.012 0.195 0.467 0.643 0.860 0.959 1.065 1.119 1.172 1.221 1.256 1.257 1.222 1.186 1.129 1.089 1.041 0.938 0.930 2.336 
5.500 130.000 -1.425 -1.144 -0.773 -0.582 -0.349 -0.038 0.169 0.440 0.615 0.831 0.930 1.035 1.088 1.139 1.185 1.217 1.215 1.176 1.139 1.080 1.040 0.992 0.891 0.884 2.306 
5.500 140.000 -1.448 -1.168 -0.796 -0.606 -0.373 -0.063 0.144 0.415 0.589 0.804 0.902 1.005 1.056 1.106 1.149 1.175 1.169 1.126 1.087 1.028 0.988 0.941 0.843 0.836 2.276 
5.500 150.000 -1.470 -1.189 -0.818 -0.628 -0.395 -0.086 0.121 0.391 0.565 0.778 0.875 0.976 1.026 1.073 1.112 1.133 1.122 1.074 1.034 0.974 0.935 0.890 0.796 0.790 2.247 
5.500 175.000 -1.522 -1.243 -0.872 -0.683 -0.451 -0.142 0.064 0.332 0.504 0.714 0.808 0.905 0.951 0.993 1.024 1.031 1.012 0.954 0.912 0.852 0.815 0.772 0.688 0.683 2.175 
5.500 200.000 -1.569 -1.290 -0.920 -0.731 -0.499 -0.191 0.014 0.280 0.451 0.657 0.749 0.841 0.884 0.920 0.944 0.938 0.910 0.845 0.802 0.743 0.707 0.667 0.592 0.588 2.108 
5.500 250.000 -1.648 -1.369 -1.001 -0.812 -0.581 -0.275 -0.072 0.191 0.359 0.557 0.643 0.725 0.760 0.785 0.792 0.762 0.719 0.642 0.597 0.542 0.511 0.478 0.421 0.418 1.968 
5.500 300.000 -1.715 -1.436 -1.068 -0.880 -0.650 -0.345 -0.144 0.116 0.280 0.471 0.551 0.623 0.650 0.665 0.656 0.605 0.551 0.467 0.423 0.373 0.347 0.320 0.276 0.274 1.843 
5.500 350.000 -1.773 -1.495 -1.128 -0.940 -0.710 -0.407 -0.207 0.050 0.210 0.393 0.467 0.530 0.550 0.554 0.532 0.463 0.400 0.313 0.271 0.227 0.205 0.183 0.150 0.149 1.732 
5.500 400.000 -1.824 -1.547 -1.180 -0.992 -0.764 -0.461 -0.263 -0.009 0.147 0.323 0.391 0.444 0.457 0.452 0.417 0.332 0.263 0.174 0.136 0.098 0.080 0.063 0.039 0.038 1.629 
5.500 450.000 -1.873 -1.595 -1.229 -1.041 -0.813 -0.512 -0.315 -0.066 0.087 0.254 0.316 0.359 0.365 0.350 0.303 0.204 0.130 0.043 0.008 -0.023 -0.037 -0.050 -0.067 -0.068 1.515 
5.500 500.000 -1.918 -1.640 -1.274 -1.087 -0.859 -0.560 -0.364 -0.118 0.031 0.190 0.246 0.279 0.278 0.254 0.196 0.086 0.008 -0.076 -0.107 -0.133 -0.143 -0.152 -0.164 -0.164 1.409 
5.500 600.000 -1.998 -1.720 -1.354 -1.168 -0.941 -0.644 -0.452 -0.214 -0.073 0.068 0.112 0.126 0.111 0.071 -0.007 -0.134 -0.213 -0.288 -0.310 -0.324 -0.328 -0.330 -0.333 -0.333 1.215 
5.500 700.000 -2.070 -1.793 -1.427 -1.240 -1.015 -0.721 -0.532 -0.301 -0.169 -0.044 -0.013 -0.016 -0.042 -0.097 -0.189 -0.328 -0.406 -0.471 -0.486 -0.491 -0.490 -0.488 -0.486 -0.486 1.038 
5.500 800.000 -2.136 -1.858 -1.492 -1.307 -1.082 -0.790 -0.605 -0.383 -0.259 -0.152 -0.132 -0.153 -0.190 -0.257 -0.362 -0.506 -0.582 -0.636 -0.643 -0.640 -0.635 -0.630 -0.624 -0.624 0.875 
5.500 1000.000 -2.288 -2.009 -1.643 -1.457 -1.233 -0.946 -0.767 -0.557 -0.448 -0.368 -0.367 -0.412 -0.465 -0.547 -0.666 -0.813 -0.881 -0.917 -0.914 -0.901 -0.892 -0.883 -0.874 -0.874 0.577 
5.500 1200.000 -2.422 -2.141 -1.773 -1.588 -1.366 -1.083 -0.910 -0.715 -0.621 -0.569 -0.585 -0.653 -0.719 -0.814 -0.941 -1.084 -1.141 -1.159 -1.149 -1.128 -1.116 -1.105 -1.094 -1.094 0.312 
5.500 1500.000 -2.615 -2.331 -1.961 -1.776 -1.556 -1.281 -1.117 -0.945 -0.873 -0.862 -0.903 -1.001 -1.082 -1.191 -1.326 -1.462 -1.506 -1.505 -1.487 -1.461 -1.446 -1.434 -1.423 -1.423 -0.086 
6.000 0.000 0.326 0.606 0.978 1.169 1.403 1.715 1.922 2.193 2.367 2.581 2.681 2.795 2.859 2.930 3.015 3.117 3.169 3.199 3.187 3.143 3.101 3.042 2.872 2.856 4.616 
6.000 1.000 0.296 0.570 0.934 1.120 1.349 1.655 1.858 2.124 2.295 2.506 2.607 2.721 2.786 2.860 2.950 3.064 3.127 3.174 3.171 3.136 3.098 3.039 2.854 2.835 4.587 
6.000 5.000 0.130 0.398 0.753 0.935 1.159 1.458 1.657 1.917 2.085 2.294 2.395 2.510 2.577 2.655 2.751 2.880 2.960 3.034 3.047 3.030 3.001 2.948 2.748 2.725 4.416 
6.000 10.000 -0.050 0.214 0.565 0.746 0.967 1.262 1.459 1.716 1.882 2.089 2.189 2.303 2.369 2.447 2.543 2.672 2.751 2.827 2.842 2.828 2.799 2.749 2.553 2.530 4.150 
6.000 15.000 -0.186 0.076 0.425 0.604 0.823 1.116 1.311 1.567 1.731 1.937 2.035 2.147 2.212 2.288 2.381 2.504 2.579 2.646 2.656 2.637 2.607 2.555 2.368 2.347 3.930 
6.000 20.000 -0.294 -0.033 0.314 0.492 0.710 1.002 1.196 1.449 1.613 1.816 1.913 2.023 2.087 2.160 2.250 2.366 2.433 2.490 2.495 2.470 2.438 2.385 2.209 2.190 3.752 
6.000 25.000 -0.382 -0.122 0.224 0.401 0.619 0.909 1.102 1.354 1.516 1.717 1.813 1.921 1.982 2.053 2.137 2.244 2.304 2.348 2.346 2.315 2.280 2.228 2.065 2.049 3.589 
6.000 30.000 -0.455 -0.196 0.148 0.325 0.542 0.831 1.023 1.274 1.435 1.635 1.729 1.834 1.894 1.962 2.042 2.141 2.193 2.227 2.220 2.185 2.149 2.098 1.948 1.934 3.456 
6.000 40.000 -0.572 -0.314 0.028 0.204 0.419 0.707 0.898 1.147 1.306 1.502 1.594 1.696 1.753 1.816 1.889 1.974 2.016 2.034 2.021 1.981 1.946 1.896 1.765 1.754 3.258 
6.000 50.000 -0.665 -0.408 -0.066 0.109 0.323 0.609 0.799 1.046 1.205 1.398 1.488 1.587 1.641 1.701 1.767 1.841 1.874 1.881 1.864 1.822 1.787 1.740 1.622 1.613 3.107 
6.000 60.000 -0.719 -0.463 -0.123 0.052 0.266 0.551 0.740 0.986 1.143 1.333 1.421 1.517 1.569 1.625 1.686 1.750 1.774 1.771 1.750 1.706 1.671 1.625 1.517 1.509 3.026 
6.000 70.000 -0.752 -0.497 -0.158 0.016 0.230 0.513 0.702 0.946 1.102 1.290 1.375 1.468 1.517 1.568 1.622 1.674 1.689 1.675 1.650 1.603 1.568 1.525 1.426 1.419 2.957 
6.000 80.000 -0.781 -0.526 -0.188 -0.014 0.198 0.482 0.669 0.913 1.068 1.255 1.340 1.431 1.479 1.529 1.580 1.627 1.639 1.619 1.592 1.542 1.506 1.462 1.363 1.356 2.900 
6.000 90.000 -0.807 -0.553 -0.215 -0.042 0.171 0.453 0.641 0.883 1.038 1.224 1.308 1.398 1.444 1.493 1.541 1.584 1.591 1.567 1.537 1.486 1.449 1.404 1.306 1.299 2.863 
6.000 100.000 -0.831 -0.576 -0.239 -0.066 0.146 0.428 0.615 0.857 1.011 1.196 1.279 1.367 1.413 1.459 1.505 1.543 1.547 1.518 1.485 1.432 1.395 1.350 1.253 1.246 2.829 
6.000 110.000 -0.854 -0.600 -0.263 -0.090 0.121 0.403 0.590 0.831 0.984 1.168 1.251 1.337 1.382 1.427 1.470 1.503 1.504 1.470 1.436 1.382 1.344 1.299 1.203 1.197 2.797 
6.000 120.000 -0.875 -0.621 -0.285 -0.112 0.099 0.380 0.566 0.807 0.960 1.143 1.224 1.310 1.353 1.397 1.437 1.466 1.463 1.425 1.390 1.334 1.296 1.252 1.157 1.151 2.769 
6.000 130.000 -0.898 -0.644 -0.308 -0.136 0.075 0.356 0.542 0.782 0.935 1.116 1.197 1.281 1.324 1.365 1.404 1.428 1.422 1.380 1.344 1.287 1.249 1.205 1.113 1.107 2.739 
6.000 140.000 -0.919 -0.666 -0.330 -0.158 0.053 0.333 0.519 0.758 0.910 1.090 1.170 1.253 1.294 1.333 1.368 1.387 1.378 1.332 1.294 1.237 1.199 1.156 1.067 1.062 2.709 
6.000 150.000 -0.939 -0.686 -0.351 -0.179 0.032 0.312 0.497 0.736 0.887 1.066 1.144 1.225 1.264 1.301 1.333 1.346 1.332 1.282 1.243 1.186 1.149 1.107 1.023 1.017 2.679 
6.000 175.000 -0.988 -0.736 -0.401 -0.229 -0.019 0.260 0.444 0.682 0.831 1.006 1.082 1.157 1.193 1.225 1.247 1.247 1.224 1.166 1.125 1.068 1.034 0.994 0.920 0.915 2.610 
6.000 200.000 -1.031 -0.780 -0.445 -0.274 -0.065 0.214 0.397 0.633 0.781 0.952 1.025 1.096 1.128 1.154 1.169 1.156 1.126 1.060 1.018 0.963 0.930 0.894 0.828 0.824 2.545 
6.000 250.000 -1.107 -0.856 -0.522 -0.352 -0.143 0.134 0.316 0.548 0.692 0.856 0.924 0.984 1.008 1.023 1.022 0.985 0.941 0.865 0.823 0.773 0.744 0.715 0.665 0.662 2.415 
6.000 300.000 -1.172 -0.921 -0.589 -0.418 -0.210 0.065 0.246 0.475 0.616 0.772 0.834 0.885 0.902 0.906 0.890 0.834 0.779 0.698 0.658 0.612 0.589 0.565 0.526 0.525 2.300 
6.000 350.000 -1.228 -0.977 -0.645 -0.475 -0.267 0.007 0.187 0.413 0.550 0.699 0.754 0.796 0.805 0.800 0.770 0.697 0.634 0.551 0.513 0.474 0.454 0.436 0.407 0.406 2.195 
6.000 400.000 -1.277 -1.027 -0.695 -0.525 -0.318 -0.044 0.133 0.356 0.490 0.631 0.681 0.713 0.715 0.700 0.658 0.571 0.503 0.420 0.385 0.352 0.336 0.322 0.301 0.301 2.099 
6.000 450.000 -1.327 -1.077 -0.745 -0.575 -0.368 -0.096 0.080 0.300 0.429 0.563 0.606 0.629 0.624 0.601 0.547 0.447 0.376 0.294 0.263 0.236 0.225 0.215 0.200 0.200 1.998 
6.000 500.000 -1.374 -1.123 -0.791 -0.622 -0.415 -0.145 0.030 0.247 0.373 0.498 0.536 0.550 0.538 0.507 0.443 0.333 0.259 0.181 0.154 0.132 0.124 0.117 0.108 0.108 1.904 
6.000 600.000 -1.454 -1.203 -0.872 -0.702 -0.497 -0.229 -0.057 0.152 0.270 0.379 0.405 0.400 0.376 0.328 0.247 0.122 0.047 -0.021 -0.039 -0.049 -0.051 -0.052 -0.053 -0.053 1.731 
6.000 700.000 -1.528 -1.276 -0.944 -0.775 -0.571 -0.305 -0.136 0.066 0.176 0.268 0.283 0.261 0.226 0.165 0.069 -0.065 -0.138 -0.195 -0.206 -0.208 -0.205 -0.201 -0.198 -0.198 1.571 
6.000 800.000 -1.592 -1.341 -1.008 -0.840 -0.636 -0.372 -0.207 -0.013 0.088 0.164 0.166 0.128 0.082 0.009 -0.097 -0.237 -0.306 -0.351 -0.355 -0.349 -0.342 -0.335 -0.328 -0.328 1.423 
6.000 1000.000 -1.741 -1.488 -1.154 -0.985 -0.782 -0.522 -0.362 -0.181 -0.094 -0.045 -0.061 -0.124 -0.184 -0.272 -0.391 -0.531 -0.592 -0.619 -0.613 -0.596 -0.586 -0.576 -0.566 -0.566 1.154 
6.000 1200.000 -1.870 -1.614 -1.279 -1.110 -0.908 -0.652 -0.498 -0.331 -0.258 -0.237 -0.270 -0.354 -0.427 -0.526 -0.652 -0.788 -0.837 -0.847 -0.833 -0.810 -0.797 -0.785 -0.774 -0.774 0.908 
6.000 1500.000 -2.054 -1.795 -1.457 -1.287 -1.086 -0.838 -0.693 -0.548 -0.497 -0.516 -0.572 -0.686 -0.773 -0.885 -1.018 -1.145 -1.181 -1.173 -1.151 -1.122 -1.107 -1.094 -1.083 -1.083 0.540 
6.500 0.000 0.623 0.874 1.207 1.379 1.589 1.868 2.052 2.290 2.440 2.624 2.711 2.810 2.869 2.936 3.017 3.116 3.165 3.190 3.176 3.131 3.089 3.031 2.872 2.858 4.751 
6.500 1.000 0.591 0.837 1.163 1.330 1.535 1.808 1.989 2.222 2.370 2.552 2.638 2.740 2.799 2.869 2.956 3.066 3.126 3.167 3.161 3.123 3.083 3.025 2.850 2.833 4.731 
6.500 5.000 0.455 0.695 1.012 1.176 1.376 1.643 1.819 2.048 2.193 2.373 2.460 2.563 2.625 2.699 2.794 2.920 2.997 3.064 3.074 3.051 3.019 2.964 2.769 2.747 4.634 
6.500 10.000 0.305 0.541 0.855 1.016 1.214 1.477 1.652 1.878 2.022 2.201 2.287 2.390 2.452 2.526 2.621 2.750 2.830 2.903 2.917 2.900 2.870 2.818 2.624 2.601 4.456 
6.500 15.000 0.188 0.423 0.734 0.895 1.091 1.352 1.526 1.750 1.893 2.070 2.155 2.257 2.318 2.391 2.484 2.610 2.686 2.755 2.766 2.747 2.717 2.665 2.478 2.457 4.282 
6.500 20.000 0.091 0.324 0.634 0.793 0.989 1.249 1.421 1.644 1.786 1.961 2.045 2.145 2.205 2.276 2.367 2.487 2.558 2.619 2.626 2.603 2.571 2.519 2.341 2.321 4.129 
6.500 25.000 0.010 0.243 0.551 0.710 0.904 1.163 1.334 1.556 1.697 1.871 1.954 2.052 2.110 2.179 2.265 2.377 2.442 2.493 2.494 2.465 2.432 2.379 2.212 2.195 3.985 
6.500 30.000 -0.057 0.174 0.482 0.640 0.833 1.091 1.262 1.482 1.622 1.794 1.876 1.972 2.029 2.095 2.178 2.283 2.341 2.382 2.379 2.346 2.311 2.259 2.103 2.088 3.863 
6.500 40.000 -0.167 0.063 0.369 0.526 0.719 0.975 1.145 1.363 1.502 1.671 1.751 1.843 1.897 1.960 2.035 2.128 2.175 2.201 2.191 2.154 2.119 2.069 1.931 1.919 3.675 
6.500 50.000 -0.253 -0.024 0.281 0.438 0.629 0.884 1.053 1.270 1.407 1.574 1.652 1.741 1.793 1.851 1.921 2.002 2.041 2.055 2.041 2.001 1.966 1.919 1.796 1.786 3.529 
6.500 60.000 -0.302 -0.074 0.230 0.386 0.577 0.831 0.999 1.215 1.351 1.515 1.591 1.678 1.726 1.781 1.845 1.915 1.945 1.949 1.930 1.887 1.853 1.807 1.695 1.686 3.452 
6.500 70.000 -0.332 -0.104 0.199 0.354 0.545 0.798 0.965 1.179 1.314 1.475 1.549 1.632 1.678 1.728 1.785 1.843 1.864 1.856 1.833 1.788 1.753 1.709 1.607 1.600 3.385 
6.500 80.000 -0.359 -0.131 0.171 0.326 0.517 0.769 0.936 1.149 1.283 1.443 1.517 1.598 1.643 1.692 1.746 1.799 1.816 1.802 1.777 1.729 1.693 1.649 1.547 1.539 3.329 
6.500 90.000 -0.382 -0.155 0.147 0.302 0.492 0.744 0.910 1.122 1.256 1.415 1.488 1.568 1.611 1.659 1.709 1.758 1.770 1.752 1.724 1.674 1.638 1.593 1.491 1.484 3.294 
6.500 100.000 -0.403 -0.176 0.125 0.280 0.469 0.721 0.886 1.098 1.231 1.390 1.461 1.540 1.582 1.628 1.676 1.719 1.728 1.704 1.674 1.622 1.585 1.540 1.440 1.433 3.261 
6.500 110.000 -0.425 -0.198 0.102 0.257 0.446 0.697 0.863 1.074 1.207 1.364 1.435 1.512 1.553 1.597 1.642 1.681 1.687 1.658 1.627 1.573 1.536 1.491 1.393 1.386 3.232 
6.500 120.000 -0.445 -0.219 0.082 0.236 0.425 0.676 0.841 1.052 1.184 1.340 1.410 1.486 1.526 1.568 1.611 1.645 1.647 1.615 1.581 1.527 1.490 1.445 1.348 1.342 3.204 
6.500 130.000 -0.467 -0.241 0.059 0.213 0.402 0.653 0.817 1.028 1.159 1.315 1.384 1.458 1.498 1.538 1.578 1.609 1.607 1.571 1.536 1.481 1.444 1.399 1.306 1.299 3.175 
6.500 140.000 -0.487 -0.262 0.038 0.192 0.381 0.631 0.795 1.005 1.136 1.290 1.359 1.431 1.469 1.507 1.544 1.569 1.564 1.523 1.487 1.432 1.395 1.352 1.262 1.256 3.146 
6.500 150.000 -0.506 -0.280 0.019 0.173 0.362 0.611 0.775 0.985 1.115 1.267 1.334 1.405 1.441 1.477 1.510 1.529 1.519 1.474 1.437 1.382 1.346 1.304 1.219 1.213 3.119 
6.500 175.000 -0.552 -0.327 -0.028 0.126 0.314 0.562 0.726 0.934 1.062 1.211 1.275 1.341 1.373 1.403 1.428 1.433 1.414 1.361 1.322 1.268 1.233 1.195 1.120 1.115 3.052 
6.500 200.000 -0.594 -0.369 -0.070 0.083 0.270 0.519 0.681 0.888 1.014 1.160 1.222 1.282 1.311 1.336 1.352 1.345 1.318 1.258 1.218 1.165 1.133 1.098 1.032 1.028 2.990 
6.500 250.000 -0.668 -0.444 -0.146 0.007 0.194 0.441 0.602 0.806 0.929 1.067 1.123 1.175 1.195 1.210 1.210 1.180 1.140 1.070 1.030 0.982 0.954 0.925 0.875 0.872 2.869 
6.500 300.000 -0.731 -0.507 -0.209 -0.057 0.130 0.376 0.536 0.736 0.856 0.987 1.038 1.080 1.094 1.098 1.084 1.034 0.984 0.909 0.871 0.828 0.805 0.781 0.743 0.741 2.760 
6.500 350.000 -0.785 -0.560 -0.263 -0.110 0.076 0.320 0.479 0.677 0.794 0.917 0.962 0.995 1.001 0.995 0.969 0.902 0.845 0.767 0.732 0.694 0.676 0.658 0.629 0.628 2.662 
6.500 400.000 -0.832 -0.608 -0.310 -0.158 0.028 0.272 0.429 0.624 0.737 0.853 0.892 0.915 0.915 0.900 0.861 0.780 0.718 0.640 0.608 0.577 0.563 0.549 0.529 0.528 2.571 
6.500 450.000 -0.882 -0.657 -0.360 -0.208 -0.022 0.221 0.377 0.569 0.679 0.788 0.821 0.835 0.828 0.805 0.755 0.662 0.596 0.521 0.492 0.467 0.456 0.447 0.433 0.433 2.481 
6.500 500.000 -0.927 -0.703 -0.405 -0.253 -0.068 0.174 0.329 0.518 0.625 0.726 0.754 0.759 0.746 0.714 0.655 0.553 0.484 0.412 0.387 0.368 0.361 0.355 0.346 0.346 2.396 
6.500 600.000 -1.006 -0.781 -0.483 -0.330 -0.146 0.094 0.247 0.428 0.527 0.613 0.629 0.616 0.591 0.544 0.467 0.350 0.281 0.219 0.203 0.195 0.194 0.194 0.193 0.193 2.239 
6.500 700.000 -1.077 -0.852 -0.553 -0.401 -0.217 0.021 0.171 0.346 0.437 0.507 0.511 0.482 0.445 0.386 0.295 0.170 0.102 0.052 0.043 0.044 0.047 0.052 0.056 0.056 2.092 
6.500 800.000 -1.139 -0.913 -0.613 -0.461 -0.278 -0.042 0.105 0.272 0.355 0.408 0.401 0.355 0.308 0.236 0.134 0.004 -0.059 -0.098 -0.099 -0.090 -0.083 -0.076 -0.068 -0.068 1.958 
6.500 1000.000 -1.282 -1.053 -0.752 -0.599 -0.416 -0.183 -0.042 0.113 0.182 0.208 0.183 0.113 0.051 -0.035 -0.149 -0.279 -0.333 -0.353 -0.344 -0.325 -0.314 -0.303 -0.293 -0.292 1.712 
6.500 1200.000 -1.406 -1.175 -0.871 -0.718 -0.535 -0.306 -0.170 -0.029 0.026 0.026 -0.016 -0.107 -0.181 -0.278 -0.399 -0.524 -0.567 -0.570 -0.554 -0.528 -0.514 -0.502 -0.490 -0.490 1.481 
6.500 1500.000 -1.582 -1.346 -1.038 -0.884 -0.702 -0.479 -0.352 -0.232 -0.198 -0.239 -0.304 -0.424 -0.512 -0.622 -0.748 -0.864 -0.894 -0.878 -0.854 -0.823 -0.807 -0.794 -0.782 -0.782 1.138 
7.000 0.000 0.879 1.101 1.397 1.549 1.735 1.981 2.143 2.351 2.481 2.642 2.720 2.813 2.869 2.935 3.017 3.116 3.166 3.190 3.177 3.133 3.092 3.036 2.885 2.872 4.919 
7.000 1.000 0.846 1.063 1.352 1.500 1.682 1.922 2.081 2.284 2.413 2.572 2.650 2.744 2.802 2.871 2.958 3.069 3.128 3.168 3.162 3.124 3.085 3.029 2.862 2.846 4.905 
7.000 5.000 0.728 0.939 1.221 1.365 1.542 1.777 1.932 2.131 2.258 2.416 2.495 2.591 2.651 2.724 2.819 2.946 3.022 3.088 3.095 3.071 3.038 2.983 2.794 2.773 4.847 
7.000 10.000 0.598 0.807 1.085 1.227 1.402 1.634 1.788 1.985 2.110 2.267 2.345 2.442 2.502 2.577 2.673 2.805 2.886 2.961 2.975 2.958 2.928 2.876 2.684 2.661 4.729 
7.000 15.000 0.499 0.706 0.981 1.123 1.296 1.527 1.679 1.874 1.999 2.155 2.232 2.328 2.388 2.462 2.557 2.688 2.768 2.842 2.855 2.838 2.808 2.757 2.569 2.547 4.597 
7.000 20.000 0.410 0.616 0.890 1.031 1.204 1.433 1.584 1.778 1.902 2.057 2.134 2.228 2.287 2.360 2.453 2.580 2.657 2.726 2.737 2.717 2.687 2.635 2.453 2.432 4.473 
7.000 25.000 0.336 0.541 0.814 0.954 1.126 1.354 1.505 1.698 1.821 1.974 2.050 2.143 2.201 2.272 2.363 2.484 2.555 2.617 2.623 2.599 2.567 2.516 2.341 2.323 4.356 
7.000 30.000 0.274 0.478 0.750 0.890 1.061 1.288 1.438 1.630 1.752 1.904 1.980 2.071 2.128 2.196 2.284 2.399 2.465 2.518 2.521 2.493 2.460 2.408 2.242 2.225 4.252 
7.000 40.000 0.171 0.374 0.645 0.784 0.954 1.180 1.329 1.520 1.641 1.790 1.864 1.953 2.007 2.072 2.154 2.259 2.316 2.355 2.351 2.318 2.284 2.233 2.082 2.068 4.081 
7.000 50.000 0.091 0.294 0.563 0.702 0.871 1.096 1.244 1.434 1.553 1.701 1.773 1.859 1.911 1.973 2.050 2.144 2.193 2.221 2.212 2.175 2.140 2.090 1.953 1.941 3.948 
7.000 60.000 0.046 0.248 0.516 0.654 0.823 1.047 1.195 1.383 1.502 1.647 1.717 1.800 1.850 1.908 1.979 2.062 2.102 2.118 2.104 2.063 2.028 1.980 1.855 1.844 3.875 
7.000 70.000 0.018 0.219 0.487 0.625 0.793 1.016 1.163 1.350 1.467 1.610 1.679 1.758 1.805 1.860 1.924 1.996 2.027 2.030 2.011 1.968 1.932 1.885 1.771 1.762 3.811 
7.000 80.000 -0.006 0.195 0.462 0.599 0.767 0.990 1.136 1.323 1.440 1.581 1.649 1.727 1.773 1.826 1.887 1.954 1.980 1.978 1.957 1.910 1.874 1.826 1.712 1.703 3.760 
7.000 90.000 -0.028 0.173 0.440 0.577 0.745 0.967 1.113 1.299 1.415 1.556 1.622 1.699 1.744 1.795 1.853 1.915 1.937 1.929 1.905 1.856 1.819 1.771 1.659 1.650 3.725 
7.000 100.000 -0.047 0.153 0.419 0.556 0.724 0.946 1.091 1.277 1.392 1.532 1.598 1.673 1.717 1.766 1.821 1.878 1.896 1.883 1.856 1.805 1.768 1.720 1.610 1.601 3.694 
7.000 110.000 -0.068 0.132 0.398 0.534 0.702 0.923 1.069 1.253 1.369 1.507 1.572 1.647 1.689 1.736 1.789 1.841 1.856 1.838 1.809 1.757 1.719 1.672 1.564 1.556 3.665 
7.000 120.000 -0.088 0.112 0.377 0.514 0.681 0.902 1.047 1.232 1.346 1.484 1.548 1.621 1.663 1.708 1.759 1.806 1.817 1.795 1.765 1.712 1.673 1.626 1.521 1.513 3.638 
7.000 130.000 -0.109 0.090 0.356 0.492 0.659 0.880 1.025 1.209 1.323 1.460 1.524 1.595 1.636 1.680 1.727 1.770 1.778 1.752 1.720 1.666 1.628 1.582 1.479 1.472 3.610 
7.000 140.000 -0.129 0.070 0.336 0.472 0.639 0.860 1.004 1.188 1.301 1.437 1.500 1.569 1.608 1.650 1.695 1.732 1.736 1.705 1.672 1.618 1.580 1.535 1.437 1.430 3.582 
7.000 150.000 -0.147 0.052 0.318 0.454 0.620 0.841 0.985 1.168 1.281 1.415 1.477 1.544 1.582 1.621 1.662 1.693 1.693 1.658 1.623 1.569 1.532 1.488 1.395 1.389 3.556 
7.000 175.000 -0.192 0.007 0.271 0.407 0.574 0.794 0.937 1.119 1.230 1.361 1.420 1.483 1.517 1.551 1.583 1.601 1.591 1.547 1.510 1.456 1.421 1.381 1.299 1.294 3.493 
7.000 200.000 -0.234 -0.035 0.230 0.366 0.532 0.751 0.894 1.074 1.184 1.312 1.368 1.427 1.457 1.486 1.511 1.516 1.498 1.447 1.409 1.356 1.323 1.286 1.214 1.210 3.434 
7.000 250.000 -0.306 -0.108 0.157 0.292 0.458 0.676 0.818 0.996 1.103 1.224 1.275 1.325 1.348 1.366 1.376 1.358 1.327 1.265 1.227 1.179 1.150 1.119 1.064 1.061 3.319 
7.000 300.000 -0.366 -0.167 0.097 0.233 0.398 0.615 0.756 0.931 1.036 1.150 1.195 1.236 1.252 1.261 1.256 1.219 1.177 1.108 1.072 1.029 1.005 0.981 0.939 0.937 3.218 
7.000 350.000 -0.418 -0.219 0.045 0.181 0.346 0.563 0.702 0.875 0.976 1.084 1.124 1.155 1.164 1.163 1.145 1.091 1.041 0.971 0.937 0.900 0.881 0.862 0.831 0.830 3.127 
7.000 400.000 -0.464 -0.265 0.000 0.135 0.300 0.516 0.655 0.825 0.923 1.023 1.058 1.080 1.082 1.073 1.042 0.974 0.918 0.847 0.816 0.786 0.771 0.757 0.735 0.734 3.043 
7.000 450.000 -0.511 -0.311 -0.047 0.089 0.254 0.469 0.607 0.774 0.869 0.962 0.991 1.005 1.001 0.983 0.941 0.861 0.802 0.732 0.705 0.681 0.670 0.660 0.645 0.644 2.961 
7.000 500.000 -0.554 -0.354 -0.089 0.047 0.211 0.426 0.563 0.727 0.819 0.905 0.929 0.934 0.923 0.897 0.846 0.756 0.694 0.628 0.605 0.586 0.578 0.572 0.562 0.562 2.884 
7.000 600.000 -0.628 -0.427 -0.161 -0.025 0.139 0.352 0.487 0.645 0.729 0.800 0.812 0.800 0.777 0.736 0.667 0.562 0.499 0.442 0.428 0.420 0.419 0.419 0.418 0.418 2.739 
7.000 700.000 -0.695 -0.494 -0.227 -0.091 0.074 0.285 0.417 0.569 0.646 0.701 0.702 0.673 0.639 0.585 0.502 0.388 0.327 0.281 0.274 0.276 0.280 0.285 0.289 0.289 2.605 
7.000 800.000 -0.753 -0.550 -0.282 -0.146 0.018 0.228 0.357 0.501 0.570 0.609 0.598 0.552 0.508 0.441 0.347 0.228 0.171 0.138 0.138 0.149 0.157 0.164 0.172 0.172 2.481 
7.000 1000.000 -0.888 -0.683 -0.412 -0.275 -0.110 0.097 0.221 0.353 0.409 0.421 0.392 0.322 0.263 0.181 0.075 -0.045 -0.092 -0.106 -0.095 -0.074 -0.062 -0.051 -0.040 -0.040 2.254 
7.000 1200.000 -1.007 -0.798 -0.524 -0.386 -0.221 -0.017 0.102 0.221 0.263 0.248 0.202 0.110 0.039 -0.054 -0.167 -0.282 -0.319 -0.315 -0.297 -0.269 -0.254 -0.241 -0.230 -0.229 2.039 
7.000 1500.000 -1.174 -0.960 -0.680 -0.541 -0.376 -0.177 -0.067 0.032 0.051 -0.003 -0.073 -0.193 -0.280 -0.385 -0.504 -0.609 -0.632 -0.610 -0.584 -0.551 -0.535 -0.521 -0.509 -0.509 1.721 
7.500 0.000 1.101 1.296 1.556 1.689 1.853 2.069 2.211 2.392 2.507 2.652 2.725 2.815 2.870 2.937 3.020 3.120 3.170 3.195 3.182 3.138 3.099 3.044 2.898 2.886 5.078 
7.500 1.000 1.071 1.261 1.514 1.644 1.804 2.015 2.154 2.331 2.445 2.588 2.661 2.752 2.809 2.879 2.967 3.078 3.138 3.176 3.170 3.132 3.093 3.037 2.877 2.862 5.071 
7.500 5.000 0.970 1.155 1.401 1.528 1.683 1.889 2.025 2.199 2.310 2.453 2.527 2.620 2.679 2.753 2.848 2.975 3.049 3.112 3.117 3.091 3.056 3.000 2.817 2.797 5.035 
7.500 10.000 0.856 1.038 1.282 1.407 1.560 1.764 1.898 2.070 2.181 2.323 2.396 2.490 2.550 2.625 2.723 2.857 2.938 3.012 3.024 3.006 2.975 2.921 2.731 2.709 4.959 
7.500 15.000 0.761 0.942 1.184 1.308 1.460 1.662 1.795 1.966 2.076 2.218 2.291 2.384 2.444 2.519 2.617 2.751 2.834 2.910 2.924 2.907 2.878 2.826 2.636 2.614 4.867 
7.500 20.000 0.682 0.862 1.102 1.226 1.377 1.578 1.710 1.880 1.990 2.130 2.203 2.296 2.355 2.429 2.526 2.659 2.739 2.814 2.827 2.809 2.779 2.728 2.541 2.520 4.774 
7.500 25.000 0.615 0.794 1.034 1.157 1.307 1.507 1.639 1.808 1.917 2.056 2.128 2.220 2.279 2.352 2.447 2.576 2.653 2.723 2.733 2.713 2.682 2.630 2.449 2.429 4.684 
7.500 30.000 0.557 0.736 0.974 1.097 1.247 1.446 1.577 1.746 1.854 1.993 2.064 2.155 2.212 2.284 2.377 2.501 2.575 2.639 2.646 2.623 2.591 2.538 2.363 2.344 4.599 
7.500 40.000 0.462 0.640 0.877 0.999 1.149 1.347 1.477 1.644 1.751 1.888 1.958 2.046 2.102 2.171 2.260 2.375 2.442 2.494 2.495 2.467 2.433 2.381 2.218 2.201 4.455 
7.500 50.000 0.388 0.566 0.802 0.923 1.072 1.269 1.399 1.565 1.671 1.806 1.875 1.961 2.015 2.081 2.165 2.272 2.331 2.372 2.368 2.335 2.300 2.249 2.098 2.083 4.344 
7.500 60.000 0.347 0.523 0.759 0.880 1.028 1.225 1.354 1.519 1.624 1.757 1.824 1.907 1.959 2.022 2.100 2.196 2.246 2.274 2.265 2.227 2.192 2.141 2.002 1.989 4.276 
7.500 70.000 0.321 0.497 0.732 0.853 1.000 1.196 1.325 1.489 1.593 1.724 1.789 1.870 1.919 1.978 2.051 2.136 2.177 2.194 2.179 2.138 2.101 2.052 1.922 1.911 4.217 
7.500 80.000 0.298 0.474 0.709 0.829 0.977 1.172 1.300 1.464 1.567 1.697 1.762 1.841 1.889 1.947 2.016 2.097 2.134 2.144 2.126 2.082 2.044 1.994 1.866 1.855 4.170 
7.500 90.000 0.278 0.454 0.688 0.808 0.956 1.151 1.279 1.442 1.545 1.674 1.738 1.815 1.862 1.918 1.985 2.060 2.092 2.096 2.076 2.029 1.991 1.940 1.814 1.804 4.140 
7.500 100.000 0.260 0.435 0.669 0.790 0.937 1.131 1.259 1.422 1.524 1.652 1.715 1.791 1.837 1.891 1.955 2.025 2.053 2.052 2.029 1.979 1.940 1.890 1.766 1.757 4.111 
7.500 110.000 0.239 0.414 0.648 0.768 0.915 1.109 1.237 1.399 1.501 1.628 1.691 1.766 1.811 1.863 1.924 1.990 2.014 2.008 1.983 1.932 1.893 1.842 1.722 1.712 4.085 
7.500 120.000 0.219 0.395 0.628 0.748 0.895 1.089 1.216 1.378 1.480 1.606 1.668 1.741 1.785 1.836 1.895 1.956 1.977 1.966 1.940 1.888 1.848 1.798 1.680 1.671 4.060 
7.500 130.000 0.199 0.374 0.607 0.727 0.874 1.068 1.195 1.356 1.458 1.583 1.644 1.717 1.760 1.809 1.865 1.922 1.939 1.924 1.896 1.843 1.804 1.754 1.640 1.631 4.034 
7.500 140.000 0.180 0.355 0.588 0.708 0.854 1.048 1.175 1.336 1.437 1.561 1.621 1.692 1.734 1.781 1.834 1.885 1.899 1.879 1.849 1.795 1.756 1.708 1.598 1.590 4.008 
7.500 150.000 0.162 0.337 0.570 0.689 0.836 1.029 1.156 1.316 1.417 1.540 1.599 1.668 1.708 1.753 1.802 1.847 1.857 1.832 1.800 1.746 1.708 1.661 1.557 1.550 3.985 
7.500 175.000 0.117 0.292 0.524 0.644 0.790 0.984 1.110 1.269 1.368 1.488 1.544 1.609 1.646 1.685 1.726 1.758 1.758 1.723 1.689 1.635 1.599 1.555 1.464 1.458 3.926 
7.500 200.000 0.076 0.251 0.483 0.603 0.749 0.942 1.067 1.226 1.324 1.440 1.494 1.555 1.588 1.623 1.657 1.676 1.668 1.625 1.589 1.537 1.502 1.462 1.382 1.377 3.871 
7.500 250.000 0.006 0.181 0.414 0.533 0.679 0.871 0.996 1.152 1.247 1.358 1.407 1.459 1.485 1.510 1.528 1.525 1.502 1.447 1.411 1.363 1.333 1.300 1.239 1.235 3.763 
7.500 300.000 -0.051 0.124 0.357 0.476 0.622 0.814 0.938 1.092 1.184 1.288 1.332 1.375 1.394 1.409 1.413 1.390 1.356 1.295 1.259 1.216 1.192 1.166 1.119 1.117 3.669 
7.500 350.000 -0.101 0.074 0.307 0.427 0.573 0.764 0.887 1.039 1.128 1.226 1.264 1.299 1.311 1.317 1.308 1.267 1.225 1.160 1.128 1.091 1.071 1.050 1.016 1.015 3.584 
7.500 400.000 -0.146 0.030 0.264 0.383 0.529 0.720 0.842 0.991 1.078 1.169 1.202 1.228 1.234 1.230 1.209 1.154 1.105 1.040 1.011 0.980 0.965 0.949 0.925 0.924 3.504 
7.500 450.000 -0.189 -0.013 0.221 0.341 0.487 0.678 0.799 0.946 1.030 1.114 1.142 1.159 1.159 1.147 1.115 1.047 0.994 0.931 0.905 0.880 0.869 0.858 0.841 0.840 3.426 
7.500 500.000 -0.229 -0.052 0.183 0.303 0.449 0.639 0.760 0.904 0.984 1.062 1.085 1.093 1.087 1.067 1.025 0.947 0.891 0.830 0.808 0.790 0.782 0.775 0.764 0.764 3.353 
7.500 600.000 -0.297 -0.119 0.118 0.239 0.385 0.574 0.692 0.830 0.904 0.966 0.977 0.968 0.949 0.914 0.854 0.760 0.703 0.651 0.638 0.632 0.631 0.631 0.629 0.629 3.219 
7.500 700.000 -0.359 -0.179 0.059 0.180 0.326 0.514 0.630 0.762 0.829 0.875 0.876 0.850 0.820 0.771 0.696 0.593 0.537 0.496 0.491 0.495 0.499 0.503 0.507 0.507 3.093 
7.500 800.000 -0.411 -0.230 0.009 0.131 0.277 0.463 0.577 0.702 0.760 0.790 0.779 0.736 0.695 0.634 0.547 0.438 0.386 0.359 0.361 0.373 0.382 0.390 0.398 0.398 2.978 
7.500 1000.000 -0.537 -0.353 -0.109 0.014 0.161 0.345 0.454 0.567 0.612 0.614 0.584 0.516 0.460 0.383 0.284 0.174 0.132 0.125 0.138 0.160 0.173 0.185 0.196 0.196 2.770 
7.500 1200.000 -0.650 -0.462 -0.214 -0.090 0.058 0.239 0.343 0.444 0.475 0.450 0.403 0.312 0.244 0.156 0.049 -0.056 -0.088 -0.078 -0.058 -0.028 -0.013 0.001 0.013 0.013 2.570 
7.500 1500.000 -0.810 -0.615 -0.360 -0.234 -0.085 0.092 0.187 0.266 0.274 0.208 0.136 0.016 -0.068 -0.168 -0.280 -0.376 -0.393 -0.364 -0.336 -0.301 -0.284 -0.269 -0.257 -0.257 2.277 
7.800 0.000 1.209 1.389 1.629 1.752 1.903 2.103 2.234 2.402 2.510 2.649 2.720 2.810 2.866 2.934 3.018 3.120 3.171 3.197 3.184 3.140 3.101 3.046 2.900 2.888 5.179 
7.800 1.000 1.182 1.357 1.591 1.711 1.858 2.054 2.182 2.347 2.453 2.590 2.662 2.752 2.810 2.880 2.969 3.081 3.142 3.181 3.174 3.135 3.097 3.041 2.882 2.867 5.174 
7.800 5.000 1.090 1.261 1.488 1.605 1.749 1.939 2.064 2.226 2.330 2.467 2.539 2.631 2.691 2.765 2.861 2.988 3.063 3.124 3.128 3.100 3.065 3.009 2.826 2.807 5.146 
7.800 10.000 0.986 1.154 1.379 1.494 1.636 1.824 1.948 2.108 2.212 2.348 2.420 2.513 2.574 2.649 2.748 2.883 2.964 3.038 3.049 3.029 2.997 2.943 2.752 2.731 5.089 
7.800 15.000 0.900 1.066 1.289 1.404 1.544 1.731 1.854 2.013 2.116 2.251 2.323 2.416 2.477 2.553 2.652 2.788 2.872 2.949 2.963 2.945 2.915 2.863 2.671 2.649 5.016 
7.800 20.000 0.826 0.992 1.214 1.328 1.468 1.653 1.775 1.933 2.036 2.171 2.242 2.335 2.395 2.470 2.569 2.704 2.787 2.864 2.878 2.860 2.830 2.778 2.589 2.567 4.940 
7.800 25.000 0.764 0.929 1.150 1.263 1.402 1.587 1.709 1.866 1.969 2.102 2.173 2.265 2.325 2.399 2.497 2.629 2.710 2.783 2.795 2.776 2.746 2.694 2.508 2.487 4.864 
7.800 30.000 0.710 0.875 1.095 1.208 1.347 1.531 1.652 1.809 1.910 2.043 2.114 2.205 2.263 2.337 2.433 2.562 2.640 2.709 2.718 2.697 2.665 2.613 2.431 2.412 4.792 
7.800 40.000 0.620 0.784 1.003 1.115 1.253 1.436 1.557 1.713 1.813 1.945 2.014 2.103 2.160 2.231 2.323 2.445 2.516 2.575 2.580 2.554 2.520 2.468 2.296 2.279 4.661 
7.800 50.000 0.550 0.713 0.931 1.044 1.181 1.363 1.483 1.638 1.738 1.868 1.936 2.023 2.079 2.147 2.235 2.349 2.414 2.462 2.462 2.431 2.396 2.344 2.183 2.167 4.562 
7.800 60.000 0.511 0.673 0.891 1.003 1.140 1.321 1.441 1.594 1.693 1.821 1.888 1.973 2.026 2.091 2.174 2.278 2.334 2.369 2.363 2.327 2.291 2.239 2.089 2.076 4.498 
7.800 70.000 0.486 0.648 0.865 0.977 1.113 1.294 1.413 1.566 1.664 1.791 1.856 1.938 1.989 2.051 2.129 2.223 2.271 2.295 2.283 2.243 2.206 2.154 2.013 2.001 4.443 
7.800 80.000 0.465 0.627 0.844 0.955 1.091 1.272 1.391 1.543 1.641 1.766 1.830 1.911 1.961 2.022 2.096 2.185 2.229 2.246 2.231 2.188 2.149 2.097 1.958 1.946 4.399 
7.800 90.000 0.446 0.608 0.824 0.935 1.072 1.252 1.370 1.522 1.620 1.744 1.807 1.887 1.936 1.995 2.066 2.150 2.189 2.200 2.182 2.136 2.097 2.044 1.907 1.896 4.368 
7.800 100.000 0.429 0.591 0.806 0.918 1.054 1.234 1.352 1.503 1.600 1.724 1.786 1.864 1.912 1.969 2.038 2.117 2.151 2.157 2.136 2.087 2.047 1.994 1.860 1.849 4.340 
7.800 110.000 0.408 0.570 0.785 0.896 1.032 1.212 1.330 1.481 1.578 1.700 1.763 1.839 1.886 1.942 2.008 2.083 2.113 2.114 2.091 2.041 2.000 1.947 1.816 1.806 4.313 
7.800 120.000 0.389 0.550 0.766 0.877 1.013 1.192 1.310 1.461 1.557 1.679 1.740 1.816 1.862 1.916 1.980 2.050 2.077 2.073 2.048 1.996 1.956 1.903 1.775 1.765 4.289 
7.800 130.000 0.369 0.530 0.746 0.857 0.992 1.172 1.290 1.440 1.536 1.657 1.718 1.792 1.837 1.890 1.951 2.016 2.040 2.032 2.005 1.952 1.911 1.859 1.735 1.725 4.263 
7.800 140.000 0.350 0.511 0.727 0.838 0.973 1.153 1.270 1.420 1.516 1.635 1.695 1.768 1.812 1.862 1.921 1.981 2.000 1.987 1.959 1.905 1.864 1.813 1.694 1.685 4.238 
7.800 150.000 0.332 0.494 0.709 0.820 0.955 1.135 1.252 1.402 1.496 1.615 1.674 1.745 1.787 1.836 1.890 1.945 1.960 1.941 1.911 1.857 1.817 1.767 1.654 1.646 4.215 
7.800 175.000 0.288 0.450 0.665 0.776 0.911 1.090 1.207 1.355 1.449 1.565 1.621 1.688 1.727 1.771 1.817 1.858 1.864 1.834 1.802 1.747 1.709 1.663 1.564 1.557 4.158 
7.800 200.000 0.248 0.409 0.625 0.735 0.871 1.049 1.166 1.314 1.406 1.519 1.573 1.636 1.672 1.710 1.750 1.778 1.775 1.738 1.703 1.650 1.613 1.571 1.483 1.477 4.104 
7.800 250.000 0.180 0.341 0.557 0.667 0.803 0.981 1.097 1.243 1.332 1.439 1.489 1.543 1.572 1.600 1.624 1.630 1.612 1.562 1.526 1.477 1.446 1.411 1.344 1.340 4.005 
7.800 300.000 0.123 0.285 0.501 0.612 0.747 0.925 1.040 1.184 1.271 1.372 1.416 1.462 1.484 1.502 1.512 1.497 1.468 1.410 1.376 1.332 1.306 1.278 1.228 1.225 3.916 
7.800 350.000 0.073 0.236 0.452 0.563 0.699 0.876 0.991 1.132 1.217 1.311 1.351 1.388 1.403 1.413 1.409 1.377 1.339 1.277 1.245 1.207 1.186 1.164 1.127 1.125 3.835 
7.800 400.000 0.029 0.192 0.409 0.521 0.656 0.834 0.947 1.087 1.168 1.256 1.290 1.319 1.328 1.328 1.313 1.265 1.220 1.158 1.129 1.098 1.081 1.065 1.038 1.037 3.760 
7.800 450.000 -0.013 0.150 0.368 0.480 0.616 0.793 0.906 1.043 1.122 1.203 1.232 1.252 1.254 1.247 1.220 1.160 1.111 1.050 1.024 0.999 0.987 0.975 0.957 0.956 3.686 
7.800 500.000 -0.052 0.113 0.331 0.443 0.579 0.756 0.868 1.003 1.079 1.153 1.177 1.188 1.185 1.169 1.132 1.061 1.009 0.950 0.929 0.910 0.902 0.894 0.882 0.882 3.617 
7.800 600.000 -0.118 0.048 0.268 0.381 0.517 0.693 0.804 0.933 1.001 1.061 1.073 1.067 1.050 1.019 0.964 0.876 0.822 0.773 0.761 0.754 0.753 0.753 0.751 0.751 3.489 
7.800 700.000 -0.178 -0.011 0.211 0.325 0.461 0.636 0.745 0.867 0.929 0.973 0.974 0.951 0.923 0.878 0.808 0.710 0.657 0.620 0.616 0.620 0.624 0.629 0.633 0.633 3.370 
7.800 800.000 -0.230 -0.060 0.164 0.278 0.414 0.588 0.694 0.810 0.863 0.890 0.879 0.839 0.800 0.743 0.661 0.557 0.509 0.484 0.488 0.501 0.509 0.518 0.526 0.526 3.259 
7.800 1000.000 -0.352 -0.178 0.050 0.166 0.303 0.475 0.577 0.681 0.720 0.720 0.690 0.624 0.569 0.496 0.401 0.296 0.258 0.254 0.268 0.292 0.306 0.318 0.329 0.329 3.062 
7.800 1200.000 -0.463 -0.285 -0.052 0.065 0.204 0.374 0.471 0.562 0.588 0.560 0.512 0.424 0.357 0.272 0.169 0.069 0.041 0.054 0.076 0.107 0.123 0.137 0.149 0.150 2.872 
7.800 1500.000 -0.618 -0.434 -0.193 -0.073 0.067 0.233 0.321 0.392 0.395 0.326 0.254 0.136 0.054 -0.044 -0.152 -0.243 -0.257 -0.225 -0.196 -0.160 -0.142 -0.128 -0.115 -0.115 2.592 
8.000 0.000 1.271 1.441 1.668 1.785 1.928 2.118 2.243 2.404 2.508 2.643 2.714 2.804 2.861 2.929 3.015 3.118 3.170 3.196 3.184 3.140 3.101 3.046 2.899 2.887 5.248 
8.000 1.000 1.245 1.411 1.633 1.747 1.887 2.072 2.194 2.352 2.454 2.588 2.659 2.750 2.808 2.879 2.969 3.082 3.143 3.182 3.175 3.136 3.098 3.041 2.882 2.867 5.240 
8.000 5.000 1.161 1.322 1.537 1.648 1.784 1.965 2.084 2.239 2.340 2.473 2.544 2.637 2.697 2.771 2.868 2.995 3.069 3.130 3.133 3.104 3.068 3.011 2.829 2.811 5.215 
8.000 10.000 1.064 1.223 1.436 1.545 1.679 1.858 1.976 2.129 2.229 2.362 2.433 2.526 2.587 2.663 2.763 2.898 2.979 3.052 3.062 3.041 3.008 2.953 2.762 2.741 5.170 
8.000 15.000 0.982 1.140 1.351 1.459 1.593 1.770 1.887 2.039 2.138 2.271 2.342 2.435 2.496 2.573 2.673 2.810 2.894 2.971 2.985 2.967 2.936 2.882 2.690 2.668 5.110 
8.000 20.000 0.913 1.070 1.279 1.388 1.520 1.696 1.813 1.964 2.063 2.195 2.266 2.359 2.419 2.495 2.595 2.732 2.816 2.893 2.907 2.890 2.859 2.806 2.615 2.593 5.044 
8.000 25.000 0.853 1.010 1.219 1.326 1.458 1.634 1.750 1.900 1.999 2.130 2.200 2.293 2.353 2.428 2.527 2.662 2.744 2.819 2.831 2.813 2.782 2.729 2.541 2.520 4.976 
8.000 30.000 0.802 0.958 1.166 1.273 1.405 1.580 1.695 1.845 1.944 2.074 2.144 2.235 2.295 2.369 2.467 2.599 2.679 2.750 2.761 2.741 2.709 2.656 2.471 2.451 4.912 
8.000 40.000 0.716 0.871 1.078 1.185 1.316 1.490 1.604 1.753 1.851 1.980 2.049 2.138 2.196 2.269 2.363 2.488 2.562 2.625 2.631 2.606 2.573 2.519 2.343 2.325 4.790 
8.000 50.000 0.648 0.803 1.009 1.116 1.246 1.419 1.534 1.682 1.778 1.906 1.974 2.062 2.118 2.188 2.279 2.397 2.465 2.518 2.519 2.490 2.455 2.402 2.235 2.218 4.701 
8.000 60.000 0.610 0.764 0.970 1.076 1.206 1.379 1.493 1.640 1.736 1.861 1.928 2.013 2.068 2.135 2.220 2.329 2.388 2.428 2.423 2.388 2.352 2.299 2.143 2.128 4.640 
8.000 70.000 0.587 0.740 0.946 1.052 1.181 1.353 1.467 1.613 1.708 1.832 1.898 1.981 2.033 2.098 2.178 2.278 2.329 2.358 2.348 2.309 2.271 2.218 2.070 2.056 4.587 
8.000 80.000 0.567 0.720 0.925 1.031 1.160 1.332 1.445 1.591 1.686 1.809 1.873 1.955 2.007 2.069 2.147 2.241 2.288 2.311 2.297 2.254 2.216 2.161 2.015 2.002 4.545 
8.000 90.000 0.548 0.702 0.907 1.012 1.142 1.313 1.426 1.571 1.665 1.788 1.851 1.932 1.982 2.043 2.118 2.207 2.250 2.266 2.249 2.203 2.163 2.109 1.965 1.953 4.514 
8.000 100.000 0.532 0.685 0.890 0.995 1.124 1.296 1.408 1.553 1.647 1.768 1.831 1.910 1.960 2.019 2.091 2.175 2.213 2.223 2.203 2.155 2.114 2.059 1.918 1.907 4.486 
8.000 110.000 0.511 0.664 0.869 0.974 1.103 1.275 1.387 1.532 1.625 1.746 1.808 1.886 1.934 1.992 2.061 2.141 2.176 2.181 2.159 2.109 2.068 2.013 1.875 1.863 4.460 
8.000 120.000 0.492 0.645 0.850 0.955 1.084 1.255 1.367 1.512 1.605 1.725 1.786 1.863 1.910 1.967 2.034 2.109 2.140 2.140 2.117 2.065 2.023 1.969 1.834 1.823 4.435 
8.000 130.000 0.473 0.626 0.830 0.935 1.064 1.235 1.347 1.491 1.584 1.703 1.764 1.839 1.886 1.941 2.005 2.076 2.104 2.099 2.074 2.021 1.979 1.925 1.794 1.784 4.410 
8.000 140.000 0.454 0.607 0.811 0.916 1.045 1.216 1.328 1.472 1.564 1.682 1.742 1.816 1.861 1.914 1.976 2.041 2.065 2.055 2.028 1.974 1.933 1.880 1.754 1.745 4.386 
8.000 150.000 0.437 0.590 0.794 0.899 1.028 1.199 1.311 1.454 1.546 1.662 1.722 1.794 1.838 1.888 1.946 2.006 2.025 2.010 1.981 1.926 1.886 1.834 1.715 1.706 4.363 
8.000 175.000 0.393 0.546 0.750 0.855 0.984 1.154 1.266 1.408 1.499 1.613 1.670 1.738 1.779 1.824 1.875 1.921 1.930 1.905 1.873 1.818 1.779 1.731 1.625 1.618 4.306 
8.000 200.000 0.353 0.507 0.711 0.816 0.945 1.115 1.226 1.368 1.457 1.568 1.623 1.688 1.725 1.766 1.809 1.843 1.844 1.809 1.775 1.721 1.684 1.639 1.546 1.540 4.253 
8.000 250.000 0.286 0.440 0.645 0.750 0.879 1.049 1.159 1.299 1.386 1.491 1.541 1.597 1.627 1.658 1.686 1.696 1.682 1.634 1.599 1.549 1.517 1.480 1.410 1.406 4.160 
8.000 300.000 0.230 0.383 0.589 0.694 0.823 0.993 1.103 1.241 1.325 1.424 1.469 1.517 1.540 1.562 1.575 1.565 1.539 1.484 1.449 1.404 1.378 1.349 1.296 1.293 4.074 
8.000 350.000 0.180 0.335 0.541 0.647 0.776 0.945 1.055 1.190 1.272 1.365 1.405 1.444 1.461 1.473 1.474 1.446 1.411 1.351 1.319 1.281 1.259 1.236 1.197 1.195 3.997 
8.000 400.000 0.137 0.292 0.499 0.605 0.734 0.903 1.012 1.146 1.225 1.311 1.346 1.377 1.387 1.390 1.379 1.335 1.293 1.233 1.204 1.172 1.155 1.138 1.110 1.109 3.925 
8.000 450.000 0.095 0.251 0.459 0.565 0.695 0.864 0.972 1.103 1.180 1.260 1.289 1.311 1.315 1.310 1.287 1.231 1.184 1.125 1.099 1.074 1.062 1.050 1.030 1.029 3.854 
8.000 500.000 0.058 0.214 0.423 0.530 0.660 0.828 0.936 1.065 1.138 1.211 1.235 1.249 1.247 1.233 1.200 1.133 1.083 1.026 1.005 0.986 0.978 0.970 0.957 0.956 3.788 
8.000 600.000 -0.008 0.151 0.361 0.469 0.599 0.767 0.873 0.996 1.063 1.121 1.134 1.129 1.114 1.085 1.033 0.949 0.897 0.850 0.838 0.832 0.831 0.831 0.829 0.828 3.662 
8.000 700.000 -0.067 0.093 0.306 0.414 0.545 0.712 0.816 0.933 0.992 1.035 1.036 1.015 0.989 0.946 0.879 0.784 0.734 0.698 0.695 0.699 0.704 0.709 0.713 0.713 3.548 
8.000 800.000 -0.117 0.045 0.259 0.368 0.499 0.666 0.766 0.877 0.928 0.954 0.943 0.904 0.867 0.812 0.732 0.632 0.586 0.564 0.568 0.582 0.591 0.600 0.608 0.608 3.440 
8.000 1000.000 -0.237 -0.070 0.149 0.260 0.392 0.557 0.653 0.752 0.789 0.786 0.756 0.691 0.638 0.566 0.474 0.373 0.337 0.336 0.351 0.376 0.390 0.402 0.414 0.414 3.251 
8.000 1200.000 -0.346 -0.175 0.049 0.162 0.295 0.458 0.550 0.636 0.658 0.629 0.581 0.494 0.428 0.345 0.245 0.148 0.123 0.138 0.162 0.193 0.209 0.224 0.236 0.237 3.066 
8.000 1500.000 -0.499 -0.321 -0.088 0.028 0.162 0.321 0.405 0.470 0.470 0.399 0.326 0.209 0.128 0.032 -0.074 -0.160 -0.172 -0.138 -0.108 -0.071 -0.053 -0.038 -0.025 -0.024 2.795 
8.200 0.000 1.325 1.486 1.702 1.813 1.949 2.130 2.249 2.403 2.504 2.637 2.707 2.798 2.855 2.924 3.011 3.116 3.168 3.195 3.182 3.139 3.099 3.044 2.897 2.884 5.315 
8.200 1.000 1.302 1.459 1.669 1.777 1.910 2.086 2.203 2.354 2.453 2.585 2.656 2.747 2.805 2.877 2.967 3.082 3.143 3.182 3.175 3.135 3.096 3.040 2.880 2.865 5.301 
8.200 5.000 1.223 1.376 1.580 1.685 1.815 1.986 2.100 2.248 2.346 2.477 2.548 2.640 2.701 2.775 2.872 3.000 3.074 3.133 3.136 3.106 3.069 3.012 2.830 2.811 5.278 
8.200 10.000 1.133 1.284 1.485 1.589 1.717 1.887 1.999 2.146 2.243 2.373 2.444 2.538 2.599 2.676 2.776 2.911 2.992 3.064 3.073 3.050 3.017 2.961 2.769 2.748 5.248 
8.200 15.000 1.056 1.206 1.405 1.509 1.635 1.804 1.915 2.061 2.158 2.288 2.359 2.452 2.514 2.591 2.692 2.830 2.915 2.992 3.005 2.986 2.954 2.900 2.705 2.683 5.201 
8.200 20.000 0.990 1.139 1.338 1.440 1.566 1.734 1.845 1.990 2.086 2.216 2.287 2.380 2.441 2.518 2.619 2.757 2.842 2.920 2.934 2.916 2.886 2.832 2.638 2.616 5.143 
8.200 25.000 0.935 1.083 1.281 1.383 1.508 1.675 1.786 1.930 2.026 2.155 2.225 2.318 2.379 2.455 2.555 2.692 2.776 2.852 2.865 2.847 2.816 2.762 2.571 2.549 5.085 
8.200 30.000 0.886 1.033 1.231 1.333 1.458 1.624 1.734 1.878 1.973 2.102 2.172 2.264 2.324 2.400 2.499 2.634 2.715 2.790 2.801 2.782 2.750 2.697 2.507 2.486 5.030 
8.200 40.000 0.803 0.950 1.147 1.248 1.372 1.538 1.648 1.791 1.885 2.012 2.081 2.172 2.231 2.304 2.400 2.529 2.606 2.672 2.679 2.655 2.622 2.568 2.387 2.367 4.917 
8.200 50.000 0.738 0.884 1.080 1.181 1.305 1.470 1.579 1.722 1.815 1.941 2.009 2.098 2.156 2.227 2.320 2.443 2.514 2.571 2.574 2.546 2.511 2.457 2.284 2.266 4.837 
8.200 60.000 0.701 0.847 1.043 1.143 1.267 1.431 1.540 1.682 1.775 1.899 1.965 2.052 2.107 2.176 2.264 2.377 2.440 2.485 2.481 2.447 2.411 2.357 2.194 2.178 4.779 
8.200 70.000 0.679 0.825 1.020 1.120 1.243 1.407 1.516 1.656 1.749 1.871 1.937 2.021 2.075 2.141 2.225 2.330 2.385 2.419 2.411 2.372 2.334 2.279 2.123 2.109 4.728 
8.200 80.000 0.660 0.806 1.000 1.100 1.224 1.387 1.495 1.636 1.727 1.849 1.914 1.997 2.050 2.114 2.195 2.295 2.346 2.373 2.361 2.319 2.280 2.224 2.070 2.056 4.688 
8.200 90.000 0.643 0.788 0.982 1.082 1.205 1.369 1.477 1.617 1.708 1.829 1.893 1.974 2.026 2.089 2.167 2.261 2.308 2.329 2.314 2.268 2.228 2.172 2.020 2.007 4.657 
8.200 100.000 0.627 0.772 0.966 1.066 1.189 1.352 1.460 1.599 1.690 1.810 1.873 1.954 2.005 2.066 2.141 2.230 2.272 2.287 2.269 2.221 2.179 2.123 1.974 1.961 4.629 
8.200 110.000 0.606 0.752 0.946 1.046 1.169 1.332 1.439 1.578 1.669 1.788 1.851 1.930 1.980 2.040 2.112 2.197 2.236 2.245 2.225 2.175 2.133 2.076 1.931 1.919 4.603 
8.200 120.000 0.588 0.733 0.927 1.027 1.150 1.313 1.420 1.559 1.649 1.768 1.830 1.908 1.957 2.015 2.085 2.166 2.201 2.206 2.183 2.132 2.089 2.033 1.890 1.879 4.579 
8.200 130.000 0.568 0.713 0.907 1.007 1.130 1.293 1.400 1.539 1.629 1.746 1.808 1.885 1.933 1.990 2.058 2.134 2.165 2.165 2.141 2.088 2.045 1.989 1.851 1.840 4.554 
8.200 140.000 0.550 0.695 0.889 0.989 1.112 1.274 1.381 1.520 1.609 1.726 1.787 1.862 1.909 1.964 2.029 2.100 2.127 2.122 2.095 2.041 1.999 1.944 1.811 1.801 4.530 
8.200 150.000 0.533 0.678 0.872 0.972 1.095 1.258 1.365 1.503 1.592 1.707 1.767 1.841 1.886 1.939 2.000 2.065 2.088 2.077 2.049 1.994 1.952 1.899 1.773 1.763 4.508 
8.200 175.000 0.489 0.635 0.829 0.929 1.051 1.214 1.320 1.458 1.546 1.658 1.716 1.786 1.828 1.876 1.930 1.982 1.995 1.973 1.942 1.886 1.846 1.796 1.685 1.677 4.452 
8.200 200.000 0.451 0.596 0.790 0.890 1.013 1.175 1.282 1.418 1.505 1.615 1.671 1.737 1.776 1.819 1.866 1.905 1.910 1.879 1.845 1.790 1.752 1.706 1.607 1.600 4.400 
8.200 250.000 0.385 0.531 0.726 0.826 0.949 1.111 1.217 1.351 1.436 1.540 1.590 1.648 1.680 1.714 1.745 1.761 1.749 1.705 1.669 1.618 1.585 1.548 1.473 1.469 4.311 
8.200 300.000 0.328 0.474 0.670 0.771 0.894 1.056 1.161 1.293 1.376 1.474 1.520 1.569 1.595 1.619 1.636 1.631 1.608 1.555 1.520 1.475 1.447 1.417 1.361 1.358 4.229 
8.200 350.000 0.280 0.427 0.623 0.724 0.847 1.009 1.114 1.244 1.324 1.416 1.457 1.498 1.517 1.532 1.536 1.513 1.480 1.423 1.391 1.352 1.330 1.306 1.265 1.263 4.156 
8.200 400.000 0.237 0.384 0.581 0.683 0.806 0.968 1.072 1.201 1.278 1.364 1.399 1.432 1.444 1.450 1.442 1.403 1.364 1.305 1.276 1.244 1.227 1.209 1.179 1.178 4.086 
8.200 450.000 0.196 0.345 0.543 0.645 0.769 0.930 1.034 1.160 1.234 1.314 1.344 1.368 1.374 1.371 1.352 1.300 1.255 1.197 1.172 1.147 1.134 1.122 1.101 1.100 4.019 
8.200 500.000 0.159 0.308 0.508 0.610 0.734 0.896 0.998 1.123 1.194 1.266 1.291 1.307 1.306 1.295 1.265 1.202 1.154 1.099 1.078 1.060 1.051 1.043 1.030 1.029 3.956 
8.200 600.000 0.095 0.246 0.448 0.551 0.676 0.837 0.938 1.056 1.121 1.178 1.191 1.189 1.176 1.149 1.099 1.019 0.969 0.924 0.913 0.908 0.907 0.907 0.904 0.904 3.834 
8.200 700.000 0.037 0.190 0.394 0.498 0.623 0.783 0.882 0.995 1.052 1.094 1.096 1.076 1.051 1.010 0.946 0.855 0.807 0.774 0.771 0.777 0.782 0.787 0.791 0.791 3.723 
8.200 800.000 -0.012 0.143 0.349 0.453 0.579 0.738 0.835 0.940 0.989 1.014 1.004 0.967 0.931 0.877 0.800 0.704 0.660 0.641 0.646 0.661 0.670 0.679 0.688 0.688 3.619 
8.200 1000.000 -0.129 0.031 0.242 0.349 0.476 0.633 0.725 0.819 0.853 0.849 0.820 0.756 0.704 0.634 0.543 0.446 0.413 0.415 0.432 0.458 0.472 0.485 0.497 0.497 3.437 
8.200 1200.000 -0.237 -0.072 0.144 0.253 0.381 0.537 0.625 0.706 0.726 0.694 0.647 0.561 0.496 0.414 0.317 0.224 0.201 0.220 0.244 0.277 0.294 0.308 0.321 0.321 3.258 
8.200 1500.000 -0.387 -0.214 0.011 0.123 0.253 0.405 0.484 0.544 0.541 0.468 0.395 0.279 0.199 0.104 0.001 -0.081 -0.091 -0.053 -0.022 0.016 0.035 0.050 0.063 0.063 2.996 
