CanadaSHM6-trial_NGAEastGMM13_04 , distance is rrup. Log10 ground motion values in cgs units, PGV and Sa(T<0.1s) not valid
          11 34 25 : nmag, ndist, nperiod
          10.000 7.519 5.000 4.000 3.003 2.000 1.499 1.000 0.750 0.500 0.400 0.300 0.250 0.200 0.150 0.100 0.075 0.050 0.040 0.030 0.025 0.020 0.010 PGA PGV 
          0.620 0.620 0.620 0.620 0.620 0.620 0.620 0.620 0.600 0.580 0.560 0.540 0.530 0.530 0.530 0.530 0.530 0.530 0.530 0.530 0.530 0.530 0.530 0.530 0.620
4.000 0.000 -1.145 -0.873 -0.483 -0.268 0.014 0.424 0.724 1.152 1.452 1.845 2.034 2.242 2.353 2.471 2.602 2.769 2.875 2.996 3.039 3.066 3.065 3.047 2.946 2.935 3.856 
4.000 1.000 -1.265 -0.993 -0.604 -0.389 -0.107 0.303 0.603 1.030 1.329 1.720 1.908 2.114 2.223 2.338 2.466 2.627 2.729 2.844 2.886 2.910 2.908 2.890 2.792 2.781 3.739 
4.000 5.000 -1.853 -1.581 -1.192 -0.976 -0.694 -0.283 0.017 0.447 0.748 1.143 1.334 1.545 1.658 1.779 1.916 2.089 2.200 2.324 2.367 2.389 2.384 2.360 2.238 2.224 3.154 
4.000 10.000 -2.250 -1.978 -1.588 -1.373 -1.091 -0.680 -0.379 0.051 0.352 0.748 0.940 1.152 1.266 1.387 1.525 1.700 1.812 1.934 1.974 1.992 1.983 1.954 1.815 1.798 2.761 
4.000 15.000 -2.501 -2.230 -1.840 -1.624 -1.343 -0.932 -0.631 -0.202 0.099 0.494 0.686 0.897 1.011 1.131 1.268 1.440 1.549 1.666 1.703 1.715 1.703 1.669 1.519 1.501 2.505 
4.000 20.000 -2.688 -2.417 -2.027 -1.812 -1.530 -1.119 -0.819 -0.390 -0.089 0.306 0.497 0.708 0.821 0.942 1.077 1.248 1.354 1.467 1.501 1.510 1.495 1.458 1.298 1.279 2.313 
4.000 25.000 -2.843 -2.571 -2.182 -1.967 -1.685 -1.274 -0.974 -0.545 -0.245 0.151 0.342 0.553 0.666 0.786 0.921 1.090 1.196 1.305 1.337 1.342 1.324 1.283 1.112 1.092 2.152 
4.000 30.000 -2.966 -2.695 -2.305 -2.090 -1.809 -1.398 -1.098 -0.669 -0.368 0.027 0.218 0.428 0.541 0.661 0.796 0.964 1.068 1.175 1.206 1.208 1.188 1.145 0.968 0.947 2.026 
4.000 40.000 -3.155 -2.884 -2.495 -2.279 -1.998 -1.588 -1.288 -0.860 -0.559 -0.165 0.025 0.235 0.347 0.466 0.599 0.764 0.865 0.968 0.995 0.993 0.970 0.924 0.739 0.718 1.830 
4.000 50.000 -3.299 -3.028 -2.639 -2.424 -2.143 -1.733 -1.433 -1.005 -0.706 -0.313 -0.123 0.086 0.197 0.315 0.446 0.608 0.706 0.802 0.826 0.819 0.794 0.744 0.551 0.529 1.680 
4.000 60.000 -3.373 -3.102 -2.713 -2.498 -2.218 -1.808 -1.508 -1.081 -0.782 -0.389 -0.199 0.009 0.120 0.237 0.367 0.528 0.624 0.719 0.741 0.732 0.706 0.655 0.459 0.437 1.588 
4.000 70.000 -3.430 -3.159 -2.771 -2.556 -2.275 -1.866 -1.567 -1.140 -0.841 -0.448 -0.259 -0.052 0.059 0.175 0.304 0.462 0.556 0.647 0.668 0.657 0.629 0.577 0.378 0.355 1.510 
4.000 80.000 -3.471 -3.200 -2.812 -2.597 -2.317 -1.908 -1.609 -1.183 -0.884 -0.493 -0.305 -0.099 0.010 0.125 0.251 0.405 0.495 0.581 0.598 0.583 0.554 0.500 0.298 0.276 1.448 
4.000 90.000 -3.502 -3.232 -2.844 -2.629 -2.349 -1.940 -1.642 -1.216 -0.919 -0.529 -0.342 -0.137 -0.029 0.084 0.208 0.357 0.444 0.523 0.538 0.521 0.490 0.435 0.233 0.211 1.394 
4.000 100.000 -3.531 -3.260 -2.873 -2.658 -2.379 -1.970 -1.672 -1.247 -0.950 -0.562 -0.375 -0.172 -0.065 0.046 0.168 0.312 0.395 0.470 0.482 0.462 0.430 0.374 0.172 0.150 1.345 
4.000 110.000 -3.557 -3.286 -2.899 -2.685 -2.405 -1.997 -1.699 -1.275 -0.979 -0.592 -0.406 -0.204 -0.099 0.011 0.130 0.269 0.349 0.419 0.428 0.406 0.373 0.316 0.115 0.093 1.300 
4.000 120.000 -3.581 -3.311 -2.924 -2.709 -2.430 -2.023 -1.725 -1.302 -1.006 -0.620 -0.436 -0.236 -0.131 -0.023 0.093 0.228 0.304 0.368 0.376 0.351 0.317 0.260 0.060 0.039 1.257 
4.000 130.000 -3.604 -3.334 -2.947 -2.733 -2.454 -2.047 -1.750 -1.327 -1.032 -0.648 -0.464 -0.266 -0.162 -0.056 0.057 0.188 0.260 0.319 0.324 0.297 0.262 0.204 0.005 -0.017 1.216 
4.000 140.000 -3.627 -3.357 -2.970 -2.756 -2.478 -2.071 -1.774 -1.352 -1.058 -0.675 -0.492 -0.295 -0.193 -0.088 0.022 0.148 0.217 0.272 0.274 0.244 0.208 0.149 -0.050 -0.071 1.176 
4.000 150.000 -3.653 -3.384 -2.997 -2.784 -2.505 -2.099 -1.803 -1.381 -1.088 -0.706 -0.524 -0.328 -0.227 -0.124 -0.015 0.107 0.173 0.224 0.224 0.193 0.155 0.096 -0.103 -0.123 1.136 
4.000 175.000 -3.718 -3.449 -3.063 -2.850 -2.572 -2.167 -1.872 -1.452 -1.160 -0.780 -0.601 -0.408 -0.310 -0.210 -0.107 0.006 0.065 0.105 0.101 0.066 0.027 -0.033 -0.230 -0.250 1.038 
4.000 200.000 -3.776 -3.507 -3.122 -2.909 -2.632 -2.228 -1.933 -1.515 -1.225 -0.848 -0.671 -0.482 -0.385 -0.289 -0.192 -0.088 -0.037 -0.006 -0.014 -0.054 -0.094 -0.155 -0.349 -0.369 0.950 
4.000 250.000 -3.887 -3.619 -3.235 -3.024 -2.747 -2.345 -2.053 -1.639 -1.352 -0.982 -0.809 -0.628 -0.537 -0.450 -0.364 -0.280 -0.243 -0.229 -0.244 -0.288 -0.329 -0.389 -0.570 -0.588 0.790 
4.000 300.000 -3.980 -3.713 -3.331 -3.120 -2.845 -2.445 -2.155 -1.745 -1.461 -1.099 -0.931 -0.758 -0.674 -0.594 -0.522 -0.457 -0.433 -0.434 -0.454 -0.500 -0.540 -0.597 -0.763 -0.778 0.652 
4.000 350.000 -4.061 -3.794 -3.413 -3.203 -2.930 -2.532 -2.244 -1.838 -1.559 -1.204 -1.042 -0.877 -0.799 -0.728 -0.668 -0.623 -0.612 -0.627 -0.651 -0.699 -0.738 -0.792 -0.943 -0.957 0.529 
4.000 400.000 -4.132 -3.867 -3.487 -3.278 -3.006 -2.611 -2.326 -1.924 -1.649 -1.302 -1.145 -0.989 -0.918 -0.856 -0.809 -0.783 -0.784 -0.811 -0.838 -0.887 -0.924 -0.975 -1.113 -1.125 0.415 
4.000 450.000 -4.212 -3.947 -3.569 -3.361 -3.090 -2.698 -2.416 -2.019 -1.749 -1.412 -1.261 -1.116 -1.052 -1.000 -0.967 -0.961 -0.974 -1.011 -1.039 -1.086 -1.120 -1.165 -1.285 -1.295 0.307 
4.000 500.000 -4.282 -4.018 -3.642 -3.435 -3.166 -2.777 -2.497 -2.105 -1.840 -1.512 -1.369 -1.233 -1.177 -1.135 -1.116 -1.128 -1.152 -1.196 -1.225 -1.268 -1.299 -1.339 -1.443 -1.452 0.207 
4.000 600.000 -4.395 -4.134 -3.761 -3.557 -3.291 -2.910 -2.637 -2.260 -2.008 -1.705 -1.579 -1.470 -1.433 -1.416 -1.429 -1.481 -1.525 -1.579 -1.605 -1.636 -1.657 -1.683 -1.751 -1.757 0.024 
4.000 700.000 -4.498 -4.239 -3.870 -3.668 -3.406 -3.031 -2.764 -2.399 -2.158 -1.877 -1.765 -1.677 -1.654 -1.656 -1.694 -1.777 -1.835 -1.899 -1.924 -1.950 -1.965 -1.984 -2.036 -2.040 -0.141 
4.000 800.000 -4.589 -4.332 -3.967 -3.767 -3.509 -3.141 -2.881 -2.529 -2.300 -2.041 -1.944 -1.878 -1.870 -1.891 -1.951 -2.059 -2.127 -2.191 -2.211 -2.227 -2.236 -2.247 -2.280 -2.283 -0.295 
4.000 1000.000 -4.749 -4.496 -4.137 -3.942 -3.692 -3.338 -3.092 -2.765 -2.560 -2.343 -2.274 -2.248 -2.266 -2.319 -2.417 -2.564 -2.646 -2.710 -2.723 -2.725 -2.724 -2.724 -2.736 -2.737 -0.568 
4.000 1200.000 -4.880 -4.631 -4.280 -4.090 -3.848 -3.509 -3.277 -2.977 -2.797 -2.624 -2.584 -2.597 -2.642 -2.725 -2.858 -3.040 -3.134 -3.198 -3.205 -3.197 -3.189 -3.181 -3.179 -3.180 -0.826 
4.000 1500.000 -5.062 -4.820 -4.481 -4.299 -4.069 -3.753 -3.543 -3.283 -3.141 -3.034 -3.035 -3.106 -3.187 -3.314 -3.497 -3.728 -3.841 -3.912 -3.916 -3.900 -3.887 -3.873 -3.861 -3.861 -1.196 
4.500 0.000 -0.780 -0.487 -0.072 0.153 0.445 0.861 1.157 1.566 1.842 2.186 2.345 2.515 2.604 2.700 2.809 2.948 3.035 3.127 3.156 3.167 3.158 3.133 3.024 3.012 4.078 
4.500 1.000 -0.862 -0.568 -0.154 0.071 0.362 0.778 1.073 1.481 1.755 2.098 2.255 2.421 2.508 2.600 2.704 2.835 2.915 2.999 3.026 3.034 3.024 2.999 2.891 2.880 3.994 
4.500 5.000 -1.331 -1.038 -0.624 -0.398 -0.107 0.309 0.605 1.014 1.290 1.635 1.794 1.964 2.054 2.149 2.259 2.397 2.483 2.573 2.600 2.608 2.596 2.568 2.450 2.438 3.512 
4.500 10.000 -1.705 -1.411 -0.997 -0.771 -0.480 -0.064 0.232 0.642 0.918 1.264 1.424 1.595 1.686 1.783 1.894 2.034 2.120 2.208 2.233 2.236 2.220 2.187 2.055 2.040 3.143 
4.500 15.000 -1.946 -1.652 -1.238 -1.013 -0.722 -0.306 -0.010 0.400 0.676 1.022 1.181 1.352 1.442 1.538 1.648 1.786 1.870 1.952 1.974 1.971 1.953 1.916 1.773 1.757 2.898 
4.500 20.000 -2.126 -1.833 -1.419 -1.193 -0.902 -0.486 -0.190 0.219 0.495 0.840 0.999 1.170 1.259 1.355 1.464 1.600 1.681 1.759 1.777 1.770 1.749 1.708 1.557 1.540 2.715 
4.500 25.000 -2.275 -1.982 -1.569 -1.343 -1.052 -0.637 -0.341 0.069 0.344 0.690 0.849 1.019 1.109 1.204 1.313 1.448 1.527 1.602 1.618 1.608 1.584 1.540 1.380 1.362 2.562 
4.500 30.000 -2.395 -2.102 -1.688 -1.463 -1.172 -0.757 -0.461 -0.052 0.224 0.569 0.728 0.898 0.988 1.083 1.191 1.324 1.403 1.475 1.489 1.476 1.450 1.405 1.238 1.220 2.440 
4.500 40.000 -2.577 -2.284 -1.871 -1.645 -1.355 -0.940 -0.644 -0.236 0.040 0.384 0.542 0.711 0.800 0.894 1.001 1.130 1.206 1.273 1.284 1.266 1.238 1.189 1.015 0.997 2.254 
4.500 50.000 -2.717 -2.424 -2.011 -1.786 -1.496 -1.081 -0.786 -0.377 -0.103 0.240 0.398 0.566 0.654 0.747 0.852 0.978 1.050 1.112 1.119 1.098 1.067 1.015 0.834 0.815 2.111 
4.500 60.000 -2.788 -2.496 -2.083 -1.858 -1.568 -1.153 -0.858 -0.450 -0.176 0.167 0.325 0.492 0.580 0.673 0.776 0.901 0.972 1.031 1.037 1.014 0.982 0.928 0.745 0.726 2.024 
4.500 70.000 -2.844 -2.552 -2.140 -1.915 -1.625 -1.211 -0.916 -0.508 -0.234 0.108 0.265 0.432 0.519 0.611 0.713 0.836 0.905 0.961 0.966 0.940 0.906 0.851 0.663 0.644 1.950 
4.500 80.000 -2.881 -2.589 -2.177 -1.952 -1.662 -1.249 -0.954 -0.548 -0.275 0.066 0.222 0.388 0.474 0.564 0.663 0.781 0.845 0.896 0.897 0.868 0.833 0.777 0.589 0.569 1.893 
4.500 90.000 -2.910 -2.619 -2.207 -1.982 -1.693 -1.280 -0.986 -0.580 -0.307 0.032 0.187 0.351 0.435 0.524 0.620 0.733 0.794 0.840 0.839 0.808 0.772 0.715 0.527 0.508 1.843 
4.500 100.000 -2.937 -2.645 -2.234 -2.009 -1.720 -1.308 -1.014 -0.609 -0.337 0.001 0.155 0.317 0.400 0.487 0.580 0.689 0.746 0.787 0.784 0.751 0.714 0.657 0.470 0.451 1.797 
4.500 110.000 -2.960 -2.669 -2.258 -2.033 -1.745 -1.332 -1.040 -0.635 -0.364 -0.028 0.125 0.285 0.368 0.452 0.543 0.647 0.701 0.737 0.732 0.697 0.659 0.602 0.416 0.398 1.755 
4.500 120.000 -2.982 -2.691 -2.280 -2.056 -1.767 -1.356 -1.063 -0.660 -0.390 -0.055 0.097 0.256 0.337 0.419 0.507 0.606 0.657 0.689 0.682 0.645 0.607 0.549 0.366 0.348 1.716 
4.500 130.000 -3.003 -2.712 -2.302 -2.078 -1.790 -1.378 -1.086 -0.684 -0.414 -0.081 0.070 0.227 0.306 0.387 0.472 0.566 0.613 0.640 0.631 0.593 0.554 0.496 0.314 0.296 1.679 
4.500 140.000 -3.024 -2.734 -2.323 -2.100 -1.812 -1.401 -1.109 -0.708 -0.439 -0.107 0.043 0.198 0.276 0.355 0.437 0.527 0.570 0.593 0.582 0.542 0.502 0.444 0.263 0.245 1.642 
4.500 150.000 -3.049 -2.759 -2.349 -2.125 -1.838 -1.427 -1.136 -0.735 -0.467 -0.137 0.012 0.166 0.243 0.320 0.401 0.486 0.527 0.546 0.533 0.492 0.452 0.393 0.213 0.196 1.605 
4.500 175.000 -3.109 -2.819 -2.410 -2.187 -1.900 -1.491 -1.201 -0.801 -0.535 -0.208 -0.061 0.089 0.163 0.236 0.310 0.387 0.420 0.430 0.414 0.369 0.328 0.270 0.093 0.077 1.514 
4.500 200.000 -3.163 -2.873 -2.465 -2.242 -1.956 -1.548 -1.259 -0.862 -0.598 -0.273 -0.129 0.017 0.088 0.157 0.225 0.292 0.318 0.320 0.301 0.254 0.213 0.154 -0.017 -0.033 1.432 
4.500 250.000 -3.265 -2.976 -2.569 -2.348 -2.063 -1.658 -1.371 -0.978 -0.718 -0.402 -0.263 -0.126 -0.061 -0.001 0.053 0.100 0.112 0.100 0.076 0.027 -0.013 -0.068 -0.224 -0.239 1.282 
4.500 300.000 -3.351 -3.063 -2.658 -2.438 -2.154 -1.752 -1.468 -1.079 -0.823 -0.515 -0.382 -0.254 -0.196 -0.145 -0.103 -0.076 -0.076 -0.101 -0.128 -0.176 -0.214 -0.265 -0.406 -0.418 1.152 
4.500 350.000 -3.425 -3.139 -2.735 -2.516 -2.234 -1.834 -1.552 -1.169 -0.918 -0.618 -0.491 -0.372 -0.320 -0.278 -0.250 -0.242 -0.253 -0.288 -0.317 -0.365 -0.401 -0.448 -0.575 -0.586 1.037 
4.500 400.000 -3.491 -3.206 -2.804 -2.585 -2.305 -1.908 -1.629 -1.251 -1.004 -0.713 -0.592 -0.482 -0.437 -0.404 -0.388 -0.397 -0.419 -0.463 -0.494 -0.540 -0.573 -0.616 -0.729 -0.739 0.933 
4.500 450.000 -3.566 -3.282 -2.881 -2.664 -2.386 -1.992 -1.716 -1.343 -1.102 -0.820 -0.706 -0.607 -0.570 -0.547 -0.545 -0.572 -0.603 -0.655 -0.685 -0.728 -0.758 -0.796 -0.894 -0.902 0.831 
4.500 500.000 -3.632 -3.349 -2.951 -2.735 -2.458 -2.068 -1.795 -1.427 -1.191 -0.920 -0.813 -0.724 -0.694 -0.681 -0.692 -0.736 -0.776 -0.832 -0.862 -0.901 -0.927 -0.960 -1.044 -1.051 0.736 
4.500 600.000 -3.741 -3.460 -3.066 -2.853 -2.581 -2.198 -1.932 -1.579 -1.356 -1.109 -1.019 -0.955 -0.943 -0.953 -0.992 -1.071 -1.127 -1.190 -1.215 -1.243 -1.260 -1.281 -1.337 -1.342 0.565 
4.500 700.000 -3.839 -3.561 -3.171 -2.960 -2.691 -2.316 -2.057 -1.716 -1.504 -1.279 -1.203 -1.160 -1.162 -1.190 -1.252 -1.357 -1.424 -1.490 -1.512 -1.532 -1.543 -1.557 -1.597 -1.600 0.410 
4.500 800.000 -3.930 -3.654 -3.267 -3.059 -2.794 -2.426 -2.173 -1.844 -1.644 -1.439 -1.376 -1.352 -1.367 -1.411 -1.493 -1.618 -1.692 -1.759 -1.777 -1.790 -1.795 -1.803 -1.829 -1.831 0.266 
4.500 1000.000 -4.085 -3.813 -3.435 -3.232 -2.975 -2.621 -2.382 -2.077 -1.900 -1.735 -1.699 -1.712 -1.752 -1.825 -1.940 -2.098 -2.182 -2.245 -2.255 -2.254 -2.250 -2.247 -2.254 -2.255 0.009 
4.500 1200.000 -4.212 -3.945 -3.575 -3.377 -3.129 -2.789 -2.564 -2.285 -2.131 -2.008 -1.997 -2.047 -2.110 -2.211 -2.358 -2.548 -2.643 -2.707 -2.713 -2.704 -2.695 -2.686 -2.681 -2.682 -0.231 
4.500 1500.000 -4.387 -4.128 -3.770 -3.581 -3.345 -3.029 -2.826 -2.587 -2.470 -2.410 -2.440 -2.543 -2.641 -2.781 -2.971 -3.203 -3.311 -3.376 -3.376 -3.357 -3.341 -3.326 -3.311 -3.311 -0.576 
5.000 0.000 -0.385 -0.082 0.338 0.565 0.852 1.254 1.532 1.905 2.147 2.437 2.567 2.705 2.779 2.859 2.953 3.073 3.145 3.219 3.239 3.241 3.228 3.200 3.089 3.077 4.258 
5.000 1.000 -0.443 -0.141 0.280 0.506 0.793 1.194 1.471 1.843 2.083 2.371 2.498 2.633 2.703 2.780 2.868 2.977 3.043 3.107 3.123 3.122 3.107 3.078 2.967 2.956 4.196 
5.000 5.000 -0.792 -0.490 -0.070 0.156 0.443 0.844 1.122 1.494 1.735 2.024 2.152 2.287 2.359 2.437 2.526 2.639 2.705 2.771 2.788 2.785 2.770 2.740 2.625 2.614 3.821 
5.000 10.000 -1.129 -0.827 -0.406 -0.180 0.107 0.508 0.786 1.159 1.400 1.689 1.818 1.954 2.027 2.105 2.196 2.310 2.376 2.439 2.453 2.447 2.428 2.394 2.268 2.255 3.485 
5.000 15.000 -1.355 -1.053 -0.632 -0.407 -0.120 0.281 0.559 0.932 1.173 1.462 1.590 1.726 1.798 1.876 1.966 2.077 2.141 2.200 2.211 2.199 2.178 2.140 2.006 1.992 3.255 
5.000 20.000 -1.526 -1.224 -0.804 -0.578 -0.291 0.110 0.388 0.759 1.000 1.289 1.417 1.553 1.624 1.702 1.790 1.899 1.961 2.015 2.023 2.008 1.985 1.944 1.803 1.789 3.083 
5.000 25.000 -1.666 -1.364 -0.944 -0.719 -0.432 -0.031 0.246 0.618 0.859 1.147 1.275 1.410 1.481 1.558 1.646 1.752 1.812 1.862 1.867 1.848 1.822 1.779 1.631 1.616 2.938 
5.000 30.000 -1.781 -1.479 -1.059 -0.833 -0.547 -0.146 0.131 0.503 0.743 1.031 1.159 1.294 1.365 1.441 1.528 1.633 1.691 1.738 1.741 1.719 1.691 1.645 1.492 1.477 2.822 
5.000 40.000 -1.956 -1.654 -1.234 -1.009 -0.723 -0.322 -0.045 0.326 0.566 0.853 0.980 1.114 1.184 1.259 1.344 1.445 1.500 1.541 1.541 1.515 1.484 1.436 1.276 1.260 2.645 
5.000 50.000 -2.092 -1.790 -1.371 -1.146 -0.860 -0.460 -0.183 0.187 0.427 0.713 0.840 0.973 1.042 1.116 1.199 1.297 1.348 1.385 1.382 1.352 1.319 1.268 1.103 1.087 2.509 
5.000 60.000 -2.162 -1.861 -1.442 -1.217 -0.931 -0.531 -0.254 0.116 0.355 0.641 0.767 0.900 0.969 1.043 1.125 1.221 1.272 1.306 1.302 1.270 1.236 1.183 1.015 0.998 2.427 
5.000 70.000 -2.218 -1.917 -1.498 -1.273 -0.987 -0.588 -0.311 0.058 0.297 0.583 0.709 0.841 0.910 0.983 1.064 1.158 1.207 1.238 1.232 1.197 1.162 1.107 0.934 0.917 2.357 
5.000 80.000 -2.251 -1.950 -1.532 -1.307 -1.022 -0.623 -0.347 0.022 0.260 0.544 0.669 0.799 0.866 0.937 1.015 1.104 1.149 1.174 1.166 1.129 1.092 1.036 0.864 0.847 2.303 
5.000 90.000 -2.279 -1.978 -1.560 -1.336 -1.050 -0.652 -0.377 -0.009 0.229 0.511 0.635 0.763 0.829 0.898 0.974 1.058 1.099 1.120 1.109 1.070 1.032 0.976 0.804 0.787 2.257 
5.000 100.000 -2.304 -2.003 -1.586 -1.361 -1.076 -0.679 -0.404 -0.037 0.200 0.481 0.604 0.730 0.795 0.862 0.935 1.015 1.052 1.068 1.056 1.015 0.977 0.921 0.749 0.733 2.214 
5.000 110.000 -2.326 -2.026 -1.608 -1.384 -1.100 -0.702 -0.428 -0.062 0.174 0.453 0.575 0.700 0.763 0.828 0.898 0.973 1.007 1.019 1.005 0.963 0.924 0.868 0.698 0.682 2.175 
5.000 120.000 -2.345 -2.046 -1.629 -1.405 -1.120 -0.724 -0.450 -0.084 0.150 0.428 0.549 0.672 0.734 0.797 0.864 0.935 0.966 0.974 0.958 0.915 0.876 0.819 0.651 0.635 2.140 
5.000 130.000 -2.365 -2.065 -1.649 -1.425 -1.141 -0.745 -0.472 -0.107 0.127 0.403 0.523 0.644 0.704 0.766 0.829 0.895 0.923 0.927 0.909 0.864 0.824 0.768 0.601 0.585 2.105 
5.000 140.000 -2.385 -2.085 -1.669 -1.446 -1.162 -0.767 -0.494 -0.130 0.103 0.378 0.496 0.615 0.674 0.734 0.795 0.856 0.880 0.880 0.861 0.815 0.775 0.718 0.554 0.538 2.071 
5.000 150.000 -2.408 -2.109 -1.693 -1.470 -1.186 -0.792 -0.519 -0.156 0.076 0.349 0.467 0.584 0.642 0.700 0.759 0.816 0.837 0.834 0.813 0.766 0.726 0.670 0.506 0.491 2.036 
5.000 175.000 -2.463 -2.165 -1.749 -1.527 -1.244 -0.851 -0.579 -0.218 0.012 0.281 0.396 0.509 0.564 0.618 0.670 0.717 0.731 0.720 0.697 0.648 0.608 0.552 0.394 0.380 1.952 
5.000 200.000 -2.512 -2.214 -1.800 -1.578 -1.296 -0.904 -0.634 -0.275 -0.047 0.218 0.330 0.439 0.491 0.540 0.585 0.622 0.630 0.612 0.586 0.537 0.497 0.443 0.291 0.278 1.875 
5.000 250.000 -2.608 -2.311 -1.899 -1.678 -1.398 -1.008 -0.741 -0.387 -0.163 0.094 0.200 0.299 0.344 0.383 0.415 0.432 0.427 0.396 0.367 0.318 0.280 0.230 0.093 0.081 1.734 
5.000 300.000 -2.688 -2.392 -1.982 -1.762 -1.484 -1.097 -0.832 -0.484 -0.264 -0.016 0.084 0.174 0.212 0.241 0.260 0.259 0.242 0.202 0.171 0.123 0.088 0.042 -0.080 -0.090 1.612 
5.000 350.000 -2.758 -2.463 -2.055 -1.836 -1.560 -1.176 -0.914 -0.570 -0.356 -0.116 -0.023 0.058 0.089 0.110 0.116 0.097 0.070 0.021 -0.011 -0.057 -0.090 -0.132 -0.240 -0.249 1.505 
5.000 400.000 -2.821 -2.527 -2.121 -1.903 -1.628 -1.248 -0.989 -0.650 -0.440 -0.210 -0.122 -0.050 -0.026 -0.014 -0.021 -0.055 -0.090 -0.145 -0.177 -0.220 -0.249 -0.287 -0.383 -0.390 1.411 
5.000 450.000 -2.892 -2.600 -2.195 -1.979 -1.706 -1.329 -1.073 -0.740 -0.535 -0.315 -0.234 -0.172 -0.156 -0.154 -0.173 -0.224 -0.267 -0.327 -0.358 -0.398 -0.424 -0.456 -0.539 -0.546 1.314 
5.000 500.000 -2.957 -2.666 -2.263 -2.048 -1.777 -1.403 -1.150 -0.823 -0.624 -0.413 -0.339 -0.287 -0.278 -0.285 -0.316 -0.382 -0.433 -0.496 -0.526 -0.562 -0.584 -0.612 -0.684 -0.689 1.224 
5.000 600.000 -3.061 -2.773 -2.375 -2.163 -1.896 -1.530 -1.284 -0.970 -0.784 -0.597 -0.539 -0.512 -0.519 -0.547 -0.605 -0.702 -0.766 -0.833 -0.858 -0.882 -0.896 -0.914 -0.962 -0.965 1.061 
5.000 700.000 -3.157 -2.872 -2.477 -2.268 -2.005 -1.646 -1.406 -1.104 -0.929 -0.761 -0.716 -0.707 -0.727 -0.771 -0.848 -0.966 -1.038 -1.106 -1.128 -1.145 -1.154 -1.165 -1.199 -1.202 0.914 
5.000 800.000 -3.245 -2.962 -2.572 -2.365 -2.106 -1.754 -1.521 -1.231 -1.066 -0.917 -0.885 -0.894 -0.926 -0.984 -1.079 -1.215 -1.293 -1.360 -1.378 -1.388 -1.392 -1.397 -1.419 -1.421 0.779 
5.000 1000.000 -3.398 -3.120 -2.738 -2.536 -2.285 -1.947 -1.727 -1.460 -1.317 -1.206 -1.198 -1.241 -1.295 -1.380 -1.504 -1.667 -1.753 -1.814 -1.823 -1.819 -1.814 -1.810 -1.814 -1.815 0.538 
5.000 1200.000 -3.522 -3.249 -2.875 -2.679 -2.436 -2.113 -1.905 -1.663 -1.541 -1.469 -1.484 -1.561 -1.636 -1.746 -1.899 -2.090 -2.185 -2.247 -2.251 -2.240 -2.230 -2.220 -2.215 -2.215 0.314 
5.000 1500.000 -3.693 -3.428 -3.068 -2.880 -2.649 -2.349 -2.163 -1.958 -1.871 -1.857 -1.910 -2.036 -2.142 -2.288 -2.479 -2.706 -2.811 -2.871 -2.869 -2.848 -2.832 -2.816 -2.800 -2.800 -0.007 
5.500 0.000 0.018 0.316 0.725 0.941 1.212 1.582 1.833 2.158 2.363 2.603 2.710 2.827 2.891 2.964 3.052 3.164 3.231 3.296 3.313 3.311 3.295 3.265 3.150 3.138 4.374 
5.500 1.000 -0.028 0.270 0.678 0.894 1.165 1.535 1.784 2.108 2.311 2.548 2.653 2.766 2.827 2.896 2.977 3.078 3.137 3.192 3.203 3.196 3.179 3.147 3.031 3.020 4.327 
5.500 5.000 -0.259 0.039 0.448 0.663 0.934 1.303 1.552 1.876 2.078 2.313 2.417 2.528 2.588 2.655 2.733 2.829 2.884 2.934 2.944 2.935 2.916 2.883 2.767 2.755 4.063 
5.500 10.000 -0.540 -0.242 0.166 0.382 0.652 1.021 1.271 1.594 1.796 2.032 2.136 2.247 2.307 2.374 2.452 2.547 2.601 2.648 2.655 2.642 2.621 2.585 2.461 2.449 3.776 
5.500 15.000 -0.745 -0.447 -0.039 0.177 0.447 0.816 1.065 1.388 1.590 1.826 1.929 2.040 2.100 2.166 2.243 2.337 2.388 2.431 2.436 2.419 2.396 2.357 2.227 2.214 3.568 
5.500 20.000 -0.905 -0.608 -0.200 0.016 0.286 0.655 0.904 1.226 1.428 1.663 1.766 1.876 1.936 2.001 2.077 2.168 2.218 2.256 2.258 2.238 2.213 2.172 2.038 2.024 3.409 
5.500 25.000 -1.038 -0.740 -0.332 -0.117 0.153 0.522 0.770 1.093 1.294 1.529 1.632 1.741 1.800 1.864 1.938 2.026 2.073 2.107 2.106 2.083 2.055 2.012 1.872 1.858 3.274 
5.500 30.000 -1.148 -0.850 -0.443 -0.228 0.042 0.411 0.659 0.982 1.183 1.417 1.520 1.628 1.687 1.751 1.824 1.910 1.955 1.986 1.983 1.956 1.927 1.882 1.737 1.723 3.164 
5.500 40.000 -1.316 -1.019 -0.612 -0.397 -0.127 0.241 0.489 0.811 1.012 1.245 1.347 1.455 1.512 1.575 1.647 1.729 1.771 1.796 1.790 1.759 1.727 1.679 1.528 1.513 2.996 
5.500 50.000 -1.449 -1.152 -0.745 -0.530 -0.261 0.107 0.355 0.676 0.877 1.109 1.211 1.317 1.374 1.436 1.506 1.585 1.624 1.645 1.636 1.602 1.568 1.518 1.362 1.347 2.867 
5.500 60.000 -1.520 -1.223 -0.816 -0.601 -0.332 0.035 0.283 0.604 0.805 1.037 1.138 1.245 1.302 1.364 1.433 1.511 1.549 1.568 1.557 1.521 1.485 1.433 1.272 1.256 2.790 
5.500 70.000 -1.573 -1.277 -0.871 -0.656 -0.387 -0.020 0.228 0.549 0.749 0.981 1.082 1.188 1.245 1.306 1.374 1.451 1.487 1.502 1.490 1.450 1.413 1.359 1.194 1.178 2.724 
5.500 80.000 -1.606 -1.310 -0.904 -0.690 -0.421 -0.054 0.193 0.513 0.712 0.942 1.042 1.147 1.202 1.261 1.326 1.398 1.430 1.440 1.425 1.384 1.346 1.290 1.125 1.109 2.674 
5.500 90.000 -1.633 -1.337 -0.931 -0.717 -0.449 -0.083 0.164 0.483 0.681 0.910 1.009 1.112 1.165 1.222 1.285 1.352 1.380 1.386 1.369 1.326 1.287 1.232 1.067 1.052 2.630 
5.500 100.000 -1.657 -1.361 -0.956 -0.742 -0.474 -0.109 0.138 0.456 0.653 0.881 0.978 1.079 1.132 1.187 1.246 1.309 1.334 1.335 1.317 1.272 1.233 1.177 1.014 0.998 2.591 
5.500 110.000 -1.678 -1.382 -0.978 -0.764 -0.496 -0.131 0.115 0.432 0.629 0.854 0.951 1.050 1.101 1.154 1.211 1.268 1.290 1.288 1.268 1.222 1.182 1.126 0.964 0.949 2.555 
5.500 120.000 -1.697 -1.402 -0.997 -0.784 -0.516 -0.152 0.093 0.410 0.606 0.829 0.925 1.022 1.072 1.123 1.177 1.230 1.248 1.242 1.221 1.174 1.134 1.078 0.918 0.903 2.522 
5.500 130.000 -1.716 -1.421 -1.017 -0.804 -0.537 -0.173 0.072 0.387 0.582 0.804 0.898 0.994 1.042 1.091 1.141 1.190 1.205 1.195 1.172 1.123 1.083 1.028 0.870 0.855 2.490 
5.500 140.000 -1.736 -1.441 -1.037 -0.824 -0.557 -0.194 0.050 0.365 0.559 0.779 0.872 0.965 1.012 1.059 1.107 1.150 1.162 1.148 1.124 1.075 1.034 0.979 0.823 0.809 2.458 
5.500 150.000 -1.758 -1.463 -1.060 -0.847 -0.581 -0.218 0.026 0.339 0.533 0.752 0.844 0.935 0.981 1.026 1.071 1.111 1.120 1.103 1.077 1.027 0.987 0.932 0.776 0.762 2.427 
5.500 175.000 -1.812 -1.518 -1.115 -0.903 -0.637 -0.276 -0.034 0.278 0.469 0.684 0.773 0.860 0.902 0.943 0.982 1.011 1.014 0.989 0.962 0.911 0.871 0.817 0.668 0.655 2.348 
5.500 200.000 -1.859 -1.566 -1.164 -0.953 -0.688 -0.328 -0.087 0.222 0.411 0.622 0.708 0.790 0.829 0.865 0.897 0.916 0.912 0.881 0.852 0.801 0.762 0.710 0.569 0.556 2.276 
5.500 250.000 -1.950 -1.658 -1.259 -1.048 -0.785 -0.428 -0.190 0.114 0.298 0.501 0.580 0.653 0.685 0.711 0.729 0.728 0.712 0.671 0.639 0.589 0.552 0.504 0.377 0.366 2.141 
5.500 300.000 -2.027 -1.736 -1.339 -1.130 -0.868 -0.514 -0.279 0.020 0.200 0.393 0.467 0.530 0.555 0.572 0.576 0.558 0.532 0.482 0.449 0.401 0.367 0.323 0.211 0.201 2.026 
5.500 350.000 -2.094 -1.804 -1.409 -1.201 -0.941 -0.590 -0.358 -0.064 0.111 0.296 0.363 0.417 0.434 0.442 0.434 0.399 0.364 0.308 0.275 0.229 0.199 0.160 0.061 0.053 1.927 
5.500 400.000 -2.153 -1.865 -1.471 -1.264 -1.007 -0.659 -0.429 -0.140 0.030 0.205 0.266 0.310 0.321 0.320 0.301 0.251 0.208 0.147 0.114 0.073 0.046 0.011 -0.075 -0.082 1.838 
5.500 450.000 -2.217 -1.930 -1.539 -1.333 -1.078 -0.733 -0.506 -0.223 -0.058 0.108 0.162 0.197 0.201 0.190 0.159 0.094 0.044 -0.021 -0.052 -0.090 -0.114 -0.144 -0.219 -0.225 1.746 
5.500 500.000 -2.275 -1.990 -1.600 -1.396 -1.142 -0.801 -0.577 -0.299 -0.140 0.017 0.065 0.090 0.087 0.068 0.026 -0.052 -0.109 -0.176 -0.206 -0.240 -0.261 -0.286 -0.352 -0.357 1.661 
5.500 600.000 -2.372 -2.090 -1.705 -1.504 -1.254 -0.921 -0.704 -0.439 -0.292 -0.158 -0.125 -0.122 -0.140 -0.179 -0.245 -0.351 -0.418 -0.487 -0.512 -0.535 -0.548 -0.564 -0.607 -0.611 1.507 
5.500 700.000 -2.464 -2.184 -1.804 -1.605 -1.359 -1.032 -0.821 -0.567 -0.429 -0.312 -0.291 -0.305 -0.334 -0.386 -0.470 -0.592 -0.666 -0.734 -0.754 -0.770 -0.777 -0.787 -0.817 -0.820 1.370 
5.500 800.000 -2.550 -2.272 -1.896 -1.699 -1.457 -1.137 -0.932 -0.689 -0.561 -0.462 -0.452 -0.482 -0.523 -0.588 -0.686 -0.825 -0.903 -0.969 -0.986 -0.994 -0.997 -1.001 -1.021 -1.023 1.244 
5.500 1000.000 -2.696 -2.424 -2.056 -1.865 -1.631 -1.324 -1.131 -0.910 -0.802 -0.737 -0.750 -0.811 -0.871 -0.960 -1.084 -1.246 -1.329 -1.387 -1.394 -1.389 -1.384 -1.378 -1.381 -1.382 1.017 
5.500 1200.000 -2.815 -2.548 -2.189 -2.003 -1.776 -1.484 -1.303 -1.105 -1.018 -0.989 -1.024 -1.117 -1.197 -1.309 -1.460 -1.647 -1.738 -1.796 -1.799 -1.786 -1.775 -1.765 -1.758 -1.759 0.810 
5.500 1500.000 -2.982 -2.723 -2.377 -2.199 -1.985 -1.715 -1.554 -1.392 -1.337 -1.363 -1.431 -1.569 -1.677 -1.821 -2.006 -2.221 -2.318 -2.369 -2.364 -2.340 -2.323 -2.305 -2.288 -2.288 0.514 
6.000 0.000 0.432 0.713 1.092 1.290 1.534 1.861 2.076 2.350 2.519 2.717 2.807 2.910 2.970 3.039 3.124 3.232 3.295 3.355 3.368 3.361 3.343 3.310 3.188 3.176 4.458 
6.000 1.000 0.391 0.672 1.051 1.248 1.492 1.818 2.033 2.305 2.473 2.668 2.756 2.855 2.912 2.977 3.056 3.153 3.209 3.257 3.265 3.253 3.232 3.196 3.072 3.060 4.418 
6.000 5.000 0.243 0.524 0.902 1.100 1.343 1.668 1.882 2.153 2.318 2.510 2.596 2.691 2.744 2.805 2.876 2.963 3.011 3.051 3.055 3.040 3.019 2.983 2.862 2.850 4.240 
6.000 10.000 0.033 0.313 0.692 0.889 1.132 1.457 1.670 1.940 2.105 2.296 2.381 2.474 2.526 2.585 2.655 2.738 2.783 2.818 2.821 2.803 2.781 2.744 2.622 2.611 4.015 
6.000 15.000 -0.143 0.137 0.516 0.713 0.956 1.280 1.494 1.763 1.928 2.118 2.202 2.295 2.347 2.405 2.473 2.553 2.596 2.628 2.628 2.608 2.584 2.546 2.421 2.409 3.838 
6.000 20.000 -0.287 -0.007 0.371 0.568 0.811 1.135 1.348 1.618 1.782 1.972 2.056 2.148 2.199 2.256 2.323 2.401 2.441 2.470 2.468 2.445 2.419 2.379 2.249 2.237 3.697 
6.000 25.000 -0.409 -0.128 0.250 0.446 0.689 1.013 1.226 1.495 1.659 1.847 1.931 2.022 2.072 2.128 2.193 2.267 2.305 2.328 2.323 2.297 2.269 2.227 2.093 2.080 3.572 
6.000 30.000 -0.514 -0.234 0.144 0.340 0.583 0.907 1.120 1.388 1.552 1.740 1.823 1.913 1.964 2.019 2.083 2.155 2.190 2.210 2.203 2.174 2.144 2.100 1.962 1.949 3.469 
6.000 40.000 -0.678 -0.398 -0.021 0.175 0.418 0.741 0.954 1.222 1.385 1.573 1.655 1.745 1.794 1.849 1.910 1.979 2.010 2.024 2.014 1.980 1.947 1.899 1.754 1.740 3.311 
6.000 50.000 -0.807 -0.528 -0.151 0.045 0.288 0.611 0.823 1.091 1.254 1.441 1.523 1.612 1.660 1.714 1.774 1.839 1.869 1.878 1.865 1.827 1.793 1.743 1.592 1.578 3.189 
6.000 60.000 -0.877 -0.598 -0.221 -0.025 0.217 0.540 0.753 1.020 1.183 1.370 1.452 1.541 1.590 1.644 1.704 1.769 1.798 1.805 1.791 1.751 1.715 1.663 1.507 1.493 3.117 
6.000 70.000 -0.931 -0.651 -0.275 -0.079 0.163 0.486 0.698 0.966 1.128 1.315 1.397 1.486 1.534 1.588 1.647 1.711 1.738 1.743 1.726 1.684 1.647 1.593 1.433 1.418 3.054 
6.000 80.000 -0.963 -0.684 -0.308 -0.112 0.130 0.452 0.664 0.930 1.092 1.278 1.359 1.446 1.493 1.545 1.601 1.661 1.684 1.684 1.665 1.621 1.582 1.527 1.366 1.351 3.007 
6.000 90.000 -0.989 -0.711 -0.335 -0.139 0.102 0.424 0.635 0.901 1.062 1.246 1.326 1.411 1.457 1.507 1.561 1.616 1.636 1.632 1.611 1.565 1.526 1.470 1.310 1.295 2.966 
6.000 100.000 -1.012 -0.733 -0.358 -0.162 0.078 0.400 0.611 0.876 1.036 1.218 1.297 1.381 1.425 1.473 1.524 1.575 1.592 1.584 1.562 1.515 1.475 1.420 1.261 1.247 2.930 
6.000 110.000 -1.032 -0.754 -0.379 -0.184 0.057 0.378 0.588 0.852 1.012 1.192 1.270 1.352 1.395 1.441 1.489 1.535 1.548 1.537 1.513 1.465 1.425 1.370 1.213 1.198 2.896 
6.000 120.000 -1.049 -0.771 -0.396 -0.201 0.039 0.359 0.569 0.832 0.991 1.169 1.246 1.325 1.367 1.410 1.455 1.496 1.507 1.492 1.467 1.418 1.378 1.323 1.169 1.155 2.866 
6.000 130.000 -1.068 -0.790 -0.416 -0.221 0.019 0.338 0.548 0.810 0.967 1.144 1.219 1.297 1.337 1.378 1.420 1.456 1.463 1.444 1.418 1.368 1.328 1.274 1.122 1.108 2.836 
6.000 140.000 -1.088 -0.811 -0.437 -0.243 -0.003 0.316 0.525 0.786 0.943 1.118 1.192 1.268 1.306 1.346 1.385 1.417 1.421 1.398 1.371 1.320 1.280 1.226 1.075 1.061 2.805 
6.000 150.000 -1.110 -0.833 -0.459 -0.265 -0.026 0.292 0.501 0.761 0.917 1.091 1.164 1.238 1.276 1.313 1.350 1.378 1.379 1.353 1.325 1.273 1.233 1.178 1.029 1.016 2.775 
6.000 175.000 -1.162 -0.885 -0.513 -0.319 -0.081 0.236 0.443 0.701 0.855 1.025 1.095 1.164 1.198 1.231 1.260 1.278 1.273 1.241 1.211 1.159 1.120 1.067 0.926 0.913 2.701 
6.000 200.000 -1.210 -0.934 -0.562 -0.369 -0.132 0.184 0.389 0.645 0.797 0.962 1.029 1.094 1.124 1.152 1.175 1.183 1.171 1.133 1.102 1.050 1.011 0.961 0.826 0.814 2.633 
6.000 250.000 -1.296 -1.022 -0.652 -0.460 -0.225 0.088 0.291 0.542 0.689 0.845 0.905 0.960 0.983 1.001 1.010 0.998 0.975 0.927 0.894 0.843 0.807 0.761 0.641 0.631 2.507 
6.000 300.000 -1.369 -1.096 -0.728 -0.538 -0.304 0.006 0.206 0.452 0.594 0.742 0.796 0.841 0.857 0.866 0.862 0.833 0.801 0.745 0.711 0.664 0.631 0.589 0.483 0.474 2.400 
6.000 350.000 -1.433 -1.161 -0.796 -0.606 -0.374 -0.068 0.130 0.370 0.508 0.646 0.694 0.730 0.739 0.739 0.723 0.678 0.637 0.576 0.543 0.499 0.470 0.433 0.340 0.333 2.307 
6.000 400.000 -1.491 -1.220 -0.856 -0.668 -0.438 -0.135 0.060 0.295 0.428 0.558 0.599 0.626 0.628 0.619 0.592 0.533 0.485 0.420 0.388 0.348 0.323 0.291 0.210 0.203 2.223 
6.000 450.000 -1.550 -1.281 -0.919 -0.733 -0.504 -0.204 -0.012 0.218 0.346 0.466 0.502 0.519 0.515 0.497 0.459 0.386 0.332 0.265 0.234 0.198 0.175 0.147 0.077 0.072 2.136 
6.000 500.000 -1.605 -1.337 -0.977 -0.792 -0.565 -0.268 -0.079 0.146 0.268 0.380 0.410 0.417 0.407 0.381 0.333 0.248 0.189 0.120 0.091 0.059 0.040 0.017 -0.043 -0.048 2.057 
6.000 600.000 -1.697 -1.432 -1.077 -0.894 -0.671 -0.381 -0.199 0.014 0.125 0.216 0.231 0.218 0.194 0.151 0.080 -0.028 -0.096 -0.163 -0.187 -0.208 -0.219 -0.233 -0.273 -0.277 1.915 
6.000 700.000 -1.786 -1.523 -1.172 -0.992 -0.773 -0.489 -0.312 -0.109 -0.007 0.068 0.072 0.044 0.010 -0.046 -0.132 -0.255 -0.328 -0.395 -0.414 -0.427 -0.434 -0.442 -0.470 -0.473 1.785 
6.000 800.000 -1.864 -1.605 -1.258 -1.080 -0.864 -0.587 -0.416 -0.224 -0.131 -0.073 -0.079 -0.123 -0.167 -0.235 -0.335 -0.471 -0.547 -0.610 -0.623 -0.629 -0.630 -0.633 -0.650 -0.652 1.667 
6.000 1000.000 -2.006 -1.751 -1.412 -1.240 -1.031 -0.767 -0.607 -0.435 -0.360 -0.334 -0.361 -0.432 -0.495 -0.584 -0.707 -0.864 -0.943 -0.997 -1.002 -0.995 -0.988 -0.982 -0.984 -0.985 1.456 
6.000 1200.000 -2.122 -1.872 -1.542 -1.375 -1.174 -0.923 -0.775 -0.625 -0.569 -0.577 -0.624 -0.725 -0.807 -0.918 -1.064 -1.243 -1.328 -1.379 -1.379 -1.363 -1.351 -1.340 -1.332 -1.332 1.262 
6.000 1500.000 -2.286 -2.045 -1.728 -1.569 -1.380 -1.150 -1.020 -0.903 -0.877 -0.935 -1.014 -1.156 -1.262 -1.402 -1.578 -1.780 -1.869 -1.912 -1.903 -1.876 -1.858 -1.840 -1.821 -1.821 0.987 
6.500 0.000 0.848 1.102 1.438 1.611 1.822 2.098 2.278 2.503 2.641 2.807 2.887 2.981 3.038 3.105 3.188 3.294 3.356 3.411 3.422 3.412 3.392 3.356 3.229 3.216 4.522 
6.500 1.000 0.812 1.065 1.402 1.574 1.785 2.061 2.240 2.463 2.601 2.764 2.842 2.933 2.987 3.051 3.128 3.225 3.278 3.323 3.329 3.313 3.289 3.250 3.119 3.106 4.485 
6.500 5.000 0.713 0.966 1.302 1.474 1.684 1.959 2.137 2.358 2.493 2.653 2.727 2.813 2.863 2.921 2.991 3.074 3.118 3.153 3.154 3.135 3.111 3.073 2.947 2.935 4.363 
6.500 10.000 0.567 0.820 1.156 1.328 1.537 1.812 1.989 2.209 2.343 2.499 2.571 2.654 2.702 2.756 2.820 2.896 2.936 2.966 2.966 2.947 2.924 2.888 2.769 2.757 4.201 
6.500 15.000 0.426 0.679 1.015 1.187 1.396 1.670 1.847 2.066 2.199 2.355 2.427 2.508 2.555 2.608 2.671 2.743 2.781 2.807 2.806 2.786 2.762 2.725 2.605 2.594 4.060 
6.500 20.000 0.301 0.553 0.888 1.060 1.269 1.543 1.720 1.939 2.072 2.227 2.298 2.379 2.425 2.478 2.539 2.609 2.644 2.667 2.664 2.641 2.617 2.578 2.455 2.443 3.938 
6.500 25.000 0.186 0.439 0.774 0.946 1.155 1.429 1.605 1.824 1.956 2.111 2.181 2.261 2.307 2.359 2.418 2.486 2.518 2.537 2.532 2.506 2.479 2.438 2.311 2.299 3.828 
6.500 30.000 0.087 0.339 0.674 0.846 1.055 1.329 1.505 1.724 1.856 2.010 2.081 2.160 2.206 2.257 2.315 2.381 2.412 2.428 2.420 2.391 2.363 2.320 2.188 2.176 3.733 
6.500 40.000 -0.071 0.181 0.516 0.688 0.897 1.170 1.346 1.564 1.696 1.850 1.920 1.999 2.044 2.094 2.151 2.213 2.240 2.250 2.239 2.205 2.173 2.127 1.987 1.974 3.585 
6.500 50.000 -0.194 0.058 0.392 0.563 0.772 1.045 1.221 1.439 1.571 1.724 1.793 1.871 1.916 1.965 2.021 2.080 2.105 2.111 2.097 2.060 2.027 1.979 1.835 1.821 3.470 
6.500 60.000 -0.263 -0.011 0.323 0.494 0.703 0.976 1.152 1.370 1.502 1.655 1.725 1.804 1.849 1.899 1.955 2.015 2.040 2.045 2.030 1.991 1.956 1.906 1.757 1.743 3.402 
6.500 70.000 -0.315 -0.064 0.270 0.441 0.650 0.923 1.098 1.316 1.448 1.602 1.672 1.751 1.795 1.845 1.901 1.961 1.985 1.987 1.970 1.928 1.891 1.839 1.684 1.670 3.343 
6.500 80.000 -0.347 -0.096 0.238 0.409 0.617 0.889 1.064 1.282 1.413 1.565 1.634 1.712 1.755 1.804 1.857 1.912 1.933 1.931 1.911 1.867 1.829 1.775 1.619 1.604 3.299 
6.500 90.000 -0.372 -0.121 0.212 0.383 0.591 0.863 1.038 1.254 1.385 1.536 1.604 1.680 1.722 1.769 1.820 1.871 1.888 1.882 1.861 1.816 1.777 1.723 1.567 1.553 3.261 
6.500 100.000 -0.394 -0.144 0.189 0.360 0.567 0.839 1.013 1.229 1.359 1.508 1.576 1.650 1.691 1.736 1.784 1.831 1.846 1.836 1.814 1.767 1.729 1.674 1.520 1.506 3.227 
6.500 110.000 -0.412 -0.162 0.171 0.341 0.548 0.819 0.993 1.208 1.337 1.484 1.550 1.622 1.662 1.704 1.750 1.792 1.803 1.790 1.766 1.719 1.680 1.626 1.474 1.460 3.196 
6.500 120.000 -0.429 -0.179 0.154 0.324 0.530 0.801 0.974 1.188 1.316 1.462 1.526 1.596 1.634 1.675 1.717 1.754 1.762 1.745 1.720 1.672 1.633 1.580 1.431 1.417 3.168 
6.500 130.000 -0.449 -0.199 0.132 0.302 0.509 0.778 0.951 1.164 1.291 1.436 1.499 1.567 1.604 1.642 1.681 1.714 1.719 1.698 1.672 1.623 1.584 1.531 1.383 1.370 3.139 
6.500 140.000 -0.470 -0.220 0.111 0.281 0.487 0.756 0.929 1.141 1.267 1.410 1.472 1.538 1.573 1.610 1.646 1.674 1.677 1.653 1.625 1.575 1.536 1.483 1.337 1.324 3.110 
6.500 150.000 -0.490 -0.241 0.091 0.260 0.466 0.734 0.906 1.118 1.243 1.384 1.445 1.509 1.543 1.578 1.611 1.635 1.635 1.608 1.580 1.530 1.491 1.438 1.294 1.282 3.083 
6.500 175.000 -0.541 -0.292 0.038 0.207 0.412 0.679 0.850 1.059 1.182 1.318 1.376 1.436 1.466 1.496 1.522 1.536 1.530 1.497 1.467 1.418 1.380 1.330 1.194 1.182 3.013 
6.500 200.000 -0.590 -0.341 -0.012 0.156 0.360 0.626 0.796 1.002 1.123 1.256 1.311 1.366 1.392 1.417 1.437 1.441 1.428 1.390 1.359 1.308 1.271 1.222 1.093 1.081 2.949 
6.500 250.000 -0.674 -0.427 -0.099 0.068 0.270 0.533 0.700 0.902 1.018 1.142 1.190 1.236 1.255 1.270 1.277 1.262 1.238 1.190 1.158 1.110 1.075 1.031 0.916 0.906 2.831 
6.500 300.000 -0.745 -0.499 -0.174 -0.008 0.193 0.453 0.617 0.814 0.926 1.041 1.083 1.119 1.132 1.138 1.132 1.100 1.067 1.013 0.980 0.935 0.904 0.865 0.764 0.755 2.730 
6.500 350.000 -0.807 -0.562 -0.239 -0.074 0.125 0.382 0.543 0.735 0.842 0.948 0.984 1.010 1.016 1.013 0.994 0.948 0.907 0.848 0.816 0.775 0.748 0.713 0.626 0.619 2.642 
6.500 400.000 -0.862 -0.619 -0.298 -0.134 0.063 0.317 0.476 0.662 0.765 0.861 0.891 0.908 0.907 0.896 0.866 0.806 0.758 0.697 0.667 0.630 0.606 0.577 0.501 0.495 2.563 
6.500 450.000 -0.918 -0.676 -0.357 -0.195 0.001 0.252 0.408 0.590 0.687 0.775 0.799 0.807 0.799 0.780 0.739 0.667 0.614 0.551 0.522 0.490 0.470 0.445 0.380 0.375 2.483 
6.500 500.000 -0.969 -0.729 -0.411 -0.250 -0.056 0.192 0.345 0.521 0.614 0.693 0.712 0.710 0.697 0.670 0.620 0.536 0.479 0.415 0.389 0.361 0.344 0.323 0.268 0.263 2.409 
6.500 600.000 -1.055 -0.817 -0.504 -0.345 -0.155 0.086 0.233 0.398 0.480 0.540 0.545 0.524 0.498 0.454 0.385 0.280 0.216 0.154 0.135 0.118 0.109 0.097 0.062 0.058 2.277 
6.500 700.000 -1.139 -0.904 -0.595 -0.439 -0.252 -0.017 0.125 0.281 0.354 0.398 0.392 0.357 0.321 0.265 0.181 0.062 -0.007 -0.066 -0.081 -0.090 -0.094 -0.100 -0.124 -0.126 2.154 
6.500 800.000 -1.211 -0.978 -0.673 -0.519 -0.336 -0.107 0.030 0.175 0.239 0.267 0.251 0.201 0.155 0.087 -0.009 -0.139 -0.208 -0.261 -0.271 -0.271 -0.269 -0.269 -0.282 -0.284 2.045 
6.500 1000.000 -1.347 -1.119 -0.822 -0.673 -0.496 -0.279 -0.153 -0.027 0.021 0.019 -0.016 -0.092 -0.155 -0.241 -0.358 -0.505 -0.576 -0.620 -0.620 -0.608 -0.599 -0.590 -0.589 -0.589 1.847 
6.500 1200.000 -1.461 -1.239 -0.949 -0.805 -0.636 -0.431 -0.317 -0.210 -0.181 -0.215 -0.269 -0.373 -0.452 -0.559 -0.697 -0.862 -0.938 -0.977 -0.972 -0.951 -0.936 -0.923 -0.912 -0.912 1.664 
6.500 1500.000 -1.619 -1.405 -1.128 -0.992 -0.834 -0.650 -0.553 -0.478 -0.478 -0.560 -0.644 -0.787 -0.890 -1.023 -1.188 -1.372 -1.448 -1.475 -1.461 -1.428 -1.407 -1.386 -1.365 -1.365 1.406 
7.000 0.000 1.244 1.463 1.750 1.895 2.071 2.299 2.445 2.629 2.744 2.887 2.959 3.048 3.103 3.168 3.248 3.350 3.407 3.458 3.467 3.454 3.432 3.395 3.266 3.253 4.612 
7.000 1.000 1.212 1.431 1.718 1.863 2.039 2.266 2.412 2.595 2.709 2.850 2.921 3.007 3.059 3.121 3.197 3.290 3.341 3.383 3.386 3.367 3.343 3.302 3.168 3.155 4.575 
7.000 5.000 1.139 1.358 1.644 1.789 1.964 2.191 2.336 2.517 2.629 2.766 2.833 2.915 2.963 3.020 3.088 3.170 3.212 3.244 3.243 3.222 3.197 3.157 3.028 3.015 4.481 
7.000 10.000 1.033 1.251 1.537 1.682 1.857 2.082 2.227 2.406 2.517 2.652 2.717 2.795 2.841 2.895 2.959 3.033 3.071 3.099 3.098 3.077 3.053 3.015 2.893 2.882 4.359 
7.000 15.000 0.922 1.140 1.426 1.571 1.745 1.971 2.115 2.294 2.404 2.537 2.602 2.678 2.724 2.776 2.837 2.908 2.944 2.969 2.966 2.945 2.921 2.883 2.763 2.751 4.248 
7.000 20.000 0.816 1.034 1.320 1.464 1.639 1.864 2.008 2.186 2.296 2.429 2.493 2.568 2.613 2.664 2.724 2.792 2.826 2.848 2.844 2.820 2.795 2.756 2.634 2.622 4.146 
7.000 25.000 0.717 0.935 1.220 1.365 1.539 1.764 1.908 2.086 2.195 2.327 2.391 2.466 2.510 2.560 2.619 2.684 2.716 2.734 2.728 2.702 2.676 2.635 2.509 2.497 4.052 
7.000 30.000 0.631 0.849 1.135 1.279 1.453 1.678 1.821 1.999 2.109 2.241 2.304 2.379 2.422 2.472 2.530 2.594 2.624 2.639 2.631 2.602 2.574 2.532 2.402 2.390 3.972 
7.000 40.000 0.486 0.704 0.989 1.133 1.307 1.532 1.675 1.853 1.962 2.094 2.157 2.231 2.274 2.323 2.380 2.441 2.468 2.479 2.468 2.435 2.404 2.359 2.222 2.209 3.838 
7.000 50.000 0.373 0.590 0.875 1.020 1.193 1.418 1.561 1.739 1.847 1.979 2.042 2.115 2.158 2.207 2.263 2.322 2.348 2.354 2.341 2.305 2.273 2.225 2.083 2.070 3.733 
7.000 60.000 0.308 0.525 0.810 0.954 1.128 1.352 1.496 1.673 1.782 1.914 1.978 2.052 2.095 2.145 2.201 2.261 2.287 2.293 2.279 2.241 2.207 2.158 2.012 1.998 3.669 
7.000 70.000 0.257 0.474 0.759 0.903 1.077 1.301 1.444 1.622 1.731 1.863 1.926 2.001 2.045 2.094 2.150 2.210 2.235 2.238 2.222 2.181 2.145 2.094 1.941 1.927 3.614 
7.000 80.000 0.227 0.444 0.728 0.872 1.045 1.269 1.412 1.589 1.698 1.829 1.891 1.965 2.007 2.055 2.109 2.165 2.187 2.187 2.169 2.126 2.089 2.036 1.883 1.869 3.573 
7.000 90.000 0.201 0.418 0.702 0.846 1.019 1.242 1.385 1.561 1.669 1.799 1.861 1.932 1.974 2.020 2.072 2.125 2.144 2.140 2.121 2.077 2.040 1.987 1.834 1.820 3.538 
7.000 100.000 0.179 0.395 0.679 0.822 0.995 1.218 1.360 1.536 1.643 1.772 1.833 1.903 1.943 1.988 2.038 2.087 2.103 2.096 2.076 2.031 1.993 1.940 1.788 1.774 3.505 
7.000 110.000 0.160 0.377 0.660 0.803 0.976 1.198 1.340 1.515 1.621 1.748 1.807 1.876 1.915 1.957 2.003 2.048 2.061 2.050 2.028 1.983 1.945 1.892 1.743 1.729 3.476 
7.000 120.000 0.140 0.356 0.639 0.782 0.955 1.177 1.318 1.492 1.597 1.723 1.781 1.848 1.885 1.926 1.969 2.009 2.020 2.005 1.982 1.936 1.898 1.845 1.697 1.684 3.449 
7.000 130.000 0.120 0.336 0.618 0.761 0.933 1.155 1.295 1.469 1.573 1.697 1.754 1.819 1.855 1.894 1.934 1.970 1.977 1.959 1.935 1.887 1.849 1.797 1.650 1.637 3.421 
7.000 140.000 0.100 0.316 0.598 0.741 0.912 1.134 1.274 1.446 1.550 1.672 1.728 1.791 1.826 1.863 1.900 1.932 1.936 1.915 1.890 1.841 1.803 1.751 1.606 1.594 3.394 
7.000 150.000 0.080 0.296 0.578 0.720 0.891 1.112 1.252 1.423 1.526 1.647 1.702 1.763 1.796 1.831 1.866 1.893 1.895 1.872 1.845 1.796 1.758 1.707 1.565 1.552 3.368 
7.000 175.000 0.029 0.243 0.524 0.666 0.837 1.056 1.195 1.364 1.465 1.581 1.633 1.690 1.720 1.750 1.778 1.796 1.791 1.762 1.734 1.686 1.649 1.599 1.465 1.453 3.302 
7.000 200.000 -0.018 0.196 0.476 0.618 0.787 1.005 1.143 1.310 1.409 1.521 1.570 1.622 1.649 1.675 1.696 1.704 1.694 1.659 1.630 1.582 1.546 1.498 1.369 1.358 3.241 
7.000 250.000 -0.101 0.112 0.390 0.530 0.698 0.914 1.049 1.211 1.306 1.410 1.453 1.496 1.515 1.532 1.541 1.531 1.511 1.468 1.438 1.392 1.359 1.316 1.202 1.193 3.129 
7.000 300.000 -0.170 0.042 0.319 0.458 0.625 0.837 0.970 1.128 1.218 1.314 1.351 1.385 1.398 1.406 1.403 1.378 1.349 1.301 1.271 1.229 1.199 1.161 1.062 1.054 3.036 
7.000 350.000 -0.231 -0.020 0.254 0.392 0.557 0.767 0.897 1.050 1.136 1.223 1.254 1.278 1.285 1.284 1.269 1.229 1.193 1.140 1.112 1.073 1.048 1.015 0.929 0.922 2.953 
7.000 400.000 -0.287 -0.078 0.195 0.332 0.496 0.703 0.830 0.979 1.060 1.138 1.164 1.179 1.179 1.171 1.146 1.093 1.052 0.997 0.971 0.938 0.916 0.888 0.816 0.810 2.879 
7.000 450.000 -0.340 -0.132 0.139 0.275 0.437 0.641 0.766 0.909 0.986 1.056 1.076 1.082 1.077 1.060 1.025 0.961 0.914 0.858 0.834 0.805 0.787 0.764 0.702 0.696 2.806 
7.000 500.000 -0.389 -0.182 0.087 0.222 0.382 0.584 0.706 0.845 0.917 0.979 0.993 0.992 0.980 0.957 0.913 0.839 0.788 0.733 0.711 0.688 0.673 0.654 0.602 0.597 2.738 
7.000 600.000 -0.472 -0.267 -0.002 0.130 0.287 0.482 0.599 0.727 0.789 0.833 0.835 0.815 0.791 0.752 0.689 0.595 0.538 0.485 0.469 0.456 0.448 0.438 0.404 0.401 2.615 
7.000 700.000 -0.552 -0.350 -0.088 0.042 0.195 0.385 0.497 0.616 0.670 0.699 0.691 0.657 0.624 0.573 0.497 0.390 0.330 0.280 0.268 0.262 0.260 0.255 0.233 0.231 2.501 
7.000 800.000 -0.623 -0.423 -0.165 -0.037 0.113 0.297 0.404 0.514 0.560 0.573 0.555 0.508 0.466 0.404 0.317 0.200 0.139 0.095 0.089 0.092 0.095 0.097 0.085 0.084 2.399 
7.000 1000.000 -0.755 -0.560 -0.309 -0.186 -0.041 0.132 0.229 0.321 0.351 0.337 0.301 0.229 0.171 0.091 -0.016 -0.149 -0.213 -0.248 -0.245 -0.230 -0.219 -0.210 -0.207 -0.208 2.216 
7.000 1200.000 -0.867 -0.677 -0.434 -0.315 -0.177 -0.016 0.071 0.144 0.157 0.113 0.058 -0.040 -0.114 -0.212 -0.339 -0.488 -0.553 -0.582 -0.572 -0.548 -0.532 -0.517 -0.505 -0.505 2.044 
7.000 1500.000 -1.023 -0.840 -0.608 -0.497 -0.370 -0.227 -0.157 -0.115 -0.130 -0.220 -0.303 -0.438 -0.535 -0.657 -0.808 -0.972 -1.037 -1.052 -1.032 -0.995 -0.972 -0.950 -0.928 -0.927 1.803 
7.500 0.000 1.578 1.761 1.998 2.117 2.261 2.447 2.567 2.721 2.820 2.949 3.017 3.103 3.156 3.220 3.299 3.397 3.453 3.500 3.507 3.492 3.469 3.431 3.300 3.287 4.709 
7.500 1.000 1.553 1.735 1.972 2.092 2.235 2.421 2.541 2.693 2.791 2.919 2.986 3.069 3.120 3.181 3.256 3.348 3.397 3.436 3.438 3.418 3.392 3.351 3.215 3.201 4.675 
7.500 5.000 1.497 1.680 1.917 2.036 2.179 2.364 2.483 2.634 2.730 2.854 2.918 2.997 3.046 3.102 3.170 3.251 3.294 3.324 3.323 3.300 3.273 3.232 3.100 3.087 4.599 
7.500 10.000 1.418 1.600 1.836 1.955 2.098 2.283 2.401 2.551 2.646 2.769 2.831 2.908 2.954 3.008 3.073 3.148 3.188 3.215 3.213 3.191 3.166 3.127 3.001 2.989 4.505 
7.500 15.000 1.331 1.513 1.749 1.868 2.011 2.195 2.313 2.462 2.557 2.678 2.739 2.815 2.860 2.913 2.975 3.047 3.084 3.109 3.107 3.085 3.060 3.021 2.898 2.886 4.414 
7.500 20.000 1.245 1.427 1.664 1.782 1.925 2.109 2.226 2.375 2.470 2.590 2.650 2.724 2.769 2.820 2.881 2.950 2.985 3.007 3.003 2.979 2.953 2.914 2.789 2.778 4.332 
7.500 25.000 1.164 1.346 1.582 1.701 1.843 2.027 2.145 2.293 2.387 2.507 2.568 2.641 2.686 2.737 2.796 2.864 2.897 2.916 2.910 2.884 2.857 2.816 2.689 2.677 4.256 
7.500 30.000 1.089 1.271 1.507 1.626 1.768 1.951 2.069 2.218 2.312 2.431 2.492 2.565 2.609 2.660 2.719 2.786 2.817 2.834 2.827 2.799 2.770 2.728 2.596 2.584 4.187 
7.500 40.000 0.961 1.142 1.378 1.496 1.639 1.822 1.940 2.088 2.182 2.301 2.361 2.434 2.478 2.528 2.586 2.650 2.680 2.693 2.684 2.653 2.623 2.578 2.442 2.429 4.072 
7.500 50.000 0.862 1.043 1.279 1.397 1.539 1.723 1.840 1.988 2.082 2.201 2.261 2.334 2.377 2.427 2.484 2.547 2.576 2.586 2.575 2.541 2.509 2.463 2.323 2.310 3.982 
7.500 60.000 0.801 0.983 1.218 1.336 1.478 1.662 1.779 1.927 2.021 2.141 2.201 2.275 2.319 2.369 2.427 2.491 2.520 2.530 2.518 2.482 2.450 2.402 2.257 2.244 3.923 
7.500 70.000 0.756 0.937 1.172 1.290 1.432 1.615 1.733 1.881 1.975 2.095 2.155 2.229 2.273 2.323 2.382 2.445 2.473 2.481 2.467 2.430 2.395 2.345 2.196 2.182 3.873 
7.500 80.000 0.727 0.908 1.143 1.261 1.402 1.585 1.702 1.850 1.944 2.063 2.122 2.195 2.238 2.287 2.344 2.404 2.429 2.434 2.418 2.379 2.343 2.292 2.141 2.127 3.836 
7.500 90.000 0.702 0.883 1.118 1.235 1.377 1.559 1.676 1.823 1.917 2.034 2.093 2.164 2.206 2.254 2.309 2.366 2.389 2.390 2.373 2.333 2.297 2.245 2.095 2.081 3.803 
7.500 100.000 0.680 0.860 1.095 1.212 1.354 1.536 1.652 1.799 1.891 2.008 2.066 2.136 2.177 2.224 2.276 2.330 2.350 2.349 2.331 2.289 2.253 2.201 2.051 2.037 3.773 
7.500 110.000 0.659 0.839 1.073 1.191 1.332 1.513 1.629 1.775 1.867 1.982 2.039 2.107 2.147 2.192 2.241 2.291 2.309 2.303 2.284 2.241 2.204 2.152 2.004 1.990 3.746 
7.500 120.000 0.639 0.819 1.053 1.170 1.311 1.492 1.608 1.753 1.844 1.958 2.014 2.080 2.119 2.162 2.209 2.254 2.268 2.260 2.239 2.195 2.158 2.106 1.959 1.945 3.720 
7.500 130.000 0.620 0.800 1.033 1.150 1.291 1.471 1.587 1.731 1.821 1.933 1.988 2.053 2.090 2.131 2.175 2.216 2.227 2.215 2.193 2.148 2.111 2.060 1.914 1.901 3.695 
7.500 140.000 0.600 0.780 1.013 1.130 1.270 1.450 1.565 1.709 1.798 1.909 1.963 2.025 2.061 2.100 2.142 2.179 2.188 2.172 2.149 2.104 2.066 2.015 1.871 1.859 3.669 
7.500 150.000 0.578 0.758 0.991 1.108 1.247 1.427 1.542 1.684 1.773 1.882 1.935 1.996 2.031 2.068 2.107 2.141 2.147 2.129 2.105 2.059 2.022 1.971 1.829 1.816 3.645 
7.500 175.000 0.527 0.706 0.938 1.055 1.194 1.373 1.486 1.627 1.713 1.819 1.869 1.926 1.957 1.990 2.022 2.046 2.047 2.023 1.998 1.951 1.915 1.866 1.731 1.719 3.583 
7.500 200.000 0.481 0.660 0.891 1.007 1.146 1.323 1.436 1.574 1.659 1.760 1.808 1.860 1.888 1.917 1.943 1.958 1.953 1.925 1.898 1.852 1.817 1.770 1.642 1.631 3.525 
7.500 250.000 0.403 0.580 0.810 0.925 1.062 1.237 1.347 1.481 1.562 1.655 1.697 1.740 1.762 1.781 1.795 1.794 1.779 1.743 1.716 1.674 1.642 1.600 1.488 1.479 3.420 
7.500 300.000 0.338 0.514 0.742 0.856 0.992 1.164 1.272 1.402 1.478 1.563 1.599 1.634 1.649 1.660 1.663 1.646 1.623 1.582 1.556 1.517 1.489 1.452 1.355 1.347 3.333 
7.500 350.000 0.277 0.452 0.678 0.791 0.925 1.095 1.201 1.326 1.398 1.475 1.505 1.531 1.540 1.543 1.534 1.504 1.474 1.430 1.406 1.372 1.348 1.317 1.234 1.227 3.255 
7.500 400.000 0.222 0.396 0.621 0.732 0.865 1.032 1.135 1.256 1.324 1.393 1.417 1.435 1.438 1.433 1.415 1.372 1.337 1.292 1.269 1.240 1.220 1.194 1.123 1.118 3.184 
7.500 450.000 0.171 0.344 0.567 0.678 0.809 0.974 1.074 1.191 1.254 1.315 1.334 1.344 1.341 1.329 1.301 1.248 1.209 1.163 1.143 1.119 1.102 1.081 1.021 1.016 3.116 
7.500 500.000 0.124 0.296 0.517 0.627 0.757 0.919 1.017 1.129 1.189 1.242 1.256 1.257 1.249 1.230 1.194 1.131 1.088 1.043 1.025 1.006 0.993 0.976 0.926 0.922 3.053 
7.500 600.000 0.041 0.211 0.429 0.537 0.663 0.820 0.913 1.015 1.065 1.101 1.103 1.087 1.067 1.033 0.979 0.896 0.847 0.803 0.790 0.780 0.774 0.765 0.732 0.729 2.940 
7.500 700.000 -0.037 0.130 0.345 0.451 0.575 0.726 0.815 0.909 0.951 0.974 0.966 0.938 0.909 0.864 0.798 0.704 0.651 0.610 0.602 0.600 0.599 0.595 0.573 0.571 2.834 
7.500 800.000 -0.109 0.056 0.268 0.372 0.493 0.639 0.723 0.808 0.843 0.851 0.835 0.793 0.755 0.701 0.623 0.520 0.467 0.432 0.429 0.435 0.439 0.441 0.430 0.429 2.739 
7.500 1000.000 -0.239 -0.078 0.127 0.227 0.342 0.479 0.553 0.622 0.642 0.623 0.589 0.524 0.471 0.399 0.302 0.183 0.127 0.100 0.106 0.123 0.134 0.144 0.147 0.146 2.572 
7.500 1200.000 -0.352 -0.195 0.004 0.099 0.209 0.335 0.400 0.451 0.455 0.408 0.357 0.268 0.201 0.112 -0.003 -0.136 -0.193 -0.212 -0.199 -0.173 -0.156 -0.140 -0.128 -0.128 2.411 
7.500 1500.000 -0.509 -0.359 -0.171 -0.082 0.018 0.126 0.176 0.199 0.177 0.087 0.009 -0.115 -0.204 -0.316 -0.453 -0.601 -0.656 -0.662 -0.640 -0.601 -0.578 -0.555 -0.532 -0.532 2.185 
7.800 0.000 1.744 1.906 2.116 2.222 2.349 2.515 2.623 2.763 2.856 2.980 3.046 3.130 3.182 3.245 3.323 3.419 3.473 3.519 3.524 3.508 3.485 3.446 3.315 3.302 4.768 
7.800 1.000 1.721 1.882 2.093 2.198 2.325 2.491 2.599 2.738 2.830 2.952 3.017 3.098 3.149 3.210 3.284 3.373 3.422 3.458 3.459 3.437 3.411 3.369 3.231 3.218 4.736 
7.800 5.000 1.671 1.833 2.043 2.148 2.275 2.440 2.547 2.685 2.775 2.894 2.957 3.035 3.083 3.139 3.207 3.287 3.329 3.357 3.354 3.330 3.303 3.260 3.125 3.112 4.668 
7.800 10.000 1.606 1.768 1.977 2.083 2.209 2.373 2.480 2.617 2.706 2.823 2.885 2.960 3.007 3.061 3.126 3.201 3.240 3.267 3.265 3.242 3.216 3.176 3.048 3.036 4.588 
7.800 15.000 1.533 1.695 1.904 2.009 2.135 2.300 2.406 2.542 2.631 2.747 2.807 2.882 2.928 2.981 3.043 3.117 3.154 3.179 3.176 3.153 3.128 3.088 2.963 2.951 4.510 
7.800 20.000 1.459 1.620 1.830 1.935 2.061 2.225 2.331 2.467 2.555 2.671 2.730 2.804 2.849 2.901 2.962 3.033 3.068 3.091 3.087 3.063 3.037 2.997 2.871 2.859 4.439 
7.800 25.000 1.387 1.548 1.758 1.863 1.989 2.152 2.258 2.394 2.482 2.598 2.657 2.731 2.775 2.827 2.887 2.956 2.990 3.011 3.005 2.980 2.953 2.912 2.783 2.771 4.373 
7.800 30.000 1.321 1.482 1.691 1.796 1.922 2.086 2.192 2.327 2.415 2.530 2.590 2.663 2.707 2.759 2.819 2.887 2.920 2.939 2.932 2.905 2.878 2.835 2.705 2.693 4.313 
7.800 40.000 1.201 1.362 1.571 1.675 1.801 1.965 2.071 2.206 2.294 2.408 2.468 2.540 2.584 2.635 2.694 2.760 2.791 2.806 2.798 2.768 2.738 2.694 2.559 2.546 4.207 
7.800 50.000 1.112 1.273 1.482 1.586 1.712 1.876 1.981 2.117 2.204 2.319 2.378 2.450 2.494 2.544 2.603 2.668 2.697 2.710 2.700 2.667 2.636 2.590 2.451 2.438 4.125 
7.800 60.000 1.053 1.214 1.423 1.528 1.653 1.817 1.922 2.058 2.146 2.261 2.321 2.394 2.438 2.489 2.549 2.615 2.645 2.657 2.646 2.612 2.580 2.532 2.388 2.375 4.069 
7.800 70.000 1.011 1.171 1.380 1.484 1.610 1.773 1.879 2.015 2.103 2.218 2.278 2.351 2.395 2.446 2.506 2.571 2.601 2.611 2.598 2.562 2.528 2.478 2.330 2.316 4.023 
7.800 80.000 0.983 1.144 1.352 1.456 1.582 1.745 1.850 1.985 2.073 2.187 2.246 2.318 2.362 2.412 2.470 2.532 2.559 2.565 2.551 2.512 2.477 2.427 2.277 2.263 3.988 
7.800 90.000 0.959 1.119 1.327 1.432 1.557 1.720 1.825 1.959 2.047 2.160 2.218 2.289 2.332 2.381 2.436 2.496 2.520 2.524 2.508 2.468 2.433 2.382 2.231 2.217 3.956 
7.800 100.000 0.937 1.097 1.305 1.409 1.534 1.696 1.801 1.935 2.022 2.134 2.192 2.262 2.303 2.351 2.405 2.461 2.484 2.484 2.467 2.426 2.390 2.339 2.189 2.175 3.926 
7.800 110.000 0.916 1.076 1.284 1.388 1.513 1.674 1.779 1.912 1.998 2.109 2.165 2.234 2.274 2.320 2.371 2.423 2.443 2.440 2.421 2.379 2.343 2.291 2.142 2.128 3.900 
7.800 120.000 0.897 1.056 1.264 1.367 1.492 1.653 1.757 1.890 1.975 2.085 2.140 2.207 2.246 2.290 2.338 2.387 2.403 2.397 2.377 2.334 2.298 2.246 2.099 2.085 3.875 
7.800 130.000 0.878 1.037 1.244 1.348 1.472 1.633 1.737 1.868 1.953 2.060 2.115 2.180 2.218 2.260 2.305 2.349 2.363 2.353 2.332 2.288 2.252 2.201 2.055 2.042 3.850 
7.800 140.000 0.858 1.018 1.224 1.328 1.452 1.612 1.716 1.846 1.930 2.036 2.090 2.153 2.189 2.229 2.273 2.312 2.323 2.311 2.289 2.244 2.207 2.157 2.013 2.000 3.825 
7.800 150.000 0.837 0.996 1.203 1.306 1.430 1.590 1.693 1.823 1.906 2.011 2.063 2.125 2.160 2.199 2.239 2.275 2.284 2.269 2.246 2.201 2.164 2.114 1.972 1.959 3.803 
7.800 175.000 0.788 0.947 1.152 1.255 1.379 1.537 1.639 1.768 1.849 1.950 1.999 2.057 2.089 2.123 2.158 2.185 2.187 2.167 2.143 2.098 2.062 2.013 1.879 1.867 3.742 
7.800 200.000 0.743 0.901 1.106 1.209 1.331 1.489 1.590 1.716 1.795 1.893 1.940 1.993 2.022 2.052 2.081 2.099 2.097 2.071 2.046 2.001 1.966 1.920 1.791 1.780 3.685 
7.800 250.000 0.666 0.823 1.026 1.127 1.249 1.404 1.502 1.624 1.699 1.788 1.829 1.873 1.895 1.916 1.932 1.933 1.921 1.889 1.864 1.824 1.794 1.754 1.644 1.635 3.588 
7.800 300.000 0.600 0.757 0.958 1.059 1.179 1.332 1.428 1.545 1.616 1.696 1.732 1.766 1.782 1.795 1.799 1.785 1.765 1.728 1.704 1.668 1.642 1.607 1.512 1.504 3.503 
7.800 350.000 0.540 0.695 0.896 0.995 1.114 1.264 1.358 1.471 1.537 1.610 1.639 1.665 1.675 1.679 1.673 1.645 1.619 1.580 1.557 1.526 1.504 1.474 1.394 1.387 3.429 
7.800 400.000 0.487 0.641 0.839 0.938 1.055 1.203 1.295 1.403 1.465 1.530 1.554 1.573 1.576 1.573 1.557 1.519 1.487 1.447 1.427 1.400 1.382 1.357 1.289 1.284 3.362 
7.800 450.000 0.436 0.589 0.786 0.884 0.999 1.145 1.234 1.338 1.396 1.454 1.472 1.483 1.481 1.470 1.445 1.396 1.361 1.319 1.302 1.280 1.265 1.245 1.187 1.182 3.297 
7.800 500.000 0.388 0.540 0.735 0.832 0.947 1.090 1.177 1.277 1.331 1.381 1.395 1.397 1.390 1.373 1.340 1.281 1.242 1.200 1.184 1.166 1.154 1.137 1.087 1.083 3.237 
7.800 600.000 0.307 0.457 0.650 0.744 0.856 0.993 1.075 1.166 1.211 1.244 1.246 1.232 1.213 1.182 1.131 1.055 1.009 0.970 0.960 0.952 0.947 0.938 0.907 0.904 3.127 
7.800 700.000 0.229 0.377 0.566 0.659 0.768 0.901 0.978 1.061 1.098 1.118 1.111 1.084 1.057 1.015 0.952 0.864 0.816 0.779 0.774 0.773 0.773 0.770 0.750 0.748 3.027 
7.800 800.000 0.158 0.304 0.490 0.582 0.688 0.815 0.889 0.963 0.993 0.998 0.982 0.942 0.907 0.855 0.781 0.684 0.634 0.603 0.603 0.610 0.615 0.618 0.608 0.606 2.935 
7.800 1000.000 0.029 0.171 0.351 0.439 0.539 0.657 0.722 0.780 0.795 0.774 0.741 0.677 0.626 0.557 0.464 0.350 0.299 0.276 0.283 0.302 0.314 0.325 0.328 0.328 2.777 
7.800 1200.000 -0.084 0.054 0.228 0.312 0.407 0.515 0.570 0.612 0.611 0.564 0.515 0.429 0.364 0.279 0.170 0.043 -0.009 -0.025 -0.011 0.017 0.035 0.051 0.064 0.063 2.621 
7.800 1500.000 -0.241 -0.110 0.055 0.132 0.218 0.310 0.350 0.364 0.339 0.250 0.174 0.054 -0.031 -0.138 -0.269 -0.410 -0.461 -0.463 -0.440 -0.400 -0.376 -0.353 -0.330 -0.330 2.405 
8.000 0.000 1.840 1.989 2.183 2.281 2.399 2.553 2.654 2.788 2.877 2.998 3.063 3.146 3.198 3.260 3.337 3.432 3.485 3.529 3.534 3.517 3.494 3.455 3.324 3.311 4.808 
8.000 1.000 1.816 1.965 2.159 2.256 2.374 2.528 2.629 2.762 2.850 2.970 3.034 3.115 3.165 3.225 3.299 3.387 3.435 3.471 3.471 3.448 3.422 3.379 3.241 3.227 4.776 
8.000 5.000 1.770 1.919 2.112 2.210 2.327 2.480 2.581 2.712 2.799 2.916 2.977 3.055 3.103 3.160 3.227 3.307 3.348 3.375 3.372 3.347 3.319 3.276 3.139 3.126 4.711 
8.000 10.000 1.714 1.863 2.056 2.153 2.271 2.424 2.524 2.654 2.740 2.854 2.915 2.991 3.037 3.091 3.156 3.231 3.270 3.296 3.293 3.270 3.244 3.203 3.075 3.062 4.641 
8.000 15.000 1.650 1.799 1.992 2.089 2.206 2.359 2.458 2.588 2.673 2.787 2.847 2.922 2.967 3.020 3.083 3.156 3.193 3.218 3.215 3.191 3.166 3.126 2.999 2.987 4.572 
8.000 20.000 1.583 1.732 1.925 2.022 2.139 2.291 2.391 2.520 2.606 2.719 2.778 2.852 2.897 2.949 3.011 3.082 3.118 3.140 3.136 3.112 3.086 3.046 2.919 2.907 4.507 
8.000 25.000 1.518 1.667 1.860 1.957 2.074 2.226 2.325 2.454 2.539 2.652 2.711 2.785 2.829 2.881 2.942 3.012 3.046 3.067 3.063 3.037 3.011 2.970 2.842 2.830 4.447 
8.000 30.000 1.457 1.605 1.798 1.895 2.012 2.164 2.264 2.393 2.478 2.590 2.649 2.722 2.767 2.818 2.879 2.948 2.982 3.002 2.996 2.969 2.942 2.901 2.771 2.759 4.393 
8.000 40.000 1.343 1.491 1.684 1.781 1.897 2.049 2.149 2.277 2.362 2.474 2.533 2.606 2.650 2.701 2.760 2.827 2.858 2.875 2.867 2.837 2.808 2.764 2.630 2.618 4.293 
8.000 50.000 1.262 1.410 1.603 1.699 1.816 1.968 2.067 2.196 2.280 2.392 2.451 2.523 2.567 2.618 2.676 2.742 2.772 2.786 2.777 2.745 2.715 2.670 2.532 2.519 4.217 
8.000 60.000 1.205 1.353 1.545 1.642 1.758 1.910 2.010 2.139 2.224 2.336 2.395 2.469 2.513 2.565 2.625 2.692 2.723 2.736 2.726 2.692 2.661 2.613 2.471 2.457 4.164 
8.000 70.000 1.165 1.313 1.505 1.602 1.718 1.870 1.969 2.098 2.183 2.296 2.355 2.428 2.472 2.524 2.583 2.650 2.680 2.691 2.679 2.643 2.610 2.561 2.413 2.400 4.120 
8.000 80.000 1.138 1.286 1.478 1.574 1.691 1.842 1.941 2.069 2.154 2.266 2.324 2.397 2.440 2.490 2.548 2.612 2.639 2.647 2.633 2.596 2.561 2.511 2.362 2.348 4.086 
8.000 90.000 1.114 1.262 1.453 1.550 1.666 1.817 1.916 2.044 2.128 2.239 2.297 2.368 2.411 2.460 2.516 2.577 2.602 2.607 2.592 2.553 2.518 2.467 2.317 2.303 4.054 
8.000 100.000 1.092 1.240 1.431 1.527 1.643 1.794 1.893 2.020 2.104 2.214 2.271 2.341 2.383 2.431 2.486 2.543 2.566 2.569 2.552 2.512 2.476 2.425 2.275 2.261 4.025 
8.000 110.000 1.072 1.219 1.410 1.506 1.622 1.772 1.870 1.997 2.080 2.189 2.245 2.313 2.354 2.400 2.452 2.506 2.526 2.525 2.507 2.465 2.430 2.379 2.230 2.216 4.000 
8.000 120.000 1.052 1.199 1.390 1.486 1.602 1.752 1.849 1.975 2.057 2.165 2.220 2.287 2.326 2.371 2.420 2.469 2.487 2.482 2.463 2.421 2.385 2.334 2.187 2.174 3.975 
8.000 130.000 1.033 1.180 1.371 1.467 1.582 1.732 1.829 1.954 2.035 2.141 2.195 2.260 2.298 2.340 2.387 2.432 2.447 2.439 2.419 2.376 2.340 2.289 2.144 2.131 3.951 
8.000 140.000 1.014 1.161 1.351 1.447 1.562 1.711 1.808 1.932 2.013 2.117 2.170 2.233 2.270 2.311 2.355 2.396 2.408 2.397 2.376 2.332 2.296 2.245 2.102 2.089 3.927 
8.000 150.000 0.994 1.141 1.331 1.426 1.541 1.690 1.786 1.910 1.990 2.093 2.145 2.206 2.242 2.281 2.323 2.361 2.370 2.357 2.335 2.291 2.254 2.204 2.063 2.050 3.904 
8.000 175.000 0.946 1.092 1.282 1.377 1.491 1.639 1.734 1.856 1.934 2.033 2.082 2.140 2.172 2.207 2.243 2.272 2.276 2.257 2.234 2.190 2.155 2.107 1.973 1.961 3.844 
8.000 200.000 0.902 1.047 1.236 1.331 1.444 1.591 1.685 1.805 1.881 1.977 2.023 2.077 2.107 2.137 2.167 2.187 2.186 2.162 2.138 2.094 2.060 2.014 1.887 1.875 3.789 
8.000 250.000 0.825 0.970 1.157 1.251 1.363 1.507 1.599 1.714 1.786 1.873 1.914 1.957 1.980 2.001 2.018 2.021 2.011 1.981 1.958 1.919 1.890 1.850 1.743 1.733 3.696 
8.000 300.000 0.760 0.903 1.089 1.182 1.293 1.434 1.524 1.635 1.702 1.781 1.816 1.850 1.866 1.879 1.884 1.872 1.854 1.820 1.797 1.763 1.738 1.704 1.613 1.605 3.613 
8.000 350.000 0.701 0.844 1.028 1.120 1.229 1.368 1.456 1.562 1.626 1.696 1.725 1.752 1.762 1.767 1.761 1.736 1.712 1.676 1.655 1.626 1.605 1.577 1.499 1.492 3.542 
8.000 400.000 0.648 0.790 0.972 1.063 1.171 1.308 1.393 1.496 1.555 1.618 1.642 1.660 1.664 1.662 1.647 1.611 1.582 1.544 1.526 1.502 1.484 1.461 1.395 1.390 3.477 
8.000 450.000 0.596 0.737 0.918 1.008 1.115 1.250 1.333 1.431 1.486 1.541 1.560 1.571 1.570 1.560 1.536 1.490 1.456 1.417 1.400 1.380 1.365 1.346 1.289 1.284 3.415 
8.000 500.000 0.548 0.688 0.868 0.957 1.063 1.195 1.276 1.370 1.421 1.469 1.483 1.486 1.480 1.464 1.432 1.376 1.338 1.298 1.283 1.266 1.255 1.239 1.190 1.186 3.357 
8.000 600.000 0.469 0.607 0.784 0.871 0.974 1.101 1.176 1.261 1.303 1.335 1.337 1.323 1.306 1.276 1.227 1.154 1.111 1.075 1.066 1.060 1.055 1.048 1.018 1.015 3.249 
8.000 700.000 0.391 0.527 0.701 0.786 0.886 1.009 1.080 1.157 1.192 1.210 1.203 1.177 1.151 1.110 1.050 0.965 0.919 0.886 0.881 0.883 0.883 0.881 0.862 0.860 3.153 
8.000 800.000 0.321 0.455 0.626 0.709 0.807 0.924 0.992 1.060 1.088 1.092 1.077 1.038 1.004 0.954 0.882 0.788 0.740 0.711 0.712 0.720 0.725 0.728 0.719 0.717 3.063 
8.000 1000.000 0.192 0.322 0.487 0.567 0.659 0.768 0.827 0.879 0.892 0.871 0.839 0.778 0.729 0.662 0.571 0.461 0.411 0.390 0.397 0.417 0.429 0.439 0.443 0.442 2.910 
8.000 1200.000 0.079 0.206 0.365 0.441 0.528 0.627 0.677 0.713 0.711 0.664 0.616 0.532 0.469 0.386 0.280 0.157 0.106 0.093 0.108 0.136 0.154 0.170 0.183 0.183 2.758 
8.000 1500.000 -0.080 0.041 0.191 0.262 0.340 0.423 0.458 0.469 0.444 0.357 0.284 0.168 0.085 -0.019 -0.147 -0.283 -0.333 -0.334 -0.311 -0.272 -0.248 -0.226 -0.203 -0.203 2.548 
8.200 0.000 1.930 2.067 2.246 2.337 2.446 2.591 2.686 2.813 2.899 3.016 3.079 3.160 3.210 3.270 3.343 3.433 3.483 3.524 3.528 3.511 3.488 3.450 3.324 3.311 4.846 
8.200 1.000 1.903 2.041 2.220 2.310 2.419 2.563 2.659 2.785 2.870 2.986 3.049 3.128 3.177 3.235 3.306 3.391 3.435 3.468 3.468 3.445 3.419 3.377 3.242 3.229 4.814 
8.200 5.000 1.858 1.995 2.174 2.264 2.374 2.517 2.612 2.737 2.821 2.935 2.996 3.072 3.120 3.175 3.241 3.318 3.358 3.383 3.380 3.354 3.326 3.283 3.148 3.135 4.752 
8.200 10.000 1.812 1.949 2.127 2.218 2.327 2.470 2.564 2.689 2.772 2.884 2.944 3.019 3.065 3.119 3.183 3.257 3.295 3.320 3.317 3.293 3.267 3.226 3.097 3.085 4.692 
8.200 15.000 1.757 1.894 2.072 2.162 2.271 2.414 2.508 2.632 2.715 2.827 2.886 2.960 3.005 3.058 3.120 3.193 3.229 3.253 3.249 3.225 3.199 3.159 3.032 3.020 4.631 
8.200 20.000 1.697 1.834 2.012 2.102 2.211 2.354 2.448 2.571 2.654 2.765 2.824 2.897 2.941 2.993 3.054 3.125 3.160 3.182 3.178 3.153 3.127 3.087 2.960 2.948 4.572 
8.200 25.000 1.640 1.776 1.955 2.044 2.153 2.296 2.390 2.513 2.595 2.706 2.765 2.837 2.882 2.933 2.994 3.063 3.098 3.119 3.115 3.090 3.064 3.024 2.898 2.886 4.520 
8.200 30.000 1.583 1.720 1.898 1.988 2.097 2.239 2.333 2.456 2.539 2.649 2.708 2.780 2.824 2.876 2.936 3.005 3.039 3.059 3.054 3.029 3.002 2.961 2.834 2.822 4.470 
8.200 40.000 1.476 1.613 1.791 1.880 1.989 2.131 2.225 2.348 2.430 2.540 2.598 2.670 2.714 2.765 2.824 2.890 2.922 2.938 2.931 2.903 2.874 2.831 2.700 2.687 4.378 
8.200 50.000 1.403 1.539 1.717 1.806 1.915 2.057 2.151 2.274 2.356 2.465 2.523 2.595 2.639 2.689 2.747 2.813 2.843 2.858 2.849 2.818 2.789 2.745 2.610 2.597 4.306 
8.200 60.000 1.347 1.483 1.661 1.750 1.859 2.001 2.095 2.218 2.300 2.411 2.469 2.542 2.587 2.638 2.698 2.765 2.796 2.810 2.800 2.768 2.737 2.691 2.550 2.537 4.256 
8.200 70.000 1.310 1.446 1.623 1.713 1.821 1.963 2.057 2.180 2.262 2.373 2.431 2.504 2.548 2.599 2.658 2.724 2.754 2.766 2.754 2.720 2.687 2.639 2.495 2.481 4.215 
8.200 80.000 1.284 1.420 1.597 1.686 1.794 1.936 2.030 2.152 2.234 2.344 2.402 2.474 2.517 2.567 2.625 2.688 2.715 2.724 2.711 2.674 2.640 2.592 2.445 2.431 4.182 
8.200 90.000 1.260 1.396 1.573 1.662 1.770 1.912 2.005 2.127 2.209 2.318 2.375 2.446 2.488 2.537 2.594 2.654 2.680 2.685 2.671 2.633 2.598 2.548 2.401 2.387 4.151 
8.200 100.000 1.238 1.374 1.551 1.640 1.748 1.889 1.982 2.104 2.185 2.293 2.350 2.420 2.461 2.509 2.564 2.621 2.645 2.648 2.632 2.593 2.558 2.508 2.360 2.346 4.122 
8.200 110.000 1.218 1.353 1.530 1.619 1.726 1.867 1.960 2.081 2.161 2.268 2.323 2.392 2.432 2.478 2.530 2.584 2.605 2.605 2.588 2.547 2.512 2.462 2.316 2.302 4.097 
8.200 120.000 1.199 1.334 1.510 1.599 1.707 1.847 1.939 2.060 2.139 2.244 2.299 2.366 2.405 2.449 2.499 2.549 2.567 2.563 2.545 2.504 2.468 2.418 2.274 2.260 4.073 
8.200 130.000 1.180 1.315 1.491 1.580 1.687 1.827 1.919 2.038 2.117 2.221 2.274 2.339 2.377 2.419 2.466 2.511 2.527 2.520 2.500 2.458 2.423 2.373 2.230 2.217 4.049 
8.200 140.000 1.161 1.296 1.472 1.561 1.668 1.807 1.899 2.017 2.095 2.197 2.250 2.313 2.350 2.390 2.434 2.476 2.488 2.478 2.458 2.415 2.380 2.330 2.190 2.177 4.026 
8.200 150.000 1.142 1.277 1.452 1.540 1.647 1.786 1.877 1.995 2.073 2.174 2.225 2.287 2.323 2.362 2.404 2.442 2.452 2.440 2.419 2.376 2.341 2.292 2.152 2.140 4.004 
8.200 175.000 1.095 1.230 1.405 1.493 1.599 1.737 1.827 1.943 2.019 2.116 2.165 2.222 2.254 2.289 2.325 2.354 2.359 2.342 2.320 2.278 2.243 2.197 2.065 2.054 3.945 
8.200 200.000 1.051 1.185 1.359 1.447 1.552 1.690 1.779 1.893 1.966 2.060 2.107 2.160 2.189 2.220 2.250 2.272 2.271 2.249 2.226 2.183 2.150 2.105 1.979 1.968 3.891 
8.200 250.000 0.976 1.109 1.282 1.369 1.473 1.607 1.694 1.804 1.873 1.958 1.997 2.041 2.063 2.085 2.102 2.105 2.096 2.068 2.046 2.009 1.981 1.943 1.839 1.830 3.801 
8.200 300.000 0.911 1.043 1.215 1.301 1.403 1.535 1.620 1.725 1.790 1.866 1.900 1.935 1.951 1.964 1.969 1.958 1.941 1.909 1.889 1.857 1.833 1.801 1.712 1.705 3.722 
8.200 350.000 0.853 0.985 1.154 1.239 1.341 1.470 1.552 1.653 1.714 1.782 1.811 1.837 1.847 1.851 1.846 1.823 1.800 1.767 1.748 1.722 1.702 1.676 1.601 1.595 3.653 
8.200 400.000 0.800 0.931 1.099 1.183 1.283 1.411 1.491 1.587 1.643 1.704 1.727 1.745 1.750 1.747 1.733 1.698 1.671 1.637 1.620 1.599 1.583 1.561 1.499 1.494 3.590 
8.200 450.000 0.748 0.878 1.045 1.128 1.227 1.352 1.429 1.522 1.575 1.628 1.647 1.657 1.656 1.647 1.624 1.578 1.546 1.509 1.494 1.475 1.462 1.443 1.388 1.384 3.531 
8.200 500.000 0.701 0.829 0.995 1.077 1.175 1.298 1.373 1.462 1.511 1.557 1.570 1.573 1.567 1.551 1.520 1.466 1.429 1.392 1.378 1.363 1.353 1.337 1.291 1.287 3.475 
8.200 600.000 0.623 0.750 0.913 0.993 1.088 1.205 1.276 1.355 1.395 1.425 1.427 1.414 1.397 1.368 1.320 1.250 1.209 1.176 1.169 1.164 1.161 1.155 1.126 1.123 3.370 
8.200 700.000 0.546 0.671 0.830 0.909 1.001 1.114 1.181 1.252 1.284 1.300 1.293 1.267 1.241 1.201 1.142 1.059 1.016 0.986 0.984 0.988 0.989 0.989 0.972 0.970 3.277 
8.200 800.000 0.476 0.599 0.756 0.833 0.923 1.031 1.093 1.157 1.182 1.185 1.169 1.131 1.097 1.047 0.977 0.886 0.840 0.815 0.818 0.828 0.834 0.838 0.831 0.829 3.189 
8.200 1000.000 0.347 0.467 0.619 0.692 0.777 0.876 0.930 0.978 0.989 0.967 0.936 0.875 0.827 0.761 0.672 0.564 0.516 0.497 0.505 0.525 0.538 0.549 0.553 0.552 3.041 
8.200 1200.000 0.235 0.351 0.497 0.567 0.647 0.737 0.782 0.814 0.810 0.763 0.715 0.633 0.571 0.489 0.385 0.265 0.216 0.205 0.221 0.250 0.268 0.284 0.297 0.297 2.894 
8.200 1500.000 0.082 0.192 0.328 0.392 0.463 0.536 0.566 0.571 0.542 0.451 0.377 0.261 0.179 0.075 -0.050 -0.182 -0.227 -0.223 -0.197 -0.154 -0.130 -0.106 -0.082 -0.082 2.690 
