CanadaSHM6-trial_NGAEastGMM13_03 , distance is rrup. Log10 ground motion values in cgs units, PGV and Sa(T<0.1s) not valid
          11 34 25 : nmag, ndist, nperiod
          10.000 7.519 5.000 4.000 3.003 2.000 1.499 1.000 0.750 0.500 0.400 0.300 0.250 0.200 0.150 0.100 0.075 0.050 0.040 0.030 0.025 0.020 0.010 PGA PGV 
          0.620 0.620 0.620 0.620 0.620 0.620 0.620 0.620 0.600 0.580 0.560 0.540 0.530 0.530 0.530 0.530 0.530 0.530 0.530 0.530 0.530 0.530 0.530 0.530 0.620
4.000 0.000 -1.454 -1.097 -0.621 -0.374 -0.070 0.342 0.624 1.008 1.272 1.629 1.815 2.039 2.170 2.316 2.483 2.680 2.795 2.913 2.948 2.952 2.930 2.878 2.629 2.597 3.999 
4.000 1.000 -1.574 -1.218 -0.742 -0.496 -0.191 0.221 0.503 0.887 1.151 1.509 1.696 1.921 2.053 2.201 2.371 2.573 2.692 2.816 2.855 2.862 2.841 2.789 2.533 2.499 3.864 
4.000 5.000 -2.000 -1.644 -1.169 -0.923 -0.619 -0.207 0.074 0.458 0.722 1.080 1.267 1.492 1.624 1.772 1.943 2.146 2.266 2.393 2.433 2.443 2.424 2.374 2.125 2.092 3.143 
4.000 10.000 -2.295 -1.940 -1.465 -1.220 -0.917 -0.506 -0.225 0.157 0.420 0.776 0.960 1.183 1.312 1.457 1.622 1.814 1.925 2.038 2.071 2.074 2.053 2.003 1.767 1.737 2.680 
4.000 15.000 -2.498 -2.144 -1.671 -1.426 -1.123 -0.713 -0.434 -0.053 0.209 0.563 0.746 0.965 1.093 1.235 1.394 1.577 1.679 1.779 1.805 1.803 1.779 1.729 1.504 1.476 2.393 
4.000 20.000 -2.655 -2.302 -1.829 -1.585 -1.283 -0.874 -0.595 -0.215 0.046 0.398 0.580 0.797 0.923 1.062 1.218 1.393 1.489 1.579 1.601 1.595 1.570 1.519 1.301 1.274 2.181 
4.000 25.000 -2.782 -2.429 -1.958 -1.714 -1.413 -1.005 -0.726 -0.347 -0.087 0.263 0.444 0.660 0.784 0.921 1.073 1.242 1.332 1.415 1.433 1.423 1.396 1.346 1.133 1.107 2.002 
4.000 30.000 -2.885 -2.533 -2.062 -1.819 -1.518 -1.111 -0.833 -0.455 -0.196 0.153 0.333 0.547 0.671 0.806 0.955 1.119 1.205 1.282 1.297 1.284 1.257 1.206 0.998 0.973 1.863 
4.000 40.000 -3.046 -2.696 -2.227 -1.984 -1.685 -1.279 -1.002 -0.626 -0.368 -0.021 0.157 0.369 0.491 0.624 0.768 0.924 1.004 1.071 1.081 1.065 1.036 0.985 0.784 0.760 1.652 
4.000 50.000 -3.170 -2.820 -2.353 -2.112 -1.813 -1.409 -1.133 -0.758 -0.501 -0.157 0.020 0.230 0.350 0.481 0.622 0.770 0.844 0.903 0.910 0.889 0.860 0.809 0.612 0.590 1.491 
4.000 60.000 -3.245 -2.897 -2.432 -2.191 -1.894 -1.491 -1.216 -0.842 -0.586 -0.243 -0.067 0.141 0.260 0.389 0.528 0.672 0.741 0.794 0.798 0.774 0.743 0.691 0.496 0.474 1.405 
4.000 70.000 -3.291 -2.944 -2.480 -2.240 -1.944 -1.542 -1.268 -0.896 -0.642 -0.301 -0.126 0.080 0.197 0.323 0.457 0.593 0.656 0.700 0.699 0.671 0.639 0.586 0.395 0.374 1.330 
4.000 80.000 -3.326 -2.981 -2.518 -2.279 -1.984 -1.583 -1.310 -0.939 -0.686 -0.346 -0.173 0.031 0.147 0.271 0.402 0.533 0.591 0.627 0.623 0.592 0.558 0.504 0.315 0.294 1.270 
4.000 90.000 -3.355 -3.011 -2.550 -2.312 -2.017 -1.618 -1.345 -0.976 -0.723 -0.386 -0.213 -0.011 0.104 0.226 0.354 0.479 0.533 0.562 0.554 0.519 0.484 0.429 0.241 0.221 1.223 
4.000 100.000 -3.381 -3.038 -2.579 -2.341 -2.047 -1.649 -1.378 -1.009 -0.758 -0.421 -0.250 -0.049 0.064 0.184 0.309 0.429 0.478 0.500 0.490 0.452 0.415 0.359 0.173 0.153 1.181 
4.000 110.000 -3.404 -3.062 -2.604 -2.367 -2.074 -1.677 -1.407 -1.040 -0.789 -0.454 -0.284 -0.085 0.027 0.145 0.267 0.382 0.426 0.442 0.429 0.388 0.350 0.294 0.110 0.090 1.141 
4.000 120.000 -3.426 -3.085 -2.628 -2.392 -2.100 -1.704 -1.434 -1.068 -0.819 -0.486 -0.316 -0.119 -0.008 0.108 0.228 0.337 0.377 0.387 0.370 0.327 0.288 0.232 0.050 0.031 1.103 
4.000 130.000 -3.450 -3.110 -2.654 -2.419 -2.127 -1.732 -1.463 -1.099 -0.850 -0.518 -0.350 -0.154 -0.045 0.071 0.187 0.291 0.328 0.332 0.313 0.267 0.228 0.171 -0.008 -0.027 1.066 
4.000 140.000 -3.473 -3.133 -2.679 -2.444 -2.154 -1.760 -1.492 -1.128 -0.880 -0.550 -0.382 -0.188 -0.080 0.033 0.147 0.246 0.278 0.278 0.256 0.208 0.167 0.111 -0.066 -0.085 1.028 
4.000 150.000 -3.496 -3.158 -2.705 -2.470 -2.180 -1.788 -1.520 -1.157 -0.910 -0.582 -0.415 -0.223 -0.116 -0.004 0.106 0.201 0.229 0.222 0.198 0.148 0.108 0.051 -0.123 -0.140 0.992 
4.000 175.000 -3.553 -3.217 -2.767 -2.534 -2.246 -1.855 -1.589 -1.229 -0.984 -0.659 -0.495 -0.306 -0.202 -0.095 0.009 0.092 0.111 0.093 0.063 0.009 -0.032 -0.089 -0.255 -0.271 0.901 
4.000 200.000 -3.604 -3.270 -2.823 -2.591 -2.304 -1.916 -1.652 -1.294 -1.051 -0.729 -0.568 -0.382 -0.281 -0.178 -0.080 -0.008 0.003 -0.027 -0.061 -0.118 -0.161 -0.217 -0.375 -0.391 0.817 
4.000 250.000 -3.692 -3.362 -2.919 -2.690 -2.406 -2.022 -1.761 -1.408 -1.169 -0.855 -0.698 -0.521 -0.426 -0.331 -0.247 -0.198 -0.204 -0.254 -0.295 -0.356 -0.397 -0.449 -0.587 -0.599 0.652 
4.000 300.000 -3.767 -3.440 -3.001 -2.774 -2.493 -2.112 -1.854 -1.505 -1.270 -0.963 -0.811 -0.641 -0.552 -0.467 -0.395 -0.368 -0.389 -0.455 -0.501 -0.564 -0.603 -0.651 -0.768 -0.779 0.507 
4.000 350.000 -3.832 -3.508 -3.072 -2.847 -2.568 -2.190 -1.934 -1.590 -1.359 -1.058 -0.912 -0.750 -0.667 -0.590 -0.532 -0.525 -0.560 -0.640 -0.690 -0.752 -0.789 -0.831 -0.930 -0.939 0.375 
4.000 400.000 -3.891 -3.569 -3.136 -2.912 -2.635 -2.260 -2.006 -1.666 -1.439 -1.145 -1.004 -0.850 -0.774 -0.705 -0.660 -0.672 -0.720 -0.812 -0.864 -0.924 -0.958 -0.995 -1.077 -1.084 0.250 
4.000 450.000 -3.951 -3.630 -3.200 -2.977 -2.701 -2.329 -2.078 -1.742 -1.518 -1.232 -1.095 -0.950 -0.879 -0.819 -0.787 -0.818 -0.877 -0.979 -1.032 -1.090 -1.121 -1.154 -1.221 -1.226 0.118 
4.000 500.000 -4.007 -3.687 -3.259 -3.037 -2.763 -2.393 -2.144 -1.811 -1.591 -1.312 -1.181 -1.044 -0.980 -0.928 -0.908 -0.956 -1.025 -1.134 -1.188 -1.243 -1.271 -1.298 -1.352 -1.356 -0.004 
4.000 600.000 -4.101 -3.784 -3.358 -3.138 -2.866 -2.501 -2.257 -1.934 -1.724 -1.464 -1.347 -1.232 -1.184 -1.154 -1.162 -1.246 -1.331 -1.443 -1.488 -1.527 -1.542 -1.553 -1.572 -1.573 -0.225 
4.000 700.000 -4.196 -3.879 -3.454 -3.234 -2.964 -2.603 -2.362 -2.047 -1.844 -1.599 -1.493 -1.395 -1.359 -1.345 -1.374 -1.483 -1.580 -1.696 -1.739 -1.771 -1.781 -1.787 -1.792 -1.792 -0.424 
4.000 800.000 -4.282 -3.965 -3.540 -3.321 -3.052 -2.694 -2.456 -2.150 -1.956 -1.730 -1.636 -1.557 -1.535 -1.538 -1.588 -1.719 -1.822 -1.935 -1.971 -1.993 -1.996 -1.994 -1.985 -1.985 -0.608 
4.000 1000.000 -4.471 -4.149 -3.720 -3.500 -3.231 -2.877 -2.646 -2.354 -2.176 -1.981 -1.910 -1.863 -1.862 -1.892 -1.972 -2.131 -2.240 -2.344 -2.371 -2.379 -2.375 -2.365 -2.345 -2.344 -0.934 
4.000 1200.000 -4.643 -4.313 -3.876 -3.654 -3.384 -3.033 -2.809 -2.535 -2.375 -2.217 -2.170 -2.157 -2.179 -2.233 -2.340 -2.517 -2.625 -2.715 -2.731 -2.728 -2.717 -2.702 -2.676 -2.675 -1.232 
4.000 1500.000 -4.901 -4.552 -4.096 -3.867 -3.593 -3.247 -3.034 -2.788 -2.660 -2.561 -2.553 -2.592 -2.645 -2.734 -2.872 -3.066 -3.170 -3.242 -3.248 -3.234 -3.220 -3.202 -3.174 -3.174 -1.672 
4.500 0.000 -0.980 -0.636 -0.172 0.069 0.369 0.777 1.056 1.432 1.684 2.009 2.168 2.350 2.451 2.563 2.692 2.853 2.952 3.054 3.081 3.079 3.054 3.002 2.765 2.735 4.191 
4.500 1.000 -1.076 -0.731 -0.268 -0.026 0.273 0.681 0.960 1.336 1.588 1.914 2.074 2.256 2.358 2.471 2.602 2.766 2.868 2.974 3.003 3.002 2.977 2.924 2.681 2.650 4.101 
4.500 5.000 -1.434 -1.091 -0.628 -0.387 -0.088 0.320 0.598 0.974 1.226 1.552 1.712 1.895 1.998 2.112 2.245 2.413 2.518 2.630 2.662 2.665 2.642 2.591 2.350 2.319 3.518 
4.500 10.000 -1.714 -1.371 -0.910 -0.669 -0.371 0.036 0.313 0.687 0.938 1.262 1.421 1.602 1.703 1.813 1.941 2.099 2.196 2.295 2.322 2.320 2.296 2.245 2.018 1.989 3.080 
4.500 15.000 -1.908 -1.566 -1.106 -0.866 -0.568 -0.163 0.114 0.487 0.736 1.058 1.215 1.393 1.492 1.600 1.722 1.871 1.959 2.047 2.068 2.060 2.035 1.985 1.768 1.742 2.803 
4.500 20.000 -2.057 -1.715 -1.256 -1.017 -0.720 -0.315 -0.039 0.332 0.581 0.901 1.057 1.233 1.330 1.435 1.553 1.694 1.777 1.855 1.872 1.861 1.834 1.784 1.576 1.550 2.599 
4.500 25.000 -2.176 -1.835 -1.377 -1.138 -0.842 -0.438 -0.163 0.207 0.455 0.773 0.928 1.102 1.197 1.300 1.414 1.549 1.626 1.696 1.709 1.694 1.667 1.617 1.416 1.392 2.426 
4.500 30.000 -2.273 -1.933 -1.476 -1.238 -0.942 -0.540 -0.265 0.104 0.351 0.668 0.822 0.994 1.088 1.189 1.301 1.430 1.502 1.566 1.576 1.559 1.532 1.482 1.286 1.263 2.290 
4.500 40.000 -2.425 -2.087 -1.632 -1.395 -1.100 -0.699 -0.426 -0.059 0.187 0.502 0.654 0.823 0.916 1.014 1.121 1.241 1.307 1.360 1.366 1.346 1.317 1.268 1.080 1.058 2.086 
4.500 50.000 -2.542 -2.205 -1.752 -1.516 -1.223 -0.824 -0.551 -0.185 0.059 0.371 0.522 0.690 0.780 0.876 0.979 1.092 1.152 1.197 1.200 1.176 1.147 1.098 0.915 0.895 1.931 
4.500 60.000 -2.612 -2.277 -1.826 -1.591 -1.298 -0.901 -0.630 -0.265 -0.022 0.289 0.439 0.605 0.695 0.789 0.889 0.997 1.052 1.092 1.091 1.065 1.034 0.984 0.804 0.783 1.849 
4.500 70.000 -2.655 -2.322 -1.872 -1.638 -1.347 -0.951 -0.681 -0.318 -0.076 0.233 0.381 0.545 0.633 0.724 0.820 0.921 0.970 1.000 0.995 0.965 0.933 0.883 0.707 0.688 1.778 
4.500 80.000 -2.687 -2.355 -1.907 -1.673 -1.383 -0.989 -0.720 -0.358 -0.118 0.190 0.337 0.499 0.586 0.675 0.768 0.863 0.907 0.930 0.922 0.889 0.856 0.805 0.631 0.612 1.721 
4.500 90.000 -2.714 -2.382 -1.936 -1.704 -1.415 -1.022 -0.753 -0.394 -0.154 0.152 0.298 0.458 0.544 0.631 0.721 0.810 0.850 0.867 0.856 0.820 0.785 0.734 0.561 0.543 1.678 
4.500 100.000 -2.737 -2.407 -1.963 -1.731 -1.443 -1.051 -0.784 -0.426 -0.187 0.117 0.262 0.421 0.505 0.591 0.678 0.762 0.797 0.808 0.794 0.755 0.719 0.667 0.497 0.479 1.638 
4.500 110.000 -2.758 -2.430 -1.986 -1.755 -1.469 -1.078 -0.812 -0.455 -0.217 0.085 0.229 0.387 0.470 0.554 0.637 0.716 0.747 0.752 0.735 0.693 0.657 0.605 0.437 0.419 1.602 
4.500 120.000 -2.778 -2.450 -2.009 -1.778 -1.492 -1.103 -0.838 -0.482 -0.245 0.055 0.198 0.354 0.436 0.518 0.599 0.673 0.699 0.699 0.679 0.636 0.599 0.546 0.381 0.364 1.567 
4.500 130.000 -2.799 -2.473 -2.033 -1.803 -1.518 -1.130 -0.866 -0.511 -0.275 0.024 0.166 0.321 0.401 0.482 0.560 0.629 0.652 0.646 0.624 0.578 0.541 0.488 0.325 0.309 1.533 
4.500 140.000 -2.820 -2.495 -2.056 -1.827 -1.543 -1.156 -0.893 -0.539 -0.304 -0.007 0.135 0.288 0.367 0.446 0.521 0.585 0.604 0.593 0.569 0.521 0.483 0.431 0.271 0.255 1.499 
4.500 150.000 -2.841 -2.517 -2.079 -1.851 -1.568 -1.183 -0.920 -0.568 -0.334 -0.037 0.103 0.254 0.332 0.409 0.482 0.541 0.556 0.540 0.513 0.464 0.426 0.374 0.218 0.202 1.465 
4.500 175.000 -2.893 -2.571 -2.137 -1.911 -1.630 -1.247 -0.986 -0.637 -0.405 -0.112 0.026 0.173 0.249 0.322 0.388 0.436 0.442 0.415 0.384 0.332 0.293 0.241 0.093 0.078 1.381 
4.500 200.000 -2.939 -2.620 -2.189 -1.964 -1.685 -1.305 -1.046 -0.699 -0.469 -0.180 -0.044 0.100 0.173 0.242 0.302 0.339 0.337 0.300 0.265 0.210 0.171 0.120 -0.021 -0.034 1.304 
4.500 250.000 -3.020 -2.705 -2.279 -2.057 -1.781 -1.406 -1.151 -0.809 -0.584 -0.302 -0.171 -0.035 0.032 0.093 0.139 0.154 0.136 0.081 0.040 -0.017 -0.054 -0.100 -0.219 -0.230 1.149 
4.500 300.000 -3.088 -2.777 -2.356 -2.136 -1.863 -1.492 -1.240 -0.904 -0.682 -0.407 -0.281 -0.152 -0.091 -0.039 -0.006 -0.011 -0.043 -0.113 -0.157 -0.214 -0.249 -0.290 -0.390 -0.398 1.013 
4.500 350.000 -3.148 -2.839 -2.422 -2.204 -1.934 -1.567 -1.318 -0.986 -0.769 -0.501 -0.380 -0.258 -0.203 -0.160 -0.139 -0.163 -0.208 -0.290 -0.336 -0.392 -0.423 -0.459 -0.541 -0.548 0.890 
4.500 400.000 -3.201 -2.895 -2.481 -2.265 -1.998 -1.634 -1.388 -1.060 -0.847 -0.586 -0.470 -0.356 -0.307 -0.272 -0.263 -0.305 -0.361 -0.452 -0.499 -0.552 -0.581 -0.611 -0.676 -0.682 0.778 
4.500 450.000 -3.257 -2.953 -2.543 -2.329 -2.063 -1.702 -1.458 -1.136 -0.926 -0.672 -0.561 -0.455 -0.412 -0.385 -0.388 -0.448 -0.514 -0.612 -0.660 -0.710 -0.735 -0.760 -0.811 -0.815 0.653 
4.500 500.000 -3.309 -3.007 -2.599 -2.386 -2.122 -1.765 -1.523 -1.205 -0.999 -0.753 -0.647 -0.549 -0.512 -0.493 -0.507 -0.583 -0.657 -0.761 -0.808 -0.854 -0.875 -0.895 -0.934 -0.937 0.539 
4.500 600.000 -3.398 -3.099 -2.694 -2.484 -2.223 -1.872 -1.636 -1.327 -1.131 -0.903 -0.810 -0.733 -0.710 -0.710 -0.751 -0.857 -0.944 -1.048 -1.087 -1.117 -1.127 -1.133 -1.143 -1.144 0.333 
4.500 700.000 -3.483 -3.185 -2.783 -2.574 -2.316 -1.969 -1.738 -1.439 -1.252 -1.041 -0.960 -0.900 -0.891 -0.908 -0.969 -1.099 -1.194 -1.296 -1.329 -1.348 -1.351 -1.350 -1.344 -1.344 0.149 
4.500 800.000 -3.566 -3.268 -2.867 -2.659 -2.403 -2.060 -1.833 -1.542 -1.363 -1.168 -1.098 -1.055 -1.056 -1.087 -1.166 -1.313 -1.413 -1.512 -1.540 -1.552 -1.550 -1.543 -1.528 -1.528 -0.022 
4.500 1000.000 -3.740 -3.439 -3.037 -2.829 -2.574 -2.238 -2.019 -1.745 -1.583 -1.419 -1.371 -1.359 -1.381 -1.436 -1.541 -1.710 -1.812 -1.898 -1.915 -1.913 -1.904 -1.890 -1.865 -1.864 -0.327 
4.500 1200.000 -3.896 -3.589 -3.180 -2.972 -2.718 -2.388 -2.177 -1.922 -1.781 -1.654 -1.630 -1.651 -1.694 -1.773 -1.901 -2.082 -2.179 -2.249 -2.255 -2.242 -2.228 -2.210 -2.180 -2.179 -0.603 
4.500 1500.000 -4.131 -3.808 -3.385 -3.173 -2.918 -2.596 -2.398 -2.175 -2.065 -1.997 -2.009 -2.078 -2.149 -2.256 -2.408 -2.600 -2.689 -2.740 -2.737 -2.716 -2.699 -2.679 -2.651 -2.650 -1.011 
5.000 0.000 -0.521 -0.194 0.248 0.479 0.766 1.157 1.422 1.771 1.998 2.277 2.406 2.551 2.632 2.723 2.833 2.978 3.068 3.157 3.178 3.170 3.144 3.091 2.867 2.839 4.355 
5.000 1.000 -0.598 -0.272 0.170 0.401 0.688 1.079 1.344 1.693 1.920 2.199 2.329 2.474 2.555 2.647 2.759 2.906 2.997 3.087 3.109 3.101 3.074 3.021 2.791 2.763 4.293 
5.000 5.000 -0.890 -0.564 -0.123 0.108 0.395 0.785 1.049 1.399 1.626 1.905 2.036 2.182 2.264 2.357 2.471 2.623 2.718 2.814 2.839 2.834 2.809 2.757 2.524 2.496 3.854 
5.000 10.000 -1.146 -0.821 -0.381 -0.151 0.135 0.524 0.787 1.136 1.361 1.639 1.769 1.913 1.993 2.084 2.194 2.338 2.426 2.514 2.535 2.527 2.501 2.449 2.229 2.202 3.454 
5.000 15.000 -1.328 -1.004 -0.565 -0.336 -0.051 0.337 0.600 0.947 1.172 1.447 1.575 1.717 1.795 1.883 1.988 2.123 2.204 2.280 2.296 2.284 2.257 2.207 1.998 1.973 3.190 
5.000 20.000 -1.466 -1.143 -0.706 -0.477 -0.192 0.194 0.456 0.802 1.026 1.300 1.426 1.566 1.643 1.728 1.829 1.956 2.030 2.098 2.110 2.095 2.068 2.018 1.817 1.794 2.996 
5.000 25.000 -1.578 -1.255 -0.819 -0.591 -0.307 0.078 0.340 0.684 0.907 1.179 1.304 1.442 1.517 1.600 1.696 1.816 1.885 1.944 1.953 1.935 1.907 1.858 1.665 1.643 2.829 
5.000 30.000 -1.669 -1.348 -0.913 -0.685 -0.402 -0.017 0.243 0.587 0.808 1.079 1.203 1.339 1.413 1.494 1.587 1.701 1.765 1.818 1.824 1.804 1.775 1.726 1.540 1.518 2.698 
5.000 40.000 -1.813 -1.493 -1.060 -0.834 -0.552 -0.169 0.090 0.432 0.652 0.920 1.043 1.176 1.248 1.326 1.414 1.519 1.576 1.619 1.620 1.597 1.568 1.520 1.342 1.322 2.500 
5.000 50.000 -1.924 -1.606 -1.175 -0.950 -0.669 -0.288 -0.030 0.310 0.529 0.795 0.917 1.048 1.118 1.193 1.277 1.375 1.426 1.461 1.459 1.433 1.404 1.356 1.185 1.166 2.351 
5.000 60.000 -1.991 -1.674 -1.245 -1.021 -0.742 -0.362 -0.105 0.233 0.451 0.716 0.837 0.966 1.035 1.109 1.191 1.283 1.330 1.359 1.354 1.326 1.295 1.247 1.078 1.059 2.272 
5.000 70.000 -2.031 -1.716 -1.289 -1.066 -0.788 -0.410 -0.154 0.183 0.399 0.662 0.781 0.909 0.976 1.047 1.124 1.209 1.249 1.270 1.261 1.229 1.198 1.150 0.985 0.967 2.204 
5.000 80.000 -2.060 -1.746 -1.321 -1.098 -0.822 -0.445 -0.191 0.145 0.360 0.621 0.740 0.865 0.931 1.000 1.074 1.153 1.189 1.203 1.191 1.156 1.123 1.075 0.912 0.895 2.150 
5.000 90.000 -2.084 -1.772 -1.348 -1.127 -0.851 -0.476 -0.223 0.111 0.326 0.585 0.702 0.827 0.891 0.958 1.029 1.103 1.134 1.142 1.127 1.089 1.056 1.007 0.846 0.829 2.109 
5.000 100.000 -2.106 -1.795 -1.373 -1.153 -0.878 -0.505 -0.252 0.080 0.294 0.552 0.668 0.791 0.854 0.920 0.988 1.056 1.083 1.085 1.067 1.027 0.993 0.943 0.785 0.768 2.072 
5.000 110.000 -2.125 -1.815 -1.395 -1.176 -0.902 -0.530 -0.278 0.053 0.265 0.522 0.637 0.758 0.820 0.884 0.949 1.012 1.034 1.031 1.011 0.969 0.933 0.884 0.728 0.712 2.038 
5.000 120.000 -2.143 -1.834 -1.416 -1.197 -0.924 -0.554 -0.303 0.027 0.239 0.494 0.608 0.727 0.789 0.850 0.913 0.971 0.989 0.980 0.958 0.914 0.878 0.828 0.675 0.659 2.006 
5.000 130.000 -2.162 -1.855 -1.438 -1.220 -0.948 -0.579 -0.329 -0.001 0.210 0.464 0.577 0.695 0.755 0.815 0.875 0.928 0.943 0.929 0.905 0.859 0.822 0.773 0.622 0.607 1.974 
5.000 140.000 -2.182 -1.875 -1.460 -1.242 -0.972 -0.604 -0.355 -0.028 0.182 0.434 0.547 0.664 0.722 0.781 0.837 0.886 0.897 0.878 0.851 0.804 0.767 0.718 0.571 0.556 1.943 
5.000 150.000 -2.201 -1.895 -1.482 -1.265 -0.995 -0.629 -0.381 -0.055 0.154 0.405 0.517 0.632 0.689 0.746 0.800 0.843 0.850 0.826 0.798 0.749 0.712 0.663 0.520 0.506 1.911 
5.000 175.000 -2.248 -1.946 -1.535 -1.320 -1.053 -0.689 -0.444 -0.121 0.086 0.334 0.443 0.554 0.609 0.662 0.709 0.741 0.740 0.705 0.673 0.622 0.585 0.537 0.403 0.390 1.833 
5.000 200.000 -2.290 -1.990 -1.583 -1.370 -1.105 -0.744 -0.500 -0.180 0.025 0.269 0.376 0.484 0.536 0.585 0.626 0.647 0.637 0.594 0.558 0.505 0.468 0.422 0.296 0.284 1.761 
5.000 250.000 -2.365 -2.070 -1.668 -1.458 -1.197 -0.841 -0.601 -0.286 -0.086 0.151 0.254 0.354 0.400 0.440 0.468 0.467 0.442 0.382 0.342 0.288 0.254 0.213 0.108 0.098 1.616 
5.000 300.000 -2.428 -2.136 -1.740 -1.533 -1.274 -0.924 -0.687 -0.377 -0.181 0.049 0.147 0.240 0.281 0.312 0.327 0.307 0.269 0.196 0.153 0.100 0.069 0.033 -0.053 -0.060 1.489 
5.000 350.000 -2.483 -2.195 -1.803 -1.598 -1.342 -0.996 -0.762 -0.458 -0.265 -0.042 0.051 0.137 0.172 0.195 0.198 0.159 0.110 0.027 -0.017 -0.068 -0.096 -0.126 -0.195 -0.200 1.375 
5.000 400.000 -2.533 -2.247 -1.859 -1.656 -1.404 -1.061 -0.830 -0.530 -0.342 -0.125 -0.037 0.042 0.071 0.086 0.077 0.022 -0.037 -0.127 -0.171 -0.218 -0.242 -0.267 -0.320 -0.325 1.274 
5.000 450.000 -2.587 -2.304 -1.919 -1.718 -1.467 -1.128 -0.901 -0.605 -0.420 -0.211 -0.127 -0.056 -0.033 -0.026 -0.046 -0.117 -0.185 -0.281 -0.325 -0.368 -0.388 -0.408 -0.448 -0.451 1.158 
5.000 500.000 -2.637 -2.356 -1.974 -1.774 -1.526 -1.190 -0.965 -0.674 -0.493 -0.291 -0.212 -0.149 -0.131 -0.132 -0.163 -0.249 -0.324 -0.423 -0.466 -0.505 -0.521 -0.536 -0.564 -0.566 1.052 
5.000 600.000 -2.721 -2.443 -2.066 -1.869 -1.625 -1.295 -1.076 -0.796 -0.625 -0.441 -0.375 -0.333 -0.330 -0.349 -0.405 -0.519 -0.604 -0.699 -0.732 -0.754 -0.759 -0.761 -0.761 -0.761 0.859 
5.000 700.000 -2.804 -2.527 -2.153 -1.958 -1.717 -1.393 -1.178 -0.907 -0.744 -0.574 -0.519 -0.491 -0.499 -0.532 -0.606 -0.739 -0.830 -0.924 -0.952 -0.966 -0.966 -0.962 -0.951 -0.951 0.687 
5.000 800.000 -2.881 -2.605 -2.233 -2.039 -1.800 -1.481 -1.272 -1.010 -0.855 -0.702 -0.658 -0.647 -0.666 -0.713 -0.803 -0.951 -1.045 -1.132 -1.154 -1.159 -1.154 -1.144 -1.125 -1.124 0.529 
5.000 1000.000 -3.043 -2.766 -2.394 -2.202 -1.966 -1.655 -1.454 -1.210 -1.073 -0.951 -0.928 -0.947 -0.985 -1.055 -1.169 -1.333 -1.425 -1.497 -1.507 -1.499 -1.487 -1.470 -1.443 -1.442 0.246 
5.000 1200.000 -3.187 -2.905 -2.530 -2.338 -2.104 -1.801 -1.609 -1.384 -1.267 -1.180 -1.179 -1.228 -1.286 -1.376 -1.508 -1.681 -1.767 -1.823 -1.824 -1.806 -1.790 -1.771 -1.741 -1.740 -0.010 
5.000 1500.000 -3.404 -3.109 -2.723 -2.528 -2.296 -2.003 -1.826 -1.633 -1.547 -1.516 -1.549 -1.641 -1.723 -1.838 -1.991 -2.169 -2.247 -2.284 -2.277 -2.253 -2.235 -2.216 -2.189 -2.188 -0.386 
5.500 0.000 -0.075 0.229 0.641 0.857 1.125 1.488 1.731 2.043 2.238 2.469 2.574 2.692 2.761 2.840 2.940 3.073 3.153 3.228 3.244 3.231 3.204 3.153 2.944 2.919 4.456 
5.500 1.000 -0.141 0.162 0.574 0.790 1.058 1.421 1.663 1.975 2.171 2.402 2.507 2.625 2.694 2.774 2.875 3.008 3.089 3.164 3.180 3.167 3.139 3.087 2.873 2.848 4.412 
5.500 5.000 -0.371 -0.068 0.343 0.558 0.826 1.188 1.430 1.742 1.938 2.169 2.275 2.395 2.464 2.546 2.649 2.786 2.870 2.951 2.968 2.957 2.929 2.877 2.659 2.633 4.124 
5.500 10.000 -0.597 -0.295 0.115 0.330 0.597 0.958 1.199 1.510 1.705 1.935 2.040 2.158 2.226 2.306 2.406 2.538 2.618 2.692 2.707 2.694 2.667 2.616 2.407 2.382 3.787 
5.500 15.000 -0.763 -0.462 -0.053 0.161 0.427 0.787 1.028 1.338 1.531 1.760 1.864 1.979 2.046 2.123 2.218 2.342 2.415 2.481 2.492 2.476 2.448 2.398 2.199 2.176 3.546 
5.500 20.000 -0.891 -0.590 -0.183 0.031 0.296 0.655 0.895 1.204 1.396 1.623 1.726 1.839 1.904 1.979 2.070 2.186 2.253 2.311 2.319 2.300 2.272 2.224 2.034 2.012 3.364 
5.500 25.000 -0.994 -0.695 -0.288 -0.076 0.189 0.547 0.786 1.093 1.285 1.510 1.611 1.723 1.786 1.858 1.945 2.053 2.114 2.163 2.168 2.147 2.119 2.071 1.890 1.869 3.204 
5.500 30.000 -1.081 -0.782 -0.377 -0.164 0.099 0.456 0.694 1.001 1.192 1.415 1.516 1.625 1.687 1.757 1.840 1.943 1.999 2.042 2.044 2.021 1.993 1.946 1.771 1.751 3.077 
5.500 40.000 -1.215 -0.918 -0.515 -0.304 -0.041 0.314 0.551 0.855 1.045 1.266 1.365 1.472 1.531 1.597 1.676 1.769 1.817 1.850 1.848 1.823 1.794 1.748 1.582 1.564 2.885 
5.500 50.000 -1.320 -1.024 -0.623 -0.413 -0.152 0.201 0.437 0.740 0.928 1.147 1.244 1.349 1.407 1.471 1.545 1.631 1.673 1.698 1.693 1.665 1.636 1.591 1.433 1.415 2.740 
5.500 60.000 -1.383 -1.089 -0.690 -0.481 -0.221 0.131 0.365 0.667 0.854 1.072 1.168 1.272 1.328 1.391 1.462 1.542 1.581 1.600 1.592 1.562 1.532 1.486 1.329 1.312 2.663 
5.500 70.000 -1.420 -1.128 -0.730 -0.522 -0.264 0.086 0.320 0.619 0.806 1.022 1.117 1.218 1.272 1.332 1.398 1.471 1.503 1.514 1.502 1.469 1.438 1.393 1.241 1.224 2.598 
5.500 80.000 -1.446 -1.155 -0.760 -0.553 -0.295 0.053 0.285 0.584 0.769 0.983 1.077 1.177 1.230 1.288 1.351 1.418 1.445 1.450 1.435 1.399 1.367 1.321 1.171 1.156 2.546 
5.500 90.000 -1.469 -1.179 -0.786 -0.580 -0.323 0.023 0.255 0.552 0.736 0.949 1.042 1.140 1.192 1.248 1.308 1.370 1.392 1.391 1.373 1.335 1.302 1.256 1.108 1.093 2.507 
5.500 100.000 -1.489 -1.201 -0.809 -0.604 -0.348 -0.003 0.227 0.523 0.707 0.918 1.010 1.107 1.158 1.211 1.269 1.325 1.343 1.336 1.316 1.275 1.242 1.195 1.050 1.035 2.471 
5.500 110.000 -1.507 -1.220 -0.830 -0.625 -0.371 -0.027 0.202 0.497 0.679 0.889 0.981 1.075 1.125 1.177 1.231 1.282 1.296 1.284 1.261 1.219 1.185 1.138 0.996 0.981 2.439 
5.500 120.000 -1.523 -1.238 -0.849 -0.646 -0.392 -0.050 0.179 0.472 0.653 0.862 0.953 1.046 1.094 1.145 1.196 1.242 1.252 1.234 1.210 1.165 1.131 1.084 0.944 0.930 2.410 
5.500 130.000 -1.542 -1.257 -0.870 -0.668 -0.416 -0.074 0.153 0.445 0.626 0.834 0.923 1.015 1.062 1.111 1.159 1.200 1.207 1.185 1.158 1.112 1.077 1.031 0.894 0.880 2.380 
5.500 140.000 -1.560 -1.276 -0.891 -0.689 -0.438 -0.098 0.128 0.419 0.599 0.805 0.894 0.984 1.031 1.077 1.123 1.159 1.162 1.135 1.107 1.059 1.024 0.978 0.845 0.831 2.350 
5.500 150.000 -1.578 -1.296 -0.912 -0.711 -0.460 -0.122 0.104 0.394 0.573 0.778 0.865 0.954 0.999 1.044 1.087 1.118 1.117 1.085 1.055 1.006 0.972 0.926 0.796 0.783 2.321 
5.500 175.000 -1.623 -1.343 -0.963 -0.764 -0.516 -0.180 0.043 0.330 0.507 0.709 0.794 0.880 0.922 0.962 0.999 1.018 1.009 0.968 0.934 0.884 0.849 0.805 0.683 0.672 2.247 
5.500 200.000 -1.662 -1.385 -1.008 -0.811 -0.565 -0.232 -0.010 0.274 0.449 0.647 0.730 0.812 0.852 0.888 0.918 0.927 0.910 0.859 0.823 0.771 0.737 0.695 0.582 0.572 2.178 
5.500 250.000 -1.733 -1.460 -1.089 -0.895 -0.653 -0.326 -0.108 0.171 0.342 0.534 0.613 0.687 0.720 0.748 0.764 0.752 0.720 0.655 0.614 0.563 0.531 0.495 0.402 0.394 2.039 
5.500 300.000 -1.792 -1.524 -1.158 -0.966 -0.728 -0.405 -0.191 0.083 0.250 0.436 0.510 0.577 0.604 0.624 0.627 0.596 0.552 0.475 0.433 0.383 0.355 0.324 0.250 0.243 1.918 
5.500 350.000 -1.844 -1.579 -1.218 -1.029 -0.793 -0.475 -0.264 0.005 0.169 0.348 0.417 0.477 0.499 0.510 0.502 0.453 0.399 0.314 0.271 0.224 0.200 0.174 0.117 0.112 1.815 
5.500 400.000 -1.891 -1.629 -1.272 -1.085 -0.852 -0.538 -0.329 -0.065 0.095 0.267 0.332 0.385 0.401 0.404 0.385 0.320 0.257 0.166 0.124 0.081 0.061 0.040 -0.002 -0.006 1.721 
5.500 450.000 -1.942 -1.682 -1.328 -1.143 -0.913 -0.602 -0.397 -0.137 0.019 0.185 0.245 0.290 0.300 0.296 0.265 0.185 0.115 0.020 -0.021 -0.059 -0.075 -0.091 -0.120 -0.123 1.616 
5.500 500.000 -1.988 -1.731 -1.380 -1.196 -0.968 -0.661 -0.459 -0.203 -0.051 0.108 0.164 0.201 0.206 0.193 0.152 0.059 -0.018 -0.114 -0.153 -0.186 -0.199 -0.210 -0.228 -0.230 1.519 
5.500 600.000 -2.068 -1.814 -1.468 -1.287 -1.063 -0.764 -0.567 -0.322 -0.179 -0.038 0.005 0.023 0.014 -0.017 -0.081 -0.199 -0.283 -0.373 -0.401 -0.418 -0.420 -0.418 -0.413 -0.413 1.345 
5.500 700.000 -2.146 -1.893 -1.551 -1.373 -1.152 -0.858 -0.665 -0.429 -0.294 -0.167 -0.134 -0.131 -0.151 -0.194 -0.274 -0.408 -0.497 -0.583 -0.606 -0.614 -0.611 -0.603 -0.588 -0.588 1.188 
5.500 800.000 -2.219 -1.968 -1.628 -1.451 -1.233 -0.944 -0.757 -0.530 -0.404 -0.293 -0.270 -0.283 -0.313 -0.369 -0.464 -0.610 -0.699 -0.778 -0.794 -0.794 -0.786 -0.774 -0.751 -0.750 1.044 
5.500 1000.000 -2.370 -2.118 -1.780 -1.605 -1.391 -1.111 -0.934 -0.725 -0.616 -0.536 -0.533 -0.574 -0.623 -0.700 -0.815 -0.973 -1.058 -1.118 -1.123 -1.110 -1.096 -1.078 -1.049 -1.048 0.785 
5.500 1200.000 -2.502 -2.247 -1.907 -1.733 -1.522 -1.251 -1.083 -0.894 -0.805 -0.759 -0.778 -0.848 -0.913 -1.008 -1.140 -1.302 -1.380 -1.424 -1.421 -1.400 -1.382 -1.363 -1.333 -1.332 0.552 
5.500 1500.000 -2.701 -2.436 -2.088 -1.914 -1.706 -1.448 -1.295 -1.139 -1.080 -1.086 -1.137 -1.245 -1.332 -1.448 -1.594 -1.756 -1.822 -1.848 -1.838 -1.812 -1.794 -1.775 -1.749 -1.748 0.207 
6.000 0.000 0.337 0.614 0.990 1.187 1.431 1.758 1.973 2.243 2.407 2.597 2.685 2.786 2.848 2.921 3.014 3.136 3.208 3.272 3.283 3.268 3.241 3.192 2.997 2.974 4.546 
6.000 1.000 0.277 0.554 0.930 1.127 1.370 1.697 1.912 2.183 2.347 2.537 2.624 2.726 2.787 2.861 2.954 3.076 3.148 3.212 3.222 3.206 3.178 3.129 2.931 2.908 4.512 
6.000 5.000 0.098 0.374 0.749 0.945 1.189 1.515 1.730 2.000 2.164 2.355 2.443 2.546 2.607 2.682 2.777 2.902 2.976 3.044 3.055 3.040 3.012 2.961 2.759 2.735 4.334 
6.000 10.000 -0.091 0.184 0.558 0.754 0.996 1.322 1.536 1.805 1.969 2.159 2.246 2.348 2.409 2.482 2.575 2.696 2.768 2.831 2.841 2.825 2.797 2.747 2.551 2.528 4.081 
6.000 15.000 -0.237 0.037 0.410 0.605 0.847 1.171 1.385 1.653 1.816 2.005 2.091 2.191 2.250 2.321 2.411 2.526 2.592 2.648 2.656 2.637 2.610 2.561 2.373 2.352 3.876 
6.000 20.000 -0.353 -0.080 0.292 0.486 0.728 1.051 1.264 1.531 1.693 1.880 1.965 2.063 2.121 2.190 2.276 2.384 2.445 2.495 2.499 2.479 2.451 2.404 2.224 2.204 3.711 
6.000 25.000 -0.449 -0.176 0.194 0.388 0.629 0.951 1.163 1.429 1.590 1.776 1.860 1.955 2.012 2.078 2.159 2.260 2.315 2.357 2.359 2.336 2.309 2.262 2.091 2.072 3.562 
6.000 30.000 -0.530 -0.258 0.111 0.305 0.544 0.866 1.077 1.342 1.503 1.687 1.770 1.864 1.918 1.982 2.060 2.155 2.205 2.241 2.240 2.217 2.189 2.144 1.979 1.961 3.440 
6.000 40.000 -0.658 -0.387 -0.020 0.172 0.411 0.730 0.940 1.204 1.363 1.545 1.626 1.717 1.770 1.831 1.903 1.989 2.031 2.058 2.053 2.027 1.999 1.955 1.799 1.782 3.256 
6.000 50.000 -0.757 -0.488 -0.123 0.068 0.305 0.623 0.832 1.094 1.252 1.432 1.512 1.601 1.652 1.710 1.778 1.856 1.893 1.911 1.904 1.875 1.847 1.804 1.656 1.639 3.116 
6.000 60.000 -0.817 -0.549 -0.186 0.005 0.241 0.557 0.765 1.026 1.183 1.362 1.441 1.528 1.578 1.634 1.700 1.772 1.805 1.818 1.808 1.777 1.748 1.704 1.557 1.542 3.042 
6.000 70.000 -0.852 -0.586 -0.224 -0.035 0.200 0.515 0.722 0.981 1.137 1.314 1.392 1.477 1.525 1.579 1.639 1.704 1.731 1.735 1.722 1.688 1.659 1.615 1.473 1.458 2.978 
6.000 80.000 -0.876 -0.612 -0.252 -0.064 0.170 0.483 0.689 0.947 1.103 1.278 1.355 1.439 1.485 1.537 1.594 1.654 1.676 1.674 1.658 1.622 1.591 1.548 1.408 1.393 2.928 
6.000 90.000 -0.898 -0.634 -0.276 -0.089 0.144 0.456 0.661 0.918 1.072 1.246 1.322 1.404 1.450 1.499 1.554 1.608 1.625 1.618 1.599 1.561 1.529 1.486 1.348 1.334 2.891 
6.000 100.000 -0.916 -0.654 -0.297 -0.111 0.121 0.431 0.636 0.891 1.045 1.218 1.293 1.373 1.418 1.465 1.517 1.565 1.578 1.566 1.545 1.504 1.472 1.428 1.293 1.279 2.857 
6.000 110.000 -0.933 -0.672 -0.318 -0.132 0.099 0.408 0.611 0.866 1.018 1.190 1.264 1.343 1.386 1.432 1.480 1.524 1.533 1.515 1.491 1.449 1.417 1.373 1.240 1.227 2.826 
6.000 120.000 -0.948 -0.689 -0.335 -0.150 0.079 0.387 0.589 0.843 0.995 1.165 1.238 1.316 1.357 1.401 1.447 1.485 1.490 1.467 1.441 1.397 1.365 1.321 1.192 1.179 2.799 
6.000 130.000 -0.966 -0.707 -0.356 -0.171 0.057 0.364 0.565 0.817 0.969 1.138 1.210 1.286 1.327 1.369 1.411 1.444 1.446 1.418 1.391 1.346 1.313 1.270 1.143 1.131 2.770 
6.000 140.000 -0.984 -0.727 -0.377 -0.193 0.035 0.340 0.541 0.792 0.942 1.110 1.182 1.256 1.296 1.336 1.376 1.404 1.402 1.370 1.341 1.294 1.261 1.219 1.095 1.083 2.740 
6.000 150.000 -1.001 -0.745 -0.396 -0.213 0.013 0.317 0.517 0.767 0.917 1.083 1.154 1.227 1.265 1.304 1.340 1.363 1.357 1.321 1.290 1.243 1.210 1.168 1.048 1.037 2.711 
6.000 175.000 -1.044 -0.790 -0.445 -0.264 -0.040 0.262 0.460 0.707 0.855 1.018 1.087 1.156 1.191 1.225 1.255 1.266 1.252 1.207 1.173 1.124 1.091 1.051 0.941 0.930 2.641 
6.000 200.000 -1.083 -0.832 -0.489 -0.310 -0.088 0.211 0.407 0.652 0.798 0.959 1.025 1.091 1.123 1.153 1.176 1.177 1.155 1.101 1.064 1.015 0.983 0.944 0.843 0.833 2.575 
6.000 250.000 -1.151 -0.904 -0.567 -0.391 -0.172 0.121 0.314 0.554 0.696 0.850 0.912 0.970 0.996 1.017 1.027 1.006 0.971 0.903 0.863 0.814 0.786 0.753 0.671 0.664 2.446 
6.000 300.000 -1.209 -0.966 -0.634 -0.461 -0.245 0.044 0.233 0.469 0.608 0.756 0.813 0.864 0.884 0.897 0.894 0.856 0.808 0.731 0.690 0.643 0.618 0.591 0.526 0.521 2.336 
6.000 350.000 -1.258 -1.019 -0.692 -0.520 -0.308 -0.023 0.163 0.394 0.530 0.671 0.724 0.768 0.782 0.787 0.772 0.716 0.659 0.575 0.534 0.491 0.470 0.448 0.401 0.396 2.238 
6.000 400.000 -1.303 -1.066 -0.743 -0.574 -0.364 -0.083 0.100 0.327 0.459 0.594 0.642 0.678 0.687 0.684 0.658 0.587 0.522 0.433 0.393 0.355 0.338 0.322 0.288 0.285 2.150 
6.000 450.000 -1.351 -1.117 -0.797 -0.630 -0.422 -0.145 0.036 0.258 0.387 0.516 0.559 0.588 0.591 0.579 0.543 0.458 0.386 0.295 0.257 0.224 0.211 0.200 0.178 0.176 2.055 
6.000 500.000 -1.396 -1.164 -0.847 -0.681 -0.476 -0.202 -0.024 0.195 0.319 0.442 0.480 0.501 0.499 0.480 0.433 0.336 0.260 0.168 0.133 0.105 0.096 0.089 0.079 0.077 1.968 
6.000 600.000 -1.471 -1.242 -0.930 -0.767 -0.566 -0.299 -0.126 0.082 0.197 0.303 0.329 0.332 0.316 0.280 0.212 0.093 0.011 -0.073 -0.097 -0.109 -0.108 -0.103 -0.093 -0.093 1.812 
6.000 700.000 -1.545 -1.318 -1.010 -0.849 -0.651 -0.390 -0.222 -0.022 0.085 0.177 0.194 0.181 0.155 0.106 0.023 -0.109 -0.193 -0.271 -0.290 -0.293 -0.287 -0.277 -0.257 -0.257 1.668 
6.000 800.000 -1.611 -1.385 -1.079 -0.921 -0.726 -0.470 -0.307 -0.117 -0.018 0.057 0.063 0.035 -0.002 -0.063 -0.160 -0.302 -0.386 -0.454 -0.465 -0.459 -0.448 -0.433 -0.407 -0.406 1.538 
6.000 1000.000 -1.751 -1.525 -1.222 -1.066 -0.875 -0.629 -0.476 -0.304 -0.222 -0.178 -0.192 -0.247 -0.301 -0.382 -0.496 -0.646 -0.722 -0.772 -0.772 -0.754 -0.738 -0.719 -0.689 -0.688 1.303 
6.000 1200.000 -1.875 -1.646 -1.343 -1.188 -1.001 -0.765 -0.622 -0.470 -0.407 -0.395 -0.429 -0.511 -0.580 -0.675 -0.802 -0.953 -1.021 -1.054 -1.047 -1.023 -1.005 -0.985 -0.955 -0.954 1.085 
6.000 1500.000 -2.058 -1.822 -1.513 -1.359 -1.177 -0.955 -0.828 -0.708 -0.675 -0.712 -0.775 -0.892 -0.980 -1.093 -1.230 -1.376 -1.433 -1.449 -1.436 -1.409 -1.392 -1.373 -1.348 -1.348 0.769 
6.500 0.000 0.700 0.948 1.284 1.459 1.676 1.963 2.149 2.378 2.515 2.675 2.752 2.844 2.902 2.972 3.061 3.177 3.245 3.303 3.312 3.296 3.270 3.223 3.038 3.017 4.641 
6.500 1.000 0.646 0.893 1.229 1.404 1.621 1.908 2.094 2.323 2.460 2.620 2.696 2.789 2.846 2.916 3.006 3.122 3.188 3.246 3.255 3.238 3.211 3.164 2.978 2.956 4.612 
6.500 5.000 0.503 0.749 1.084 1.259 1.475 1.762 1.948 2.177 2.314 2.474 2.551 2.644 2.702 2.773 2.864 2.982 3.051 3.111 3.120 3.103 3.076 3.027 2.837 2.815 4.504 
6.500 10.000 0.350 0.596 0.930 1.105 1.320 1.606 1.791 2.020 2.157 2.316 2.393 2.485 2.543 2.613 2.702 2.817 2.884 2.941 2.949 2.932 2.905 2.857 2.671 2.650 4.330 
6.500 15.000 0.226 0.471 0.804 0.978 1.193 1.478 1.662 1.890 2.026 2.185 2.261 2.352 2.409 2.477 2.564 2.675 2.738 2.791 2.797 2.779 2.752 2.705 2.524 2.504 4.168 
6.500 20.000 0.121 0.365 0.697 0.871 1.085 1.369 1.553 1.780 1.916 2.074 2.148 2.238 2.293 2.360 2.444 2.550 2.609 2.656 2.661 2.641 2.614 2.568 2.394 2.374 4.027 
6.500 25.000 0.032 0.275 0.606 0.779 0.993 1.276 1.459 1.686 1.820 1.977 2.050 2.138 2.192 2.257 2.337 2.437 2.491 2.532 2.533 2.512 2.485 2.440 2.273 2.254 3.894 
6.500 30.000 -0.044 0.199 0.529 0.701 0.914 1.196 1.379 1.605 1.739 1.894 1.967 2.053 2.106 2.168 2.245 2.340 2.389 2.425 2.425 2.402 2.375 2.331 2.170 2.152 3.781 
6.500 40.000 -0.165 0.076 0.404 0.576 0.787 1.068 1.250 1.474 1.607 1.760 1.832 1.915 1.966 2.025 2.097 2.182 2.225 2.252 2.248 2.223 2.196 2.153 2.001 1.984 3.606 
6.500 50.000 -0.259 -0.019 0.307 0.477 0.688 0.967 1.148 1.371 1.503 1.654 1.724 1.806 1.855 1.911 1.979 2.057 2.094 2.113 2.106 2.080 2.053 2.011 1.866 1.850 3.471 
6.500 60.000 -0.315 -0.076 0.248 0.418 0.627 0.905 1.085 1.307 1.438 1.589 1.658 1.738 1.786 1.841 1.905 1.978 2.011 2.025 2.016 1.986 1.958 1.916 1.773 1.758 3.400 
6.500 70.000 -0.349 -0.111 0.212 0.380 0.589 0.865 1.044 1.265 1.395 1.544 1.612 1.690 1.736 1.788 1.848 1.913 1.940 1.947 1.934 1.902 1.874 1.832 1.693 1.679 3.339 
6.500 80.000 -0.372 -0.136 0.185 0.353 0.560 0.835 1.014 1.233 1.363 1.510 1.577 1.654 1.698 1.749 1.806 1.866 1.888 1.888 1.873 1.839 1.810 1.767 1.631 1.617 3.292 
6.500 90.000 -0.392 -0.157 0.162 0.330 0.536 0.810 0.988 1.206 1.335 1.481 1.547 1.622 1.666 1.714 1.768 1.822 1.841 1.835 1.818 1.781 1.751 1.709 1.574 1.560 3.257 
6.500 100.000 -0.410 -0.176 0.142 0.309 0.514 0.787 0.964 1.181 1.309 1.454 1.520 1.593 1.635 1.682 1.733 1.782 1.796 1.785 1.765 1.727 1.696 1.654 1.522 1.508 3.224 
6.500 110.000 -0.426 -0.193 0.123 0.289 0.494 0.765 0.941 1.157 1.285 1.429 1.493 1.565 1.606 1.651 1.699 1.742 1.752 1.736 1.714 1.673 1.642 1.600 1.471 1.459 3.197 
6.500 120.000 -0.441 -0.209 0.106 0.271 0.475 0.745 0.920 1.135 1.262 1.405 1.469 1.539 1.578 1.621 1.666 1.704 1.710 1.689 1.665 1.623 1.592 1.550 1.424 1.412 3.170 
6.500 130.000 -0.459 -0.228 0.085 0.250 0.452 0.722 0.896 1.111 1.237 1.379 1.441 1.510 1.548 1.589 1.631 1.665 1.667 1.642 1.615 1.573 1.541 1.499 1.377 1.365 3.142 
6.500 140.000 -0.477 -0.247 0.065 0.229 0.431 0.699 0.873 1.086 1.212 1.352 1.414 1.482 1.518 1.558 1.597 1.625 1.624 1.594 1.566 1.522 1.491 1.450 1.331 1.319 3.113 
6.500 150.000 -0.493 -0.264 0.047 0.209 0.411 0.678 0.851 1.063 1.188 1.327 1.388 1.454 1.489 1.527 1.563 1.586 1.581 1.546 1.517 1.472 1.441 1.401 1.286 1.275 3.088 
6.500 175.000 -0.535 -0.309 -0.001 0.161 0.360 0.624 0.796 1.006 1.129 1.265 1.324 1.386 1.418 1.451 1.480 1.491 1.478 1.434 1.402 1.356 1.325 1.287 1.182 1.172 3.021 
6.500 200.000 -0.574 -0.350 -0.045 0.115 0.312 0.575 0.744 0.952 1.074 1.208 1.264 1.323 1.352 1.380 1.403 1.403 1.382 1.330 1.296 1.249 1.219 1.183 1.087 1.078 2.959 
6.500 250.000 -0.641 -0.421 -0.122 0.035 0.229 0.487 0.654 0.858 0.976 1.104 1.156 1.207 1.230 1.250 1.259 1.239 1.204 1.140 1.102 1.057 1.030 0.999 0.923 0.916 2.838 
6.500 300.000 -0.699 -0.482 -0.187 -0.032 0.159 0.413 0.577 0.776 0.892 1.013 1.061 1.105 1.122 1.134 1.130 1.092 1.047 0.973 0.935 0.892 0.869 0.844 0.785 0.780 2.734 
6.500 350.000 -0.747 -0.534 -0.242 -0.090 0.099 0.349 0.510 0.706 0.818 0.933 0.976 1.012 1.024 1.027 1.012 0.957 0.902 0.822 0.784 0.746 0.727 0.708 0.666 0.662 2.642 
6.500 400.000 -0.790 -0.579 -0.292 -0.141 0.045 0.291 0.450 0.642 0.751 0.860 0.898 0.927 0.933 0.928 0.901 0.831 0.769 0.685 0.649 0.615 0.601 0.587 0.559 0.557 2.558 
6.500 450.000 -0.837 -0.628 -0.343 -0.194 -0.010 0.233 0.389 0.577 0.682 0.786 0.819 0.840 0.840 0.828 0.791 0.708 0.639 0.554 0.520 0.493 0.482 0.474 0.458 0.456 2.474 
6.500 500.000 -0.879 -0.672 -0.390 -0.243 -0.061 0.179 0.333 0.517 0.619 0.716 0.745 0.758 0.753 0.732 0.685 0.591 0.518 0.433 0.403 0.381 0.374 0.371 0.365 0.364 2.395 
6.500 600.000 -0.949 -0.745 -0.467 -0.323 -0.145 0.089 0.238 0.412 0.506 0.586 0.604 0.599 0.581 0.544 0.478 0.364 0.287 0.210 0.190 0.182 0.185 0.192 0.205 0.205 2.253 
6.500 700.000 -1.019 -0.816 -0.542 -0.400 -0.225 0.003 0.147 0.313 0.399 0.465 0.472 0.452 0.423 0.374 0.293 0.166 0.088 0.020 0.007 0.009 0.017 0.029 0.051 0.052 2.119 
6.500 800.000 -1.077 -0.876 -0.605 -0.464 -0.292 -0.070 0.069 0.226 0.302 0.352 0.348 0.311 0.272 0.211 0.117 -0.018 -0.093 -0.150 -0.156 -0.145 -0.132 -0.115 -0.087 -0.086 2.001 
6.500 1000.000 -1.206 -1.006 -0.737 -0.599 -0.432 -0.220 -0.091 0.048 0.107 0.126 0.103 0.040 -0.015 -0.094 -0.203 -0.341 -0.407 -0.444 -0.440 -0.418 -0.401 -0.381 -0.350 -0.349 1.786 
6.500 1200.000 -1.322 -1.119 -0.851 -0.715 -0.553 -0.350 -0.232 -0.113 -0.072 -0.085 -0.127 -0.214 -0.283 -0.376 -0.494 -0.629 -0.687 -0.708 -0.697 -0.670 -0.652 -0.631 -0.603 -0.602 1.582 
6.500 1500.000 -1.488 -1.280 -1.010 -0.876 -0.720 -0.533 -0.431 -0.345 -0.332 -0.393 -0.462 -0.581 -0.666 -0.772 -0.897 -1.024 -1.069 -1.076 -1.060 -1.032 -1.015 -0.997 -0.974 -0.973 1.288 
7.000 0.000 1.029 1.246 1.540 1.694 1.882 2.129 2.287 2.480 2.595 2.734 2.804 2.892 2.947 3.016 3.103 3.215 3.280 3.335 3.343 3.327 3.302 3.257 3.081 3.060 4.766 
7.000 1.000 0.980 1.196 1.490 1.643 1.831 2.078 2.236 2.429 2.545 2.684 2.753 2.841 2.897 2.965 3.052 3.164 3.229 3.284 3.291 3.275 3.250 3.204 3.027 3.007 4.741 
7.000 5.000 0.859 1.075 1.368 1.521 1.708 1.955 2.113 2.306 2.422 2.561 2.631 2.720 2.776 2.845 2.934 3.048 3.114 3.172 3.180 3.164 3.138 3.091 2.909 2.888 4.669 
7.000 10.000 0.731 0.946 1.239 1.391 1.578 1.824 1.982 2.175 2.290 2.430 2.500 2.588 2.644 2.713 2.802 2.916 2.981 3.038 3.046 3.029 3.003 2.957 2.776 2.755 4.548 
7.000 15.000 0.625 0.839 1.131 1.283 1.469 1.715 1.872 2.064 2.180 2.319 2.388 2.476 2.531 2.600 2.686 2.797 2.861 2.914 2.921 2.904 2.877 2.832 2.654 2.633 4.424 
7.000 20.000 0.531 0.745 1.036 1.187 1.373 1.618 1.775 1.966 2.081 2.219 2.288 2.375 2.429 2.496 2.581 2.688 2.748 2.798 2.803 2.785 2.758 2.713 2.540 2.520 4.307 
7.000 25.000 0.450 0.663 0.953 1.104 1.289 1.534 1.690 1.881 1.995 2.132 2.200 2.286 2.339 2.404 2.486 2.588 2.644 2.689 2.692 2.672 2.646 2.602 2.434 2.415 4.198 
7.000 30.000 0.382 0.595 0.883 1.034 1.219 1.462 1.618 1.809 1.922 2.059 2.126 2.210 2.262 2.325 2.404 2.502 2.554 2.594 2.596 2.574 2.548 2.504 2.342 2.324 4.103 
7.000 40.000 0.269 0.481 0.768 0.918 1.102 1.344 1.499 1.689 1.801 1.936 2.002 2.083 2.134 2.194 2.269 2.358 2.405 2.436 2.435 2.411 2.385 2.342 2.188 2.171 3.944 
7.000 50.000 0.182 0.393 0.679 0.828 1.011 1.252 1.406 1.594 1.706 1.839 1.904 1.983 2.032 2.090 2.161 2.243 2.284 2.309 2.305 2.279 2.253 2.211 2.063 2.047 3.821 
7.000 60.000 0.131 0.340 0.624 0.772 0.954 1.194 1.348 1.535 1.647 1.779 1.843 1.921 1.968 2.025 2.092 2.169 2.206 2.225 2.218 2.191 2.163 2.121 1.976 1.961 3.754 
7.000 70.000 0.098 0.307 0.589 0.737 0.918 1.157 1.310 1.496 1.607 1.737 1.800 1.876 1.922 1.975 2.038 2.109 2.140 2.151 2.141 2.111 2.083 2.041 1.901 1.886 3.696 
7.000 80.000 0.076 0.283 0.565 0.711 0.892 1.129 1.281 1.467 1.577 1.706 1.769 1.843 1.888 1.939 1.999 2.064 2.091 2.096 2.084 2.051 2.023 1.981 1.842 1.828 3.653 
7.000 90.000 0.057 0.263 0.543 0.689 0.868 1.105 1.257 1.441 1.551 1.679 1.740 1.813 1.857 1.906 1.963 2.023 2.045 2.045 2.030 1.996 1.966 1.924 1.788 1.774 3.619 
7.000 100.000 0.039 0.245 0.523 0.669 0.847 1.083 1.234 1.418 1.527 1.654 1.714 1.786 1.828 1.876 1.930 1.984 2.003 1.997 1.980 1.944 1.914 1.872 1.738 1.725 3.588 
7.000 110.000 0.023 0.227 0.504 0.649 0.827 1.062 1.212 1.395 1.504 1.630 1.689 1.759 1.800 1.846 1.897 1.945 1.959 1.949 1.929 1.891 1.861 1.819 1.690 1.676 3.561 
7.000 120.000 0.006 0.210 0.486 0.630 0.807 1.041 1.191 1.373 1.481 1.606 1.664 1.732 1.772 1.816 1.864 1.908 1.918 1.903 1.881 1.842 1.811 1.770 1.643 1.631 3.535 
7.000 130.000 -0.012 0.191 0.466 0.609 0.786 1.019 1.168 1.349 1.456 1.580 1.638 1.705 1.743 1.786 1.831 1.869 1.876 1.856 1.833 1.792 1.762 1.721 1.598 1.585 3.507 
7.000 140.000 -0.029 0.172 0.446 0.589 0.765 0.997 1.145 1.326 1.433 1.555 1.612 1.678 1.715 1.755 1.797 1.831 1.834 1.810 1.785 1.744 1.713 1.673 1.553 1.541 3.480 
7.000 150.000 -0.046 0.155 0.428 0.570 0.745 0.976 1.124 1.304 1.410 1.532 1.588 1.651 1.687 1.725 1.764 1.793 1.792 1.764 1.737 1.695 1.664 1.625 1.510 1.499 3.456 
7.000 175.000 -0.088 0.110 0.380 0.521 0.695 0.924 1.070 1.248 1.353 1.472 1.526 1.585 1.618 1.652 1.684 1.701 1.692 1.655 1.625 1.581 1.552 1.514 1.409 1.399 3.392 
7.000 200.000 -0.127 0.069 0.337 0.477 0.649 0.876 1.021 1.197 1.301 1.417 1.469 1.525 1.555 1.585 1.610 1.616 1.600 1.554 1.522 1.478 1.449 1.414 1.318 1.309 3.332 
7.000 250.000 -0.195 -0.002 0.261 0.399 0.568 0.791 0.934 1.107 1.207 1.318 1.365 1.414 1.438 1.460 1.472 1.458 1.429 1.371 1.336 1.294 1.268 1.238 1.163 1.156 3.218 
7.000 300.000 -0.250 -0.060 0.200 0.335 0.502 0.722 0.862 1.032 1.129 1.234 1.277 1.319 1.337 1.350 1.350 1.318 1.278 1.211 1.176 1.136 1.114 1.091 1.034 1.029 3.123 
7.000 350.000 -0.298 -0.111 0.145 0.279 0.444 0.660 0.798 0.964 1.059 1.158 1.197 1.231 1.243 1.247 1.236 1.187 1.138 1.065 1.030 0.995 0.978 0.960 0.920 0.916 3.037 
7.000 400.000 -0.342 -0.156 0.097 0.229 0.391 0.605 0.741 0.904 0.995 1.088 1.122 1.149 1.155 1.152 1.129 1.066 1.010 0.933 0.901 0.871 0.858 0.846 0.820 0.818 2.960 
7.000 450.000 -0.386 -0.202 0.048 0.179 0.340 0.551 0.685 0.844 0.932 1.019 1.048 1.067 1.068 1.057 1.024 0.948 0.886 0.809 0.779 0.754 0.746 0.739 0.726 0.724 2.882 
7.000 500.000 -0.426 -0.244 0.005 0.134 0.293 0.501 0.633 0.788 0.873 0.954 0.978 0.990 0.985 0.967 0.924 0.837 0.771 0.695 0.668 0.650 0.645 0.644 0.640 0.640 2.810 
7.000 600.000 -0.493 -0.313 -0.069 0.058 0.214 0.417 0.544 0.690 0.767 0.832 0.846 0.839 0.822 0.788 0.726 0.621 0.551 0.483 0.466 0.462 0.466 0.474 0.489 0.489 2.680 
7.000 700.000 -0.557 -0.379 -0.138 -0.013 0.140 0.337 0.460 0.599 0.668 0.718 0.721 0.700 0.672 0.625 0.549 0.432 0.362 0.303 0.293 0.299 0.308 0.322 0.345 0.346 2.557 
7.000 800.000 -0.612 -0.435 -0.196 -0.073 0.077 0.269 0.387 0.516 0.576 0.610 0.602 0.565 0.527 0.468 0.380 0.256 0.189 0.142 0.140 0.154 0.169 0.186 0.214 0.215 2.447 
7.000 1000.000 -0.731 -0.555 -0.319 -0.198 -0.053 0.129 0.236 0.347 0.391 0.394 0.366 0.303 0.249 0.174 0.073 -0.051 -0.108 -0.134 -0.126 -0.102 -0.084 -0.063 -0.033 -0.032 2.251 
7.000 1200.000 -0.837 -0.659 -0.425 -0.307 -0.167 0.005 0.102 0.193 0.218 0.189 0.143 0.056 -0.010 -0.096 -0.204 -0.323 -0.370 -0.382 -0.368 -0.339 -0.321 -0.301 -0.274 -0.273 2.061 
7.000 1500.000 -0.986 -0.806 -0.572 -0.458 -0.325 -0.171 -0.091 -0.033 -0.037 -0.111 -0.183 -0.298 -0.378 -0.475 -0.587 -0.696 -0.730 -0.728 -0.711 -0.683 -0.666 -0.650 -0.628 -0.628 1.789 
7.500 0.000 1.318 1.505 1.757 1.889 2.049 2.259 2.393 2.556 2.655 2.780 2.846 2.931 2.986 3.053 3.138 3.247 3.308 3.361 3.368 3.352 3.327 3.284 3.113 3.094 4.895 
7.500 1.000 1.274 1.461 1.714 1.845 2.005 2.215 2.348 2.512 2.611 2.736 2.802 2.887 2.942 3.009 3.094 3.202 3.264 3.316 3.323 3.307 3.282 3.238 3.067 3.048 4.875 
7.500 5.000 1.172 1.358 1.610 1.741 1.902 2.111 2.244 2.407 2.507 2.633 2.699 2.785 2.840 2.908 2.994 3.106 3.169 3.223 3.231 3.214 3.189 3.144 2.969 2.948 4.825 
7.500 10.000 1.062 1.247 1.499 1.629 1.789 1.999 2.132 2.295 2.395 2.521 2.588 2.674 2.729 2.798 2.885 2.998 3.062 3.118 3.126 3.110 3.084 3.038 2.861 2.840 4.741 
7.500 15.000 0.966 1.151 1.402 1.532 1.692 1.901 2.034 2.197 2.297 2.423 2.489 2.575 2.630 2.698 2.785 2.896 2.960 3.015 3.022 3.005 2.979 2.934 2.757 2.737 4.647 
7.500 20.000 0.884 1.068 1.319 1.448 1.608 1.816 1.949 2.111 2.211 2.336 2.402 2.487 2.542 2.609 2.694 2.803 2.865 2.916 2.923 2.905 2.879 2.834 2.660 2.640 4.557 
7.500 25.000 0.813 0.997 1.246 1.376 1.535 1.743 1.875 2.037 2.136 2.261 2.327 2.411 2.465 2.531 2.614 2.720 2.778 2.826 2.831 2.812 2.786 2.741 2.571 2.552 4.472 
7.500 30.000 0.751 0.935 1.183 1.313 1.471 1.678 1.810 1.972 2.071 2.195 2.260 2.343 2.396 2.461 2.542 2.644 2.700 2.744 2.747 2.727 2.701 2.657 2.490 2.472 4.392 
7.500 40.000 0.649 0.831 1.079 1.208 1.365 1.571 1.703 1.864 1.962 2.085 2.149 2.230 2.281 2.343 2.420 2.515 2.566 2.603 2.603 2.582 2.556 2.513 2.354 2.336 4.258 
7.500 50.000 0.570 0.752 0.998 1.126 1.283 1.489 1.619 1.780 1.877 1.999 2.061 2.141 2.190 2.250 2.324 2.412 2.458 2.489 2.486 2.463 2.437 2.394 2.242 2.225 4.156 
7.500 60.000 0.522 0.703 0.948 1.075 1.232 1.436 1.566 1.726 1.823 1.943 2.005 2.083 2.132 2.190 2.260 2.343 2.385 2.410 2.405 2.379 2.352 2.310 2.161 2.145 4.093 
7.500 70.000 0.493 0.673 0.917 1.043 1.199 1.402 1.532 1.691 1.787 1.906 1.967 2.043 2.090 2.146 2.212 2.288 2.324 2.342 2.334 2.306 2.279 2.237 2.092 2.076 4.041 
7.500 80.000 0.471 0.650 0.893 1.019 1.174 1.377 1.506 1.664 1.760 1.878 1.938 2.012 2.058 2.112 2.176 2.247 2.278 2.290 2.280 2.250 2.221 2.179 2.037 2.022 4.001 
7.500 90.000 0.453 0.631 0.872 0.998 1.152 1.354 1.483 1.641 1.736 1.853 1.912 1.985 2.030 2.082 2.142 2.208 2.235 2.242 2.229 2.197 2.168 2.126 1.986 1.971 3.970 
7.500 100.000 0.436 0.613 0.854 0.979 1.133 1.334 1.462 1.619 1.714 1.830 1.888 1.960 2.003 2.053 2.111 2.172 2.195 2.197 2.182 2.147 2.118 2.076 1.939 1.925 3.942 
7.500 110.000 0.418 0.594 0.834 0.958 1.112 1.312 1.440 1.596 1.690 1.806 1.863 1.933 1.975 2.023 2.078 2.133 2.153 2.149 2.132 2.097 2.067 2.025 1.891 1.877 3.916 
7.500 120.000 0.401 0.577 0.815 0.940 1.092 1.292 1.419 1.575 1.669 1.783 1.839 1.908 1.949 1.995 2.047 2.097 2.113 2.105 2.086 2.048 2.018 1.976 1.846 1.833 3.893 
7.500 130.000 0.383 0.558 0.796 0.919 1.071 1.270 1.397 1.552 1.646 1.759 1.814 1.881 1.921 1.966 2.015 2.061 2.073 2.060 2.039 2.001 1.970 1.929 1.803 1.790 3.867 
7.500 140.000 0.365 0.539 0.776 0.899 1.051 1.249 1.376 1.530 1.623 1.735 1.790 1.855 1.894 1.937 1.983 2.024 2.032 2.015 1.992 1.953 1.923 1.882 1.760 1.747 3.842 
7.500 150.000 0.348 0.521 0.757 0.880 1.031 1.229 1.355 1.508 1.601 1.712 1.766 1.829 1.867 1.907 1.950 1.986 1.991 1.969 1.945 1.905 1.875 1.835 1.718 1.706 3.819 
7.500 175.000 0.305 0.477 0.711 0.832 0.982 1.178 1.303 1.455 1.546 1.655 1.706 1.767 1.801 1.837 1.873 1.898 1.894 1.863 1.837 1.795 1.766 1.728 1.620 1.610 3.759 
7.500 200.000 0.266 0.436 0.668 0.789 0.937 1.132 1.256 1.407 1.496 1.602 1.652 1.709 1.740 1.772 1.802 1.816 1.805 1.767 1.737 1.695 1.667 1.631 1.533 1.524 3.703 
7.500 250.000 0.199 0.367 0.595 0.714 0.861 1.052 1.174 1.322 1.410 1.510 1.556 1.605 1.630 1.654 1.671 1.665 1.641 1.590 1.558 1.518 1.493 1.464 1.387 1.380 3.596 
7.500 300.000 0.145 0.311 0.536 0.654 0.798 0.987 1.107 1.252 1.337 1.432 1.473 1.515 1.535 1.550 1.554 1.530 1.495 1.435 1.403 1.365 1.345 1.321 1.264 1.259 3.507 
7.500 350.000 0.096 0.260 0.483 0.599 0.741 0.928 1.046 1.188 1.270 1.360 1.396 1.431 1.445 1.452 1.445 1.405 1.361 1.295 1.263 1.231 1.214 1.197 1.157 1.154 3.426 
7.500 400.000 0.053 0.215 0.435 0.550 0.691 0.875 0.992 1.131 1.210 1.294 1.326 1.353 1.361 1.360 1.342 1.288 1.237 1.168 1.138 1.111 1.099 1.088 1.063 1.060 3.353 
7.500 450.000 0.011 0.172 0.390 0.504 0.643 0.825 0.940 1.076 1.152 1.230 1.257 1.277 1.279 1.271 1.243 1.176 1.120 1.050 1.023 1.002 0.994 0.988 0.976 0.974 3.280 
7.500 500.000 -0.027 0.133 0.349 0.462 0.600 0.780 0.893 1.025 1.098 1.169 1.192 1.204 1.201 1.185 1.148 1.070 1.010 0.941 0.918 0.902 0.899 0.898 0.896 0.895 3.212 
7.500 600.000 -0.090 0.067 0.281 0.392 0.527 0.701 0.810 0.934 0.999 1.055 1.066 1.060 1.045 1.014 0.957 0.861 0.797 0.737 0.723 0.722 0.727 0.736 0.752 0.753 3.091 
7.500 700.000 -0.150 0.006 0.217 0.326 0.459 0.629 0.733 0.850 0.907 0.948 0.949 0.928 0.902 0.859 0.788 0.681 0.618 0.567 0.560 0.569 0.579 0.593 0.617 0.618 2.978 
7.500 800.000 -0.201 -0.046 0.163 0.271 0.401 0.565 0.665 0.772 0.820 0.844 0.834 0.797 0.761 0.706 0.624 0.511 0.452 0.413 0.414 0.431 0.446 0.464 0.493 0.494 2.875 
7.500 1000.000 -0.310 -0.156 0.050 0.155 0.280 0.434 0.524 0.612 0.643 0.636 0.606 0.543 0.492 0.421 0.327 0.216 0.168 0.150 0.161 0.187 0.206 0.226 0.255 0.256 2.697 
7.500 1200.000 -0.407 -0.252 -0.048 0.053 0.173 0.316 0.395 0.463 0.475 0.437 0.389 0.305 0.242 0.161 0.062 -0.042 -0.080 -0.084 -0.068 -0.039 -0.021 -0.002 0.024 0.025 2.521 
7.500 1500.000 -0.541 -0.385 -0.186 -0.089 0.021 0.146 0.206 0.241 0.225 0.142 0.070 -0.040 -0.115 -0.204 -0.303 -0.396 -0.422 -0.414 -0.397 -0.370 -0.354 -0.339 -0.319 -0.318 2.270 
7.800 0.000 1.463 1.633 1.862 1.981 2.127 2.316 2.437 2.585 2.678 2.797 2.862 2.945 2.999 3.066 3.150 3.257 3.318 3.368 3.375 3.359 3.334 3.291 3.124 3.105 4.976 
7.800 1.000 1.423 1.593 1.822 1.941 2.087 2.276 2.397 2.545 2.638 2.757 2.821 2.905 2.959 3.026 3.110 3.217 3.277 3.328 3.334 3.318 3.293 3.250 3.081 3.062 4.958 
7.800 5.000 1.330 1.499 1.728 1.846 1.992 2.181 2.301 2.450 2.543 2.663 2.728 2.812 2.867 2.935 3.020 3.130 3.192 3.245 3.252 3.235 3.210 3.165 2.992 2.972 4.915 
7.800 10.000 1.230 1.399 1.627 1.746 1.891 2.080 2.200 2.349 2.442 2.563 2.628 2.714 2.769 2.837 2.924 3.036 3.100 3.155 3.163 3.146 3.120 3.075 2.898 2.877 4.849 
7.800 15.000 1.144 1.312 1.540 1.658 1.803 1.991 2.112 2.261 2.354 2.474 2.540 2.625 2.680 2.749 2.835 2.947 3.011 3.066 3.074 3.057 3.031 2.985 2.807 2.787 4.773 
7.800 20.000 1.068 1.236 1.463 1.581 1.726 1.914 2.034 2.183 2.276 2.396 2.461 2.546 2.601 2.669 2.755 2.865 2.927 2.980 2.987 2.969 2.943 2.897 2.721 2.701 4.698 
7.800 25.000 1.003 1.170 1.397 1.515 1.659 1.847 1.967 2.115 2.208 2.328 2.392 2.476 2.531 2.597 2.682 2.790 2.850 2.900 2.906 2.887 2.861 2.815 2.642 2.622 4.625 
7.800 30.000 0.946 1.113 1.339 1.457 1.600 1.788 1.908 2.056 2.148 2.268 2.332 2.415 2.469 2.534 2.617 2.722 2.780 2.827 2.831 2.812 2.785 2.740 2.570 2.551 4.557 
7.800 40.000 0.850 1.016 1.241 1.358 1.501 1.688 1.807 1.954 2.046 2.164 2.227 2.309 2.361 2.424 2.503 2.601 2.655 2.695 2.697 2.675 2.649 2.605 2.442 2.424 4.435 
7.800 50.000 0.776 0.942 1.166 1.282 1.424 1.610 1.729 1.876 1.967 2.084 2.146 2.226 2.277 2.338 2.414 2.507 2.555 2.590 2.589 2.566 2.539 2.496 2.338 2.321 4.342 
7.800 60.000 0.730 0.895 1.118 1.233 1.375 1.561 1.679 1.825 1.916 2.032 2.094 2.172 2.221 2.281 2.354 2.441 2.486 2.515 2.511 2.486 2.459 2.416 2.262 2.245 4.284 
7.800 70.000 0.702 0.866 1.088 1.203 1.345 1.529 1.647 1.793 1.883 1.998 2.058 2.135 2.183 2.240 2.309 2.390 2.429 2.451 2.445 2.417 2.389 2.346 2.196 2.180 4.235 
7.800 80.000 0.682 0.845 1.066 1.181 1.322 1.506 1.623 1.768 1.858 1.972 2.031 2.106 2.153 2.208 2.274 2.350 2.385 2.401 2.392 2.362 2.334 2.290 2.143 2.128 4.197 
7.800 90.000 0.664 0.826 1.046 1.161 1.301 1.484 1.601 1.746 1.835 1.948 2.007 2.080 2.126 2.179 2.242 2.313 2.344 2.355 2.343 2.311 2.282 2.239 2.094 2.079 4.167 
7.800 100.000 0.647 0.809 1.028 1.142 1.282 1.464 1.581 1.725 1.814 1.926 1.984 2.056 2.100 2.152 2.212 2.278 2.305 2.311 2.297 2.264 2.234 2.190 2.049 2.034 4.138 
7.800 110.000 0.629 0.790 1.008 1.122 1.261 1.443 1.560 1.703 1.791 1.902 1.959 2.030 2.073 2.123 2.181 2.241 2.264 2.265 2.249 2.214 2.183 2.140 2.002 1.987 4.113 
7.800 120.000 0.612 0.772 0.990 1.103 1.242 1.423 1.539 1.682 1.770 1.880 1.936 2.006 2.047 2.096 2.150 2.206 2.225 2.221 2.203 2.166 2.136 2.093 1.958 1.944 4.089 
7.800 130.000 0.594 0.754 0.970 1.083 1.222 1.403 1.518 1.660 1.748 1.857 1.912 1.980 2.021 2.067 2.119 2.170 2.186 2.177 2.158 2.119 2.089 2.046 1.915 1.902 4.064 
7.800 140.000 0.576 0.735 0.951 1.064 1.202 1.382 1.497 1.639 1.726 1.834 1.889 1.955 1.994 2.039 2.088 2.134 2.146 2.133 2.112 2.073 2.042 2.000 1.873 1.861 4.040 
7.800 150.000 0.559 0.718 0.933 1.045 1.182 1.362 1.477 1.618 1.705 1.812 1.865 1.930 1.968 2.011 2.057 2.097 2.106 2.088 2.066 2.026 1.996 1.955 1.832 1.820 4.018 
7.800 175.000 0.517 0.674 0.887 0.998 1.135 1.313 1.427 1.567 1.653 1.757 1.809 1.870 1.905 1.943 1.982 2.012 2.012 1.986 1.960 1.919 1.889 1.850 1.738 1.727 3.959 
7.800 200.000 0.478 0.633 0.845 0.956 1.091 1.269 1.382 1.520 1.605 1.707 1.756 1.814 1.846 1.881 1.913 1.933 1.926 1.891 1.863 1.821 1.792 1.755 1.653 1.644 3.903 
7.800 250.000 0.411 0.565 0.774 0.883 1.016 1.191 1.303 1.439 1.521 1.617 1.663 1.713 1.739 1.765 1.785 1.784 1.764 1.716 1.686 1.646 1.621 1.591 1.512 1.504 3.806 
7.800 300.000 0.357 0.508 0.715 0.823 0.955 1.127 1.237 1.371 1.450 1.541 1.582 1.625 1.645 1.663 1.670 1.651 1.620 1.563 1.532 1.495 1.475 1.451 1.392 1.386 3.719 
7.800 350.000 0.308 0.458 0.662 0.769 0.899 1.070 1.178 1.309 1.385 1.471 1.508 1.543 1.558 1.567 1.563 1.528 1.488 1.426 1.395 1.363 1.347 1.329 1.288 1.284 3.643 
7.800 400.000 0.264 0.413 0.616 0.721 0.851 1.019 1.126 1.254 1.327 1.407 1.439 1.468 1.477 1.478 1.464 1.414 1.367 1.302 1.273 1.247 1.235 1.223 1.197 1.195 3.573 
7.800 450.000 0.223 0.371 0.572 0.676 0.804 0.971 1.076 1.201 1.271 1.345 1.373 1.393 1.397 1.391 1.366 1.304 1.252 1.185 1.160 1.139 1.131 1.125 1.112 1.110 3.505 
7.800 500.000 0.185 0.332 0.532 0.635 0.762 0.927 1.030 1.152 1.219 1.287 1.309 1.322 1.321 1.307 1.273 1.200 1.143 1.077 1.055 1.040 1.036 1.035 1.033 1.032 3.442 
7.800 600.000 0.124 0.269 0.466 0.568 0.692 0.852 0.951 1.064 1.124 1.176 1.187 1.182 1.168 1.139 1.085 0.994 0.934 0.878 0.866 0.865 0.871 0.880 0.896 0.896 3.324 
7.800 700.000 0.065 0.209 0.404 0.504 0.626 0.781 0.876 0.982 1.034 1.071 1.072 1.051 1.027 0.985 0.918 0.816 0.757 0.710 0.705 0.715 0.726 0.740 0.764 0.765 3.217 
7.800 800.000 0.016 0.159 0.352 0.451 0.570 0.720 0.810 0.907 0.950 0.969 0.958 0.922 0.887 0.834 0.756 0.649 0.593 0.560 0.562 0.580 0.595 0.614 0.642 0.643 3.119 
7.800 1000.000 -0.088 0.055 0.244 0.340 0.454 0.594 0.674 0.751 0.776 0.764 0.733 0.671 0.621 0.553 0.463 0.359 0.315 0.302 0.314 0.341 0.359 0.379 0.408 0.409 2.952 
7.800 1200.000 -0.179 -0.037 0.149 0.242 0.350 0.478 0.547 0.604 0.610 0.568 0.519 0.436 0.375 0.298 0.204 0.108 0.074 0.074 0.091 0.119 0.137 0.156 0.181 0.181 2.783 
7.800 1500.000 -0.305 -0.164 0.017 0.104 0.202 0.311 0.362 0.385 0.364 0.278 0.207 0.100 0.028 -0.056 -0.149 -0.234 -0.257 -0.248 -0.230 -0.205 -0.190 -0.175 -0.157 -0.156 2.544 
8.000 0.000 1.549 1.707 1.922 2.033 2.169 2.346 2.459 2.600 2.688 2.805 2.868 2.952 3.006 3.072 3.156 3.262 3.322 3.372 3.378 3.362 3.337 3.294 3.126 3.106 5.032 
8.000 1.000 1.511 1.670 1.884 1.995 2.131 2.308 2.421 2.562 2.650 2.767 2.830 2.914 2.968 3.034 3.118 3.224 3.284 3.334 3.340 3.322 3.297 3.254 3.085 3.066 5.012 
8.000 5.000 1.423 1.581 1.796 1.907 2.042 2.219 2.332 2.473 2.562 2.679 2.743 2.827 2.882 2.949 3.034 3.143 3.204 3.256 3.262 3.245 3.220 3.175 3.001 2.981 4.972 
8.000 10.000 1.332 1.490 1.703 1.814 1.950 2.127 2.240 2.380 2.469 2.587 2.652 2.737 2.792 2.860 2.946 3.057 3.121 3.175 3.182 3.165 3.139 3.094 2.917 2.897 4.918 
8.000 15.000 1.250 1.408 1.621 1.732 1.867 2.044 2.157 2.297 2.386 2.505 2.569 2.654 2.709 2.778 2.864 2.976 3.040 3.095 3.102 3.085 3.059 3.013 2.835 2.814 4.853 
8.000 20.000 1.180 1.337 1.550 1.660 1.795 1.971 2.084 2.225 2.314 2.432 2.496 2.581 2.636 2.704 2.790 2.901 2.964 3.017 3.024 3.006 2.980 2.934 2.756 2.736 4.787 
8.000 25.000 1.118 1.275 1.487 1.597 1.732 1.908 2.021 2.161 2.250 2.368 2.432 2.516 2.570 2.637 2.722 2.831 2.892 2.943 2.949 2.930 2.904 2.858 2.683 2.663 4.722 
8.000 30.000 1.064 1.221 1.432 1.542 1.677 1.853 1.965 2.105 2.194 2.311 2.375 2.458 2.512 2.578 2.662 2.768 2.827 2.876 2.880 2.861 2.835 2.789 2.617 2.597 4.661 
8.000 40.000 0.972 1.128 1.338 1.448 1.582 1.757 1.869 2.008 2.097 2.213 2.275 2.357 2.409 2.473 2.553 2.653 2.708 2.750 2.752 2.732 2.705 2.661 2.495 2.477 4.546 
8.000 50.000 0.902 1.057 1.267 1.376 1.509 1.683 1.795 1.934 2.022 2.137 2.199 2.279 2.330 2.392 2.469 2.564 2.615 2.651 2.651 2.629 2.602 2.558 2.397 2.379 4.462 
8.000 60.000 0.857 1.011 1.220 1.329 1.462 1.636 1.747 1.885 1.973 2.087 2.148 2.227 2.277 2.337 2.412 2.501 2.548 2.579 2.577 2.552 2.524 2.480 2.323 2.305 4.406 
8.000 70.000 0.831 0.984 1.192 1.301 1.433 1.606 1.717 1.855 1.942 2.055 2.115 2.192 2.240 2.299 2.369 2.453 2.494 2.518 2.513 2.486 2.458 2.414 2.260 2.244 4.360 
8.000 80.000 0.811 0.964 1.171 1.279 1.411 1.584 1.694 1.831 1.918 2.030 2.089 2.164 2.212 2.268 2.336 2.414 2.451 2.470 2.462 2.432 2.403 2.359 2.209 2.193 4.323 
8.000 90.000 0.793 0.945 1.152 1.259 1.391 1.563 1.673 1.810 1.896 2.007 2.065 2.139 2.186 2.240 2.305 2.378 2.411 2.425 2.414 2.382 2.353 2.309 2.161 2.145 4.293 
8.000 100.000 0.777 0.928 1.134 1.241 1.372 1.544 1.654 1.790 1.875 1.985 2.043 2.116 2.161 2.214 2.276 2.344 2.373 2.382 2.369 2.336 2.306 2.261 2.116 2.101 4.264 
8.000 110.000 0.758 0.909 1.114 1.221 1.352 1.523 1.632 1.768 1.853 1.962 2.019 2.091 2.134 2.185 2.244 2.308 2.333 2.336 2.322 2.287 2.256 2.212 2.070 2.056 4.239 
8.000 120.000 0.741 0.892 1.096 1.202 1.333 1.503 1.612 1.748 1.833 1.941 1.997 2.067 2.109 2.158 2.215 2.273 2.295 2.293 2.277 2.240 2.209 2.166 2.027 2.013 4.216 
8.000 130.000 0.723 0.873 1.077 1.183 1.313 1.483 1.592 1.727 1.811 1.918 1.973 2.042 2.083 2.131 2.184 2.238 2.256 2.250 2.231 2.193 2.163 2.119 1.985 1.971 4.191 
8.000 140.000 0.706 0.855 1.058 1.164 1.293 1.463 1.571 1.706 1.790 1.896 1.950 2.017 2.057 2.103 2.154 2.202 2.217 2.206 2.186 2.147 2.117 2.074 1.944 1.931 4.167 
8.000 150.000 0.689 0.838 1.040 1.146 1.275 1.444 1.552 1.686 1.769 1.874 1.928 1.993 2.032 2.076 2.123 2.167 2.178 2.163 2.141 2.102 2.071 2.029 1.904 1.891 4.146 
8.000 175.000 0.647 0.794 0.995 1.100 1.228 1.396 1.503 1.636 1.718 1.821 1.872 1.934 1.970 2.010 2.051 2.083 2.086 2.062 2.037 1.996 1.966 1.927 1.812 1.801 4.087 
8.000 200.000 0.608 0.754 0.954 1.058 1.185 1.352 1.459 1.591 1.672 1.772 1.821 1.880 1.913 1.948 1.983 2.006 2.001 1.969 1.942 1.900 1.871 1.833 1.728 1.718 4.032 
8.000 250.000 0.542 0.687 0.884 0.986 1.112 1.277 1.382 1.512 1.590 1.685 1.730 1.781 1.808 1.835 1.857 1.859 1.841 1.796 1.766 1.726 1.701 1.670 1.589 1.582 3.940 
8.000 300.000 0.486 0.629 0.824 0.926 1.050 1.213 1.317 1.444 1.520 1.609 1.650 1.694 1.715 1.734 1.743 1.727 1.698 1.644 1.613 1.577 1.556 1.532 1.471 1.466 3.856 
8.000 350.000 0.438 0.579 0.772 0.873 0.996 1.157 1.259 1.384 1.457 1.541 1.578 1.614 1.630 1.640 1.638 1.607 1.569 1.509 1.479 1.447 1.431 1.413 1.370 1.366 3.783 
8.000 400.000 0.394 0.535 0.727 0.826 0.948 1.107 1.208 1.330 1.400 1.479 1.511 1.540 1.550 1.553 1.540 1.494 1.449 1.386 1.358 1.332 1.320 1.308 1.281 1.278 3.716 
8.000 450.000 0.353 0.493 0.683 0.782 0.903 1.060 1.159 1.278 1.346 1.418 1.445 1.467 1.471 1.467 1.444 1.385 1.334 1.270 1.245 1.224 1.216 1.210 1.196 1.194 3.651 
8.000 500.000 0.316 0.455 0.644 0.742 0.861 1.017 1.114 1.230 1.295 1.360 1.383 1.397 1.396 1.384 1.351 1.281 1.226 1.163 1.141 1.126 1.123 1.121 1.118 1.117 3.590 
8.000 600.000 0.255 0.393 0.580 0.676 0.793 0.944 1.038 1.145 1.202 1.252 1.263 1.258 1.245 1.217 1.165 1.077 1.019 0.966 0.954 0.954 0.960 0.969 0.985 0.986 3.475 
8.000 700.000 0.198 0.335 0.519 0.614 0.729 0.876 0.965 1.064 1.113 1.148 1.148 1.129 1.105 1.064 0.999 0.901 0.844 0.800 0.796 0.806 0.817 0.832 0.856 0.857 3.372 
8.000 800.000 0.150 0.286 0.469 0.563 0.675 0.816 0.901 0.991 1.030 1.048 1.036 1.000 0.966 0.914 0.838 0.735 0.682 0.651 0.655 0.673 0.689 0.707 0.735 0.736 3.276 
8.000 1000.000 0.050 0.186 0.365 0.455 0.562 0.693 0.767 0.838 0.859 0.844 0.813 0.751 0.701 0.635 0.548 0.448 0.407 0.396 0.410 0.437 0.455 0.475 0.503 0.504 3.116 
8.000 1200.000 -0.038 0.097 0.272 0.359 0.460 0.579 0.642 0.692 0.694 0.649 0.600 0.518 0.459 0.383 0.293 0.201 0.170 0.173 0.190 0.218 0.236 0.254 0.278 0.279 2.952 
8.000 1500.000 -0.157 -0.025 0.143 0.224 0.315 0.414 0.458 0.474 0.450 0.362 0.291 0.186 0.117 0.035 -0.055 -0.135 -0.156 -0.145 -0.128 -0.103 -0.089 -0.075 -0.057 -0.057 2.722 
8.200 0.000 1.628 1.776 1.976 2.080 2.208 2.373 2.479 2.612 2.697 2.811 2.874 2.956 3.009 3.075 3.157 3.261 3.319 3.367 3.372 3.356 3.331 3.289 3.126 3.107 5.086 
8.200 1.000 1.591 1.740 1.940 2.044 2.171 2.337 2.443 2.576 2.661 2.775 2.837 2.920 2.973 3.039 3.121 3.225 3.283 3.331 3.336 3.319 3.294 3.252 3.087 3.068 5.062 
8.200 5.000 1.508 1.656 1.857 1.960 2.087 2.253 2.359 2.492 2.578 2.692 2.756 2.839 2.893 2.959 3.043 3.150 3.211 3.261 3.266 3.249 3.223 3.179 3.008 2.989 5.025 
8.200 10.000 1.425 1.572 1.772 1.876 2.002 2.168 2.274 2.408 2.493 2.609 2.673 2.757 2.812 2.880 2.965 3.076 3.138 3.191 3.198 3.181 3.155 3.109 2.933 2.913 4.984 
8.200 15.000 1.348 1.496 1.695 1.799 1.925 2.091 2.197 2.330 2.416 2.532 2.596 2.681 2.736 2.804 2.891 3.002 3.066 3.120 3.127 3.110 3.083 3.037 2.859 2.838 4.931 
8.200 20.000 1.282 1.429 1.628 1.731 1.857 2.022 2.129 2.262 2.348 2.464 2.528 2.612 2.667 2.735 2.822 2.933 2.996 3.049 3.056 3.038 3.011 2.965 2.786 2.766 4.872 
8.200 25.000 1.225 1.371 1.570 1.673 1.799 1.964 2.070 2.203 2.289 2.405 2.469 2.553 2.607 2.675 2.760 2.869 2.931 2.983 2.989 2.970 2.943 2.897 2.721 2.701 4.816 
8.200 30.000 1.174 1.320 1.518 1.621 1.747 1.912 2.017 2.151 2.236 2.351 2.415 2.499 2.553 2.619 2.704 2.811 2.871 2.921 2.926 2.907 2.880 2.834 2.660 2.640 4.763 
8.200 40.000 1.086 1.232 1.429 1.532 1.657 1.821 1.927 2.059 2.144 2.259 2.321 2.403 2.456 2.520 2.601 2.703 2.758 2.802 2.804 2.784 2.757 2.712 2.544 2.525 4.656 
8.200 50.000 1.019 1.164 1.360 1.462 1.587 1.751 1.856 1.988 2.073 2.186 2.248 2.329 2.381 2.444 2.522 2.619 2.671 2.709 2.710 2.688 2.660 2.616 2.452 2.433 4.579 
8.200 60.000 0.975 1.120 1.315 1.417 1.542 1.705 1.810 1.942 2.026 2.138 2.199 2.279 2.329 2.391 2.466 2.558 2.607 2.640 2.638 2.614 2.586 2.541 2.380 2.362 4.527 
8.200 70.000 0.950 1.094 1.289 1.391 1.515 1.678 1.782 1.913 1.997 2.108 2.168 2.246 2.295 2.354 2.426 2.512 2.555 2.582 2.577 2.550 2.522 2.477 2.321 2.303 4.482 
8.200 80.000 0.931 1.074 1.269 1.370 1.494 1.656 1.760 1.891 1.974 2.085 2.144 2.220 2.268 2.325 2.394 2.475 2.514 2.535 2.528 2.498 2.469 2.424 2.271 2.254 4.447 
8.200 90.000 0.913 1.056 1.250 1.351 1.474 1.636 1.740 1.870 1.953 2.062 2.121 2.196 2.242 2.298 2.364 2.440 2.475 2.491 2.481 2.450 2.420 2.375 2.224 2.208 4.416 
8.200 100.000 0.897 1.040 1.233 1.333 1.456 1.617 1.721 1.851 1.934 2.042 2.100 2.173 2.219 2.273 2.336 2.407 2.438 2.449 2.437 2.404 2.374 2.329 2.180 2.165 4.389 
8.200 110.000 0.879 1.021 1.213 1.313 1.436 1.597 1.700 1.830 1.912 2.019 2.076 2.148 2.193 2.245 2.305 2.371 2.399 2.405 2.391 2.356 2.325 2.280 2.135 2.120 4.364 
8.200 120.000 0.862 1.003 1.195 1.295 1.417 1.578 1.681 1.810 1.892 1.998 2.054 2.125 2.168 2.218 2.276 2.338 2.361 2.362 2.346 2.310 2.279 2.234 2.093 2.078 4.340 
8.200 130.000 0.844 0.985 1.176 1.276 1.398 1.558 1.661 1.789 1.871 1.976 2.031 2.100 2.142 2.191 2.246 2.303 2.323 2.319 2.301 2.264 2.233 2.189 2.051 2.037 4.316 
8.200 140.000 0.827 0.967 1.158 1.257 1.379 1.538 1.641 1.769 1.850 1.954 2.009 2.076 2.117 2.164 2.216 2.268 2.285 2.276 2.257 2.218 2.187 2.144 2.011 1.997 4.292 
8.200 150.000 0.810 0.950 1.140 1.239 1.361 1.520 1.622 1.750 1.830 1.934 1.987 2.053 2.093 2.138 2.187 2.234 2.247 2.234 2.213 2.174 2.143 2.101 1.972 1.959 4.272 
8.200 175.000 0.768 0.907 1.096 1.194 1.315 1.473 1.574 1.701 1.780 1.882 1.933 1.996 2.032 2.073 2.116 2.152 2.157 2.135 2.111 2.070 2.040 1.999 1.882 1.870 4.214 
8.200 200.000 0.729 0.867 1.055 1.153 1.273 1.430 1.531 1.657 1.735 1.834 1.883 1.943 1.977 2.013 2.050 2.076 2.073 2.044 2.017 1.975 1.945 1.907 1.799 1.789 4.160 
8.200 250.000 0.664 0.801 0.986 1.083 1.202 1.357 1.457 1.580 1.656 1.749 1.795 1.846 1.874 1.902 1.925 1.931 1.915 1.872 1.843 1.803 1.777 1.746 1.663 1.655 4.072 
8.200 300.000 0.608 0.743 0.927 1.023 1.140 1.294 1.392 1.513 1.587 1.675 1.716 1.760 1.782 1.802 1.813 1.801 1.774 1.722 1.692 1.656 1.635 1.610 1.548 1.542 3.991 
8.200 350.000 0.559 0.693 0.876 0.971 1.087 1.239 1.336 1.454 1.525 1.608 1.644 1.682 1.698 1.710 1.710 1.681 1.646 1.588 1.559 1.527 1.511 1.493 1.449 1.445 3.922 
8.200 400.000 0.516 0.649 0.830 0.925 1.040 1.190 1.286 1.402 1.470 1.547 1.579 1.608 1.619 1.624 1.613 1.570 1.527 1.466 1.439 1.413 1.401 1.389 1.361 1.359 3.857 
8.200 450.000 0.475 0.608 0.788 0.881 0.995 1.144 1.238 1.351 1.417 1.487 1.515 1.537 1.542 1.539 1.518 1.462 1.413 1.351 1.326 1.306 1.298 1.291 1.276 1.275 3.796 
8.200 500.000 0.439 0.570 0.749 0.842 0.955 1.102 1.194 1.304 1.367 1.431 1.453 1.468 1.468 1.457 1.426 1.359 1.306 1.245 1.223 1.209 1.205 1.204 1.200 1.199 3.737 
8.200 600.000 0.380 0.510 0.687 0.778 0.889 1.032 1.120 1.222 1.276 1.324 1.335 1.331 1.318 1.291 1.242 1.157 1.101 1.050 1.039 1.041 1.047 1.056 1.072 1.072 3.625 
8.200 700.000 0.323 0.453 0.628 0.718 0.827 0.965 1.049 1.143 1.189 1.221 1.222 1.202 1.179 1.139 1.076 0.981 0.926 0.886 0.883 0.894 0.905 0.920 0.944 0.945 3.526 
8.200 800.000 0.277 0.407 0.580 0.668 0.774 0.907 0.986 1.071 1.107 1.122 1.110 1.075 1.041 0.990 0.916 0.817 0.767 0.739 0.744 0.763 0.779 0.797 0.825 0.826 3.433 
8.200 1000.000 0.182 0.310 0.479 0.564 0.665 0.787 0.856 0.920 0.938 0.920 0.888 0.827 0.778 0.713 0.628 0.533 0.494 0.487 0.501 0.528 0.547 0.566 0.594 0.595 3.279 
8.200 1200.000 0.097 0.223 0.388 0.470 0.564 0.675 0.732 0.775 0.774 0.726 0.678 0.596 0.538 0.465 0.378 0.290 0.262 0.267 0.284 0.312 0.329 0.347 0.370 0.371 3.121 
8.200 1500.000 -0.016 0.107 0.264 0.339 0.422 0.511 0.549 0.559 0.531 0.441 0.371 0.267 0.200 0.121 0.035 -0.041 -0.059 -0.048 -0.031 -0.007 0.007 0.020 0.037 0.037 2.898 
