CanadaSHM6-trial_NGAEastGMM13_07 , distance is rrup. Log10 ground motion values in cgs units, PGV and Sa(T<0.1s) not valid
          11 34 25 : nmag, ndist, nperiod
          10.000 7.519 5.000 4.000 3.003 2.000 1.499 1.000 0.750 0.500 0.400 0.300 0.250 0.200 0.150 0.100 0.075 0.050 0.040 0.030 0.025 0.020 0.010 PGA PGV 
          0.620 0.620 0.620 0.620 0.620 0.620 0.620 0.620 0.600 0.580 0.560 0.540 0.530 0.530 0.530 0.530 0.530 0.530 0.530 0.530 0.530 0.530 0.530 0.530 0.620
4.000 0.000 -1.005 -0.693 -0.274 -0.055 0.216 0.587 0.844 1.200 1.451 1.798 1.984 2.214 2.353 2.512 2.698 2.920 3.046 3.159 3.177 3.150 3.105 3.028 2.758 2.728 3.679 
4.000 1.000 -1.096 -0.784 -0.365 -0.147 0.125 0.496 0.754 1.110 1.361 1.711 1.898 2.130 2.271 2.432 2.623 2.855 2.989 3.114 3.140 3.122 3.081 3.007 2.736 2.705 3.571 
4.000 5.000 -1.467 -1.155 -0.736 -0.518 -0.247 0.124 0.381 0.737 0.988 1.337 1.524 1.756 1.897 2.058 2.249 2.481 2.615 2.743 2.771 2.756 2.719 2.651 2.399 2.370 3.068 
4.000 10.000 -1.757 -1.446 -1.028 -0.810 -0.540 -0.169 0.087 0.442 0.692 1.038 1.224 1.453 1.590 1.748 1.933 2.154 2.280 2.394 2.417 2.397 2.359 2.292 2.060 2.035 2.726 
4.000 15.000 -1.983 -1.672 -1.255 -1.037 -0.767 -0.398 -0.143 0.211 0.459 0.802 0.985 1.210 1.344 1.497 1.673 1.880 1.993 2.091 2.105 2.079 2.039 1.973 1.758 1.736 2.424 
4.000 20.000 -2.158 -1.848 -1.431 -1.214 -0.944 -0.576 -0.321 0.031 0.278 0.618 0.799 1.021 1.152 1.301 1.472 1.668 1.772 1.858 1.867 1.836 1.795 1.730 1.526 1.506 2.185 
4.000 25.000 -2.299 -1.989 -1.572 -1.356 -1.087 -0.719 -0.465 -0.114 0.132 0.470 0.649 0.868 0.997 1.143 1.308 1.495 1.592 1.668 1.673 1.639 1.598 1.533 1.338 1.319 1.994 
4.000 30.000 -2.412 -2.102 -1.686 -1.470 -1.201 -0.834 -0.580 -0.230 0.014 0.351 0.528 0.745 0.872 1.015 1.176 1.356 1.447 1.516 1.518 1.482 1.440 1.376 1.187 1.169 1.845 
4.000 40.000 -2.595 -2.286 -1.871 -1.655 -1.387 -1.020 -0.767 -0.419 -0.175 0.159 0.334 0.548 0.673 0.812 0.968 1.138 1.222 1.282 1.280 1.241 1.199 1.135 0.953 0.937 1.617 
4.000 50.000 -2.737 -2.429 -2.014 -1.799 -1.531 -1.166 -0.913 -0.566 -0.324 0.009 0.183 0.394 0.517 0.654 0.806 0.969 1.048 1.101 1.096 1.055 1.012 0.949 0.771 0.756 1.443 
4.000 60.000 -2.831 -2.523 -2.109 -1.894 -1.627 -1.262 -1.010 -0.664 -0.423 -0.092 0.081 0.289 0.411 0.545 0.692 0.848 0.921 0.966 0.958 0.914 0.870 0.807 0.633 0.617 1.336 
4.000 70.000 -2.876 -2.569 -2.156 -1.941 -1.674 -1.310 -1.059 -0.714 -0.475 -0.148 0.023 0.228 0.346 0.476 0.616 0.760 0.824 0.858 0.845 0.797 0.752 0.689 0.520 0.506 1.267 
4.000 80.000 -2.917 -2.610 -2.198 -1.983 -1.717 -1.353 -1.102 -0.758 -0.519 -0.192 -0.022 0.182 0.299 0.428 0.566 0.706 0.767 0.796 0.781 0.730 0.683 0.618 0.446 0.432 1.218 
4.000 90.000 -2.952 -2.646 -2.233 -2.019 -1.753 -1.389 -1.139 -0.795 -0.556 -0.231 -0.062 0.141 0.258 0.385 0.521 0.657 0.715 0.738 0.721 0.667 0.618 0.552 0.378 0.364 1.180 
4.000 100.000 -2.984 -2.677 -2.266 -2.051 -1.786 -1.422 -1.172 -0.829 -0.591 -0.266 -0.098 0.104 0.220 0.346 0.479 0.612 0.666 0.684 0.664 0.607 0.558 0.490 0.315 0.301 1.145 
4.000 110.000 -3.013 -2.706 -2.295 -2.081 -1.815 -1.453 -1.203 -0.860 -0.622 -0.298 -0.130 0.070 0.185 0.309 0.440 0.568 0.619 0.633 0.610 0.551 0.500 0.432 0.256 0.242 1.113 
4.000 120.000 -3.039 -2.734 -2.322 -2.109 -1.843 -1.481 -1.231 -0.889 -0.651 -0.329 -0.162 0.037 0.151 0.274 0.403 0.527 0.574 0.583 0.558 0.497 0.446 0.376 0.201 0.186 1.082 
4.000 130.000 -3.072 -2.766 -2.355 -2.141 -1.876 -1.514 -1.265 -0.923 -0.686 -0.364 -0.198 0.000 0.112 0.234 0.360 0.480 0.524 0.528 0.502 0.439 0.387 0.317 0.142 0.128 1.042 
4.000 140.000 -3.102 -2.797 -2.386 -2.173 -1.908 -1.546 -1.297 -0.955 -0.719 -0.399 -0.233 -0.037 0.074 0.194 0.317 0.432 0.472 0.472 0.443 0.379 0.326 0.257 0.084 0.070 1.002 
4.000 150.000 -3.130 -2.825 -2.415 -2.201 -1.936 -1.575 -1.326 -0.986 -0.750 -0.432 -0.267 -0.073 0.036 0.153 0.273 0.381 0.417 0.412 0.381 0.315 0.262 0.194 0.024 0.011 0.962 
4.000 175.000 -3.198 -2.894 -2.484 -2.271 -2.006 -1.646 -1.398 -1.059 -0.825 -0.510 -0.349 -0.160 -0.054 0.057 0.168 0.262 0.288 0.271 0.236 0.168 0.116 0.048 -0.112 -0.125 0.869 
4.000 200.000 -3.260 -2.955 -2.546 -2.333 -2.069 -1.709 -1.462 -1.125 -0.893 -0.582 -0.423 -0.239 -0.137 -0.030 0.073 0.154 0.170 0.143 0.104 0.035 -0.017 -0.083 -0.236 -0.247 0.783 
4.000 250.000 -3.349 -3.045 -2.636 -2.424 -2.160 -1.802 -1.557 -1.223 -0.995 -0.692 -0.540 -0.366 -0.272 -0.178 -0.093 -0.040 -0.041 -0.088 -0.131 -0.202 -0.252 -0.313 -0.447 -0.457 0.618 
4.000 300.000 -3.425 -3.121 -2.713 -2.501 -2.238 -1.881 -1.637 -1.306 -1.082 -0.787 -0.641 -0.478 -0.392 -0.309 -0.240 -0.211 -0.228 -0.288 -0.335 -0.405 -0.453 -0.509 -0.626 -0.634 0.476 
4.000 350.000 -3.489 -3.185 -2.777 -2.565 -2.303 -1.947 -1.704 -1.377 -1.157 -0.870 -0.731 -0.578 -0.500 -0.428 -0.375 -0.368 -0.398 -0.469 -0.517 -0.585 -0.629 -0.679 -0.782 -0.788 0.347 
4.000 400.000 -3.546 -3.243 -2.835 -2.623 -2.361 -2.006 -1.765 -1.441 -1.225 -0.947 -0.814 -0.671 -0.601 -0.539 -0.501 -0.514 -0.555 -0.634 -0.682 -0.746 -0.786 -0.832 -0.921 -0.926 0.223 
4.000 450.000 -3.571 -3.267 -2.859 -2.647 -2.386 -2.032 -1.792 -1.472 -1.260 -0.991 -0.864 -0.732 -0.670 -0.620 -0.596 -0.628 -0.680 -0.767 -0.815 -0.877 -0.914 -0.955 -1.033 -1.037 0.094 
4.000 500.000 -3.599 -3.295 -2.886 -2.675 -2.413 -2.060 -1.822 -1.505 -1.297 -1.036 -0.916 -0.794 -0.740 -0.699 -0.689 -0.739 -0.799 -0.892 -0.940 -0.998 -1.033 -1.070 -1.138 -1.142 -0.024 
4.000 600.000 -3.651 -3.346 -2.937 -2.725 -2.463 -2.112 -1.877 -1.568 -1.368 -1.126 -1.019 -0.918 -0.878 -0.857 -0.871 -0.951 -1.026 -1.124 -1.169 -1.219 -1.247 -1.276 -1.328 -1.330 -0.236 
4.000 700.000 -3.709 -3.403 -2.993 -2.780 -2.519 -2.170 -1.937 -1.635 -1.443 -1.218 -1.123 -1.041 -1.015 -1.010 -1.046 -1.149 -1.233 -1.332 -1.374 -1.417 -1.440 -1.463 -1.502 -1.504 -0.422 
4.000 800.000 -3.767 -3.459 -3.047 -2.834 -2.572 -2.225 -1.995 -1.700 -1.517 -1.308 -1.226 -1.162 -1.147 -1.158 -1.212 -1.334 -1.424 -1.523 -1.561 -1.596 -1.614 -1.632 -1.661 -1.662 -0.592 
4.000 1000.000 -3.916 -3.604 -3.187 -2.972 -2.710 -2.363 -2.137 -1.854 -1.684 -1.503 -1.440 -1.404 -1.409 -1.442 -1.522 -1.667 -1.763 -1.857 -1.888 -1.913 -1.923 -1.934 -1.951 -1.952 -0.886 
4.000 1200.000 -4.051 -3.733 -3.311 -3.094 -2.831 -2.488 -2.268 -2.002 -1.850 -1.705 -1.666 -1.663 -1.688 -1.743 -1.845 -2.005 -2.098 -2.176 -2.196 -2.206 -2.210 -2.213 -2.219 -2.219 -1.152 
4.000 1500.000 -4.261 -3.934 -3.500 -3.280 -3.014 -2.675 -2.465 -2.223 -2.098 -2.002 -1.995 -2.035 -2.085 -2.168 -2.296 -2.470 -2.560 -2.624 -2.633 -2.632 -2.630 -2.627 -2.626 -2.626 -1.533 
4.500 0.000 -0.542 -0.240 0.167 0.380 0.645 1.009 1.261 1.608 1.848 2.173 2.340 2.539 2.655 2.783 2.930 3.104 3.200 3.276 3.278 3.236 3.186 3.110 2.872 2.848 3.978 
4.500 1.000 -0.610 -0.308 0.099 0.312 0.577 0.942 1.194 1.542 1.784 2.110 2.279 2.481 2.599 2.731 2.883 3.067 3.171 3.259 3.267 3.229 3.182 3.105 2.861 2.835 3.900 
4.500 5.000 -0.925 -0.624 -0.217 -0.005 0.261 0.625 0.877 1.226 1.467 1.795 1.965 2.169 2.288 2.423 2.579 2.771 2.882 2.981 2.995 2.965 2.922 2.850 2.611 2.586 3.488 
4.500 10.000 -1.196 -0.896 -0.490 -0.277 -0.013 0.350 0.602 0.948 1.188 1.513 1.680 1.880 1.995 2.125 2.274 2.451 2.551 2.635 2.644 2.611 2.569 2.501 2.288 2.267 3.139 
4.500 15.000 -1.410 -1.110 -0.704 -0.493 -0.229 0.134 0.384 0.729 0.967 1.288 1.452 1.647 1.759 1.884 2.024 2.187 2.276 2.346 2.349 2.313 2.271 2.206 2.012 1.993 2.852 
4.500 20.000 -1.574 -1.274 -0.870 -0.658 -0.395 -0.034 0.216 0.559 0.796 1.114 1.277 1.468 1.578 1.698 1.832 1.985 2.066 2.127 2.126 2.088 2.046 1.983 1.800 1.783 2.633 
4.500 25.000 -1.702 -1.403 -0.999 -0.788 -0.525 -0.165 0.084 0.426 0.661 0.977 1.137 1.325 1.432 1.548 1.676 1.819 1.893 1.944 1.940 1.901 1.859 1.797 1.624 1.609 2.455 
4.500 30.000 -1.809 -1.510 -1.106 -0.896 -0.633 -0.273 -0.025 0.316 0.550 0.863 1.022 1.207 1.312 1.425 1.549 1.684 1.753 1.798 1.792 1.751 1.709 1.649 1.482 1.468 2.315 
4.500 40.000 -1.980 -1.681 -1.279 -1.069 -0.807 -0.448 -0.201 0.138 0.371 0.681 0.838 1.020 1.122 1.231 1.349 1.474 1.535 1.572 1.563 1.520 1.478 1.419 1.260 1.247 2.102 
4.500 50.000 -2.114 -1.816 -1.414 -1.205 -0.944 -0.586 -0.339 -0.001 0.230 0.538 0.693 0.873 0.973 1.079 1.192 1.311 1.366 1.396 1.385 1.340 1.299 1.240 1.087 1.074 1.939 
4.500 60.000 -2.201 -1.904 -1.503 -1.294 -1.033 -0.676 -0.430 -0.094 0.137 0.443 0.596 0.773 0.871 0.974 1.083 1.193 1.243 1.267 1.252 1.206 1.164 1.105 0.955 0.942 1.839 
4.500 70.000 -2.243 -1.947 -1.547 -1.338 -1.078 -0.722 -0.477 -0.142 0.087 0.389 0.540 0.713 0.807 0.906 1.008 1.106 1.148 1.161 1.143 1.094 1.051 0.994 0.849 0.837 1.773 
4.500 80.000 -2.280 -1.984 -1.585 -1.376 -1.116 -0.761 -0.516 -0.182 0.046 0.348 0.498 0.669 0.763 0.860 0.959 1.054 1.092 1.101 1.080 1.028 0.985 0.926 0.779 0.767 1.728 
4.500 90.000 -2.313 -2.017 -1.618 -1.409 -1.150 -0.795 -0.550 -0.217 0.011 0.311 0.460 0.630 0.723 0.819 0.916 1.006 1.041 1.045 1.022 0.968 0.923 0.863 0.715 0.703 1.692 
4.500 100.000 -2.342 -2.046 -1.648 -1.440 -1.180 -0.826 -0.582 -0.249 -0.022 0.278 0.426 0.595 0.686 0.781 0.875 0.961 0.993 0.992 0.966 0.910 0.864 0.804 0.655 0.644 1.659 
4.500 110.000 -2.368 -2.073 -1.675 -1.467 -1.208 -0.854 -0.610 -0.278 -0.051 0.247 0.395 0.562 0.652 0.745 0.837 0.919 0.947 0.941 0.914 0.856 0.809 0.748 0.600 0.589 1.629 
4.500 120.000 -2.393 -2.098 -1.700 -1.492 -1.234 -0.880 -0.637 -0.305 -0.079 0.218 0.365 0.531 0.620 0.711 0.800 0.878 0.903 0.893 0.864 0.804 0.757 0.696 0.548 0.537 1.600 
4.500 130.000 -2.423 -2.128 -1.731 -1.523 -1.265 -0.911 -0.668 -0.337 -0.112 0.184 0.330 0.495 0.583 0.672 0.759 0.832 0.854 0.840 0.810 0.749 0.701 0.640 0.493 0.482 1.564 
4.500 140.000 -2.452 -2.157 -1.760 -1.553 -1.294 -0.941 -0.698 -0.368 -0.143 0.151 0.296 0.459 0.546 0.633 0.717 0.785 0.803 0.785 0.753 0.691 0.644 0.582 0.438 0.427 1.528 
4.500 150.000 -2.477 -2.183 -1.786 -1.579 -1.321 -0.969 -0.726 -0.397 -0.173 0.120 0.263 0.424 0.509 0.594 0.673 0.736 0.749 0.727 0.694 0.631 0.584 0.523 0.382 0.372 1.492 
4.500 175.000 -2.541 -2.248 -1.851 -1.645 -1.387 -1.036 -0.794 -0.466 -0.245 0.044 0.184 0.339 0.420 0.500 0.570 0.619 0.624 0.592 0.555 0.492 0.445 0.386 0.254 0.244 1.407 
4.500 200.000 -2.598 -2.305 -1.909 -1.703 -1.446 -1.095 -0.855 -0.529 -0.309 -0.024 0.113 0.263 0.340 0.414 0.477 0.513 0.509 0.469 0.430 0.366 0.320 0.263 0.138 0.129 1.329 
4.500 250.000 -2.679 -2.387 -1.992 -1.786 -1.530 -1.181 -0.943 -0.621 -0.405 -0.130 0.000 0.139 0.207 0.268 0.313 0.323 0.303 0.248 0.207 0.144 0.101 0.050 -0.058 -0.065 1.177 
4.500 300.000 -2.747 -2.455 -2.061 -1.855 -1.600 -1.253 -1.016 -0.698 -0.487 -0.221 -0.097 0.031 0.091 0.140 0.169 0.156 0.123 0.057 0.015 -0.045 -0.084 -0.130 -0.223 -0.229 1.045 
4.500 350.000 -2.807 -2.515 -2.121 -1.916 -1.661 -1.315 -1.080 -0.766 -0.559 -0.302 -0.185 -0.068 -0.016 0.023 0.037 0.004 -0.040 -0.113 -0.155 -0.211 -0.247 -0.288 -0.367 -0.372 0.926 
4.500 400.000 -2.860 -2.568 -2.175 -1.970 -1.715 -1.371 -1.137 -0.827 -0.624 -0.375 -0.265 -0.158 -0.114 -0.085 -0.086 -0.136 -0.189 -0.267 -0.308 -0.360 -0.392 -0.428 -0.496 -0.500 0.817 
4.500 450.000 -2.882 -2.590 -2.196 -1.991 -1.737 -1.394 -1.162 -0.856 -0.657 -0.418 -0.314 -0.218 -0.182 -0.163 -0.178 -0.246 -0.307 -0.389 -0.430 -0.479 -0.507 -0.539 -0.598 -0.601 0.699 
4.500 500.000 -2.907 -2.615 -2.221 -2.016 -1.762 -1.420 -1.189 -0.887 -0.693 -0.462 -0.365 -0.279 -0.250 -0.241 -0.268 -0.351 -0.419 -0.505 -0.544 -0.589 -0.615 -0.643 -0.694 -0.697 0.591 
4.500 600.000 -2.954 -2.661 -2.267 -2.062 -1.809 -1.469 -1.242 -0.947 -0.762 -0.550 -0.466 -0.401 -0.387 -0.396 -0.446 -0.554 -0.632 -0.718 -0.754 -0.790 -0.810 -0.830 -0.867 -0.869 0.399 
4.500 700.000 -3.007 -2.713 -2.317 -2.112 -1.859 -1.521 -1.298 -1.011 -0.835 -0.640 -0.569 -0.523 -0.521 -0.547 -0.616 -0.743 -0.827 -0.912 -0.942 -0.970 -0.985 -1.000 -1.026 -1.027 0.229 
4.500 800.000 -3.061 -2.765 -2.368 -2.163 -1.910 -1.574 -1.353 -1.075 -0.907 -0.731 -0.672 -0.644 -0.654 -0.694 -0.778 -0.921 -1.008 -1.088 -1.114 -1.134 -1.144 -1.154 -1.172 -1.173 0.074 
4.500 1000.000 -3.200 -2.900 -2.498 -2.291 -2.037 -1.703 -1.487 -1.222 -1.068 -0.920 -0.881 -0.880 -0.909 -0.969 -1.076 -1.236 -1.324 -1.396 -1.414 -1.424 -1.427 -1.431 -1.439 -1.440 -0.198 
4.500 1200.000 -3.323 -3.018 -2.611 -2.403 -2.149 -1.819 -1.611 -1.363 -1.230 -1.119 -1.103 -1.134 -1.181 -1.261 -1.387 -1.554 -1.638 -1.692 -1.699 -1.696 -1.693 -1.690 -1.691 -1.691 -0.444 
4.500 1500.000 -3.519 -3.204 -2.787 -2.575 -2.320 -1.996 -1.798 -1.578 -1.473 -1.414 -1.431 -1.502 -1.572 -1.676 -1.821 -1.996 -2.071 -2.108 -2.104 -2.091 -2.083 -2.075 -2.070 -2.070 -0.797 
5.000 0.000 -0.118 0.169 0.558 0.761 1.016 1.365 1.606 1.935 2.159 2.451 2.597 2.764 2.859 2.963 3.082 3.224 3.300 3.353 3.347 3.300 3.251 3.179 2.973 2.953 4.253 
5.000 1.000 -0.165 0.122 0.511 0.714 0.969 1.319 1.560 1.890 2.114 2.409 2.556 2.727 2.823 2.931 3.055 3.206 3.290 3.352 3.349 3.305 3.256 3.184 2.969 2.949 4.197 
5.000 5.000 -0.426 -0.139 0.249 0.453 0.707 1.057 1.299 1.630 1.855 2.153 2.302 2.475 2.575 2.687 2.818 2.981 3.075 3.151 3.156 3.118 3.072 3.002 2.784 2.762 3.883 
5.000 10.000 -0.673 -0.386 0.001 0.204 0.458 0.807 1.048 1.377 1.601 1.895 2.042 2.212 2.309 2.417 2.542 2.694 2.780 2.848 2.849 2.812 2.768 2.702 2.505 2.486 3.554 
5.000 15.000 -0.872 -0.587 -0.200 0.003 0.256 0.603 0.843 1.171 1.393 1.684 1.828 1.994 2.087 2.190 2.307 2.447 2.523 2.579 2.577 2.538 2.496 2.432 2.253 2.236 3.284 
5.000 20.000 -1.021 -0.736 -0.350 -0.148 0.105 0.452 0.691 1.016 1.237 1.525 1.666 1.828 1.918 2.017 2.127 2.255 2.324 2.371 2.366 2.325 2.284 2.224 2.056 2.042 3.080 
5.000 25.000 -1.141 -0.856 -0.471 -0.269 -0.017 0.328 0.567 0.891 1.110 1.394 1.534 1.692 1.780 1.874 1.978 2.096 2.157 2.196 2.188 2.147 2.107 2.048 1.891 1.878 2.912 
5.000 30.000 -1.241 -0.956 -0.572 -0.370 -0.119 0.226 0.464 0.787 1.005 1.287 1.425 1.580 1.665 1.756 1.856 1.967 2.022 2.055 2.046 2.004 1.964 1.907 1.756 1.744 2.780 
5.000 40.000 -1.400 -1.116 -0.733 -0.532 -0.281 0.063 0.299 0.620 0.836 1.115 1.251 1.402 1.484 1.571 1.664 1.764 1.813 1.838 1.825 1.782 1.743 1.688 1.545 1.534 2.576 
5.000 50.000 -1.526 -1.243 -0.860 -0.660 -0.410 -0.067 0.169 0.488 0.703 0.980 1.113 1.262 1.342 1.426 1.514 1.606 1.649 1.668 1.654 1.610 1.571 1.517 1.379 1.368 2.421 
5.000 60.000 -1.608 -1.326 -0.944 -0.744 -0.494 -0.152 0.083 0.401 0.615 0.889 1.021 1.166 1.244 1.325 1.408 1.493 1.530 1.543 1.526 1.481 1.441 1.387 1.253 1.243 2.326 
5.000 70.000 -1.647 -1.365 -0.984 -0.784 -0.535 -0.195 0.039 0.356 0.567 0.838 0.967 1.108 1.182 1.258 1.334 1.407 1.436 1.439 1.420 1.373 1.333 1.280 1.152 1.142 2.263 
5.000 80.000 -1.680 -1.398 -1.018 -0.819 -0.570 -0.230 0.004 0.319 0.530 0.799 0.928 1.067 1.141 1.214 1.287 1.356 1.382 1.381 1.358 1.309 1.269 1.215 1.086 1.076 2.220 
5.000 90.000 -1.709 -1.429 -1.049 -0.850 -0.602 -0.262 -0.029 0.286 0.497 0.765 0.892 1.031 1.103 1.175 1.245 1.310 1.332 1.326 1.302 1.250 1.209 1.155 1.025 1.016 2.185 
5.000 100.000 -1.736 -1.456 -1.076 -0.878 -0.630 -0.290 -0.058 0.256 0.466 0.733 0.860 0.997 1.068 1.138 1.206 1.266 1.285 1.275 1.249 1.195 1.153 1.099 0.969 0.960 2.154 
5.000 110.000 -1.761 -1.480 -1.101 -0.903 -0.655 -0.317 -0.084 0.229 0.439 0.704 0.830 0.965 1.035 1.104 1.169 1.224 1.240 1.226 1.198 1.143 1.101 1.046 0.917 0.907 2.125 
5.000 120.000 -1.783 -1.503 -1.125 -0.926 -0.679 -0.341 -0.109 0.204 0.413 0.677 0.802 0.936 1.004 1.071 1.134 1.185 1.198 1.180 1.150 1.094 1.051 0.996 0.868 0.859 2.099 
5.000 130.000 -1.811 -1.531 -1.153 -0.955 -0.708 -0.370 -0.138 0.174 0.382 0.645 0.769 0.901 0.969 1.034 1.094 1.141 1.150 1.129 1.098 1.041 0.998 0.943 0.816 0.807 2.065 
5.000 140.000 -1.837 -1.558 -1.180 -0.982 -0.735 -0.398 -0.167 0.145 0.352 0.614 0.737 0.867 0.933 0.996 1.053 1.095 1.101 1.076 1.044 0.986 0.943 0.889 0.764 0.755 2.033 
5.000 150.000 -1.861 -1.582 -1.204 -1.007 -0.760 -0.423 -0.193 0.118 0.324 0.584 0.705 0.833 0.897 0.958 1.010 1.046 1.049 1.019 0.986 0.929 0.886 0.833 0.712 0.703 2.000 
5.000 175.000 -1.920 -1.642 -1.265 -1.068 -0.822 -0.486 -0.256 0.052 0.256 0.511 0.629 0.752 0.811 0.866 0.910 0.932 0.926 0.889 0.854 0.796 0.755 0.703 0.591 0.583 1.922 
5.000 200.000 -1.972 -1.694 -1.318 -1.121 -0.876 -0.541 -0.312 -0.006 0.196 0.447 0.561 0.679 0.734 0.783 0.818 0.828 0.814 0.770 0.734 0.676 0.636 0.587 0.482 0.475 1.850 
5.000 250.000 -2.047 -1.770 -1.395 -1.198 -0.954 -0.621 -0.395 -0.093 0.104 0.345 0.452 0.558 0.604 0.640 0.658 0.643 0.615 0.560 0.522 0.467 0.431 0.388 0.299 0.293 1.710 
5.000 300.000 -2.108 -1.831 -1.457 -1.261 -1.018 -0.686 -0.462 -0.164 0.028 0.260 0.359 0.453 0.490 0.515 0.516 0.480 0.441 0.377 0.340 0.290 0.257 0.220 0.145 0.140 1.589 
5.000 350.000 -2.164 -1.887 -1.513 -1.318 -1.075 -0.746 -0.523 -0.229 -0.041 0.181 0.274 0.356 0.386 0.400 0.387 0.333 0.285 0.217 0.180 0.134 0.106 0.073 0.010 0.006 1.481 
5.000 400.000 -2.214 -1.937 -1.563 -1.368 -1.126 -0.798 -0.577 -0.287 -0.103 0.110 0.196 0.268 0.290 0.294 0.268 0.198 0.143 0.072 0.038 -0.004 -0.029 -0.057 -0.110 -0.113 1.386 
5.000 450.000 -2.233 -1.957 -1.583 -1.388 -1.146 -0.819 -0.600 -0.315 -0.136 0.068 0.147 0.209 0.223 0.217 0.178 0.094 0.031 -0.042 -0.075 -0.112 -0.134 -0.158 -0.203 -0.206 1.280 
5.000 500.000 -2.257 -1.980 -1.606 -1.411 -1.170 -0.844 -0.627 -0.345 -0.170 0.024 0.097 0.149 0.156 0.141 0.091 -0.007 -0.074 -0.149 -0.180 -0.213 -0.232 -0.253 -0.291 -0.293 1.183 
5.000 600.000 -2.302 -2.024 -1.650 -1.455 -1.214 -0.891 -0.677 -0.405 -0.239 -0.063 -0.004 0.027 0.021 -0.012 -0.083 -0.202 -0.276 -0.348 -0.373 -0.397 -0.410 -0.424 -0.449 -0.451 1.010 
5.000 700.000 -2.351 -2.072 -1.697 -1.502 -1.261 -0.941 -0.730 -0.466 -0.309 -0.151 -0.105 -0.092 -0.111 -0.158 -0.246 -0.381 -0.458 -0.526 -0.546 -0.562 -0.570 -0.579 -0.595 -0.596 0.856 
5.000 800.000 -2.403 -2.122 -1.745 -1.550 -1.310 -0.991 -0.784 -0.528 -0.380 -0.240 -0.206 -0.210 -0.240 -0.301 -0.403 -0.549 -0.627 -0.689 -0.704 -0.712 -0.716 -0.720 -0.730 -0.731 0.716 
5.000 1000.000 -2.533 -2.249 -1.867 -1.670 -1.429 -1.113 -0.911 -0.669 -0.537 -0.426 -0.411 -0.443 -0.490 -0.569 -0.690 -0.848 -0.925 -0.975 -0.981 -0.979 -0.977 -0.976 -0.978 -0.978 0.469 
5.000 1200.000 -2.647 -2.358 -1.971 -1.773 -1.532 -1.222 -1.028 -0.806 -0.694 -0.621 -0.630 -0.692 -0.757 -0.855 -0.991 -1.152 -1.221 -1.253 -1.249 -1.235 -1.227 -1.221 -1.217 -1.217 0.243 
5.000 1500.000 -2.830 -2.531 -2.134 -1.933 -1.692 -1.388 -1.206 -1.013 -0.930 -0.910 -0.949 -1.049 -1.135 -1.252 -1.403 -1.564 -1.622 -1.635 -1.621 -1.598 -1.586 -1.576 -1.568 -1.568 -0.082 
5.500 0.000 0.290 0.558 0.922 1.114 1.352 1.680 1.905 2.208 2.409 2.665 2.787 2.924 3.001 3.085 3.182 3.298 3.358 3.394 3.382 3.333 3.287 3.221 3.043 3.028 4.463 
5.500 1.000 0.256 0.524 0.889 1.080 1.319 1.647 1.872 2.176 2.378 2.636 2.760 2.900 2.979 3.067 3.169 3.294 3.360 3.403 3.394 3.347 3.300 3.233 3.048 3.032 4.424 
5.500 5.000 0.044 0.312 0.676 0.867 1.106 1.434 1.660 1.966 2.170 2.431 2.559 2.704 2.787 2.881 2.993 3.134 3.213 3.272 3.269 3.227 3.181 3.113 2.916 2.898 4.217 
5.500 10.000 -0.175 0.092 0.456 0.646 0.885 1.212 1.438 1.742 1.945 2.205 2.331 2.474 2.555 2.647 2.755 2.890 2.965 3.020 3.017 2.976 2.933 2.868 2.685 2.669 3.932 
5.500 15.000 -0.355 -0.088 0.274 0.465 0.703 1.029 1.253 1.556 1.757 2.013 2.137 2.276 2.354 2.441 2.542 2.665 2.732 2.778 2.772 2.731 2.689 2.628 2.461 2.446 3.686 
5.500 20.000 -0.486 -0.220 0.142 0.332 0.569 0.895 1.118 1.418 1.618 1.871 1.992 2.127 2.202 2.284 2.378 2.490 2.549 2.586 2.578 2.537 2.496 2.439 2.284 2.271 3.497 
5.500 25.000 -0.594 -0.328 0.033 0.222 0.459 0.783 1.006 1.305 1.502 1.752 1.870 2.001 2.073 2.151 2.238 2.340 2.392 2.421 2.411 2.370 2.331 2.275 2.131 2.119 3.339 
5.500 30.000 -0.685 -0.420 -0.059 0.130 0.366 0.690 0.911 1.209 1.405 1.652 1.769 1.897 1.966 2.041 2.123 2.217 2.264 2.288 2.276 2.234 2.196 2.142 2.004 1.993 3.211 
5.500 40.000 -0.828 -0.563 -0.204 -0.015 0.220 0.542 0.763 1.058 1.253 1.496 1.610 1.733 1.799 1.869 1.944 2.026 2.064 2.080 2.066 2.024 1.986 1.935 1.806 1.796 3.017 
5.500 50.000 -0.941 -0.677 -0.319 -0.131 0.104 0.425 0.645 0.939 1.132 1.372 1.484 1.604 1.667 1.733 1.802 1.876 1.909 1.919 1.903 1.860 1.823 1.773 1.649 1.640 2.869 
5.500 60.000 -1.015 -0.751 -0.394 -0.206 0.028 0.348 0.567 0.859 1.051 1.289 1.398 1.515 1.576 1.639 1.703 1.769 1.796 1.800 1.781 1.737 1.700 1.651 1.530 1.521 2.779 
5.500 70.000 -1.046 -0.783 -0.426 -0.239 -0.006 0.313 0.531 0.821 1.011 1.244 1.351 1.463 1.520 1.577 1.633 1.687 1.706 1.701 1.680 1.634 1.598 1.549 1.435 1.427 2.717 
5.500 80.000 -1.073 -0.811 -0.455 -0.268 -0.035 0.283 0.500 0.790 0.979 1.211 1.316 1.427 1.483 1.538 1.591 1.640 1.655 1.645 1.622 1.575 1.537 1.488 1.374 1.365 2.675 
5.500 90.000 -1.098 -0.836 -0.480 -0.294 -0.062 0.256 0.473 0.762 0.950 1.181 1.285 1.394 1.449 1.502 1.552 1.596 1.608 1.594 1.569 1.520 1.481 1.432 1.317 1.309 2.641 
5.500 100.000 -1.120 -0.859 -0.504 -0.318 -0.085 0.232 0.448 0.736 0.924 1.153 1.257 1.364 1.417 1.468 1.516 1.555 1.564 1.545 1.518 1.468 1.429 1.379 1.265 1.257 2.611 
5.500 110.000 -1.141 -0.879 -0.525 -0.339 -0.107 0.210 0.426 0.713 0.900 1.128 1.230 1.336 1.387 1.437 1.482 1.516 1.521 1.499 1.471 1.419 1.380 1.330 1.217 1.209 2.584 
5.500 120.000 -1.160 -0.899 -0.545 -0.359 -0.128 0.189 0.404 0.691 0.877 1.104 1.205 1.309 1.359 1.407 1.449 1.479 1.481 1.455 1.425 1.372 1.333 1.283 1.171 1.163 2.559 
5.500 130.000 -1.184 -0.924 -0.570 -0.384 -0.153 0.163 0.378 0.664 0.849 1.075 1.175 1.277 1.326 1.372 1.411 1.437 1.436 1.407 1.376 1.323 1.283 1.234 1.123 1.116 2.529 
5.500 140.000 -1.207 -0.947 -0.594 -0.408 -0.177 0.138 0.353 0.638 0.823 1.046 1.145 1.246 1.293 1.337 1.373 1.393 1.389 1.357 1.325 1.272 1.232 1.184 1.075 1.068 2.499 
5.500 150.000 -1.228 -0.968 -0.615 -0.430 -0.200 0.115 0.330 0.614 0.797 1.019 1.117 1.214 1.260 1.300 1.332 1.347 1.340 1.304 1.271 1.218 1.179 1.131 1.026 1.019 2.468 
5.500 175.000 -1.280 -1.020 -0.668 -0.483 -0.253 0.060 0.273 0.555 0.736 0.953 1.047 1.139 1.180 1.214 1.237 1.239 1.223 1.180 1.146 1.093 1.056 1.011 0.914 0.908 2.396 
5.500 200.000 -1.324 -1.065 -0.713 -0.529 -0.300 0.013 0.225 0.504 0.683 0.895 0.985 1.071 1.108 1.136 1.150 1.139 1.117 1.068 1.033 0.981 0.946 0.903 0.814 0.808 2.329 
5.500 250.000 -1.391 -1.133 -0.783 -0.599 -0.371 -0.060 0.149 0.424 0.598 0.799 0.882 0.955 0.982 0.998 0.994 0.960 0.925 0.867 0.832 0.784 0.753 0.716 0.641 0.637 2.199 
5.500 300.000 -1.448 -1.190 -0.841 -0.658 -0.430 -0.122 0.086 0.356 0.525 0.716 0.791 0.853 0.871 0.875 0.856 0.802 0.757 0.694 0.660 0.617 0.590 0.558 0.496 0.492 2.086 
5.500 350.000 -1.501 -1.243 -0.894 -0.711 -0.484 -0.177 0.028 0.294 0.459 0.641 0.709 0.759 0.770 0.764 0.731 0.661 0.608 0.542 0.510 0.472 0.448 0.421 0.369 0.366 1.991 
5.500 400.000 -1.547 -1.289 -0.940 -0.758 -0.532 -0.226 -0.022 0.239 0.399 0.572 0.633 0.674 0.677 0.660 0.615 0.531 0.473 0.405 0.376 0.342 0.322 0.299 0.256 0.254 1.905 
5.500 450.000 -1.577 -1.319 -0.970 -0.787 -0.562 -0.257 -0.055 0.202 0.358 0.521 0.576 0.606 0.602 0.577 0.520 0.423 0.360 0.292 0.265 0.235 0.218 0.199 0.163 0.162 1.813 
5.500 500.000 -1.606 -1.348 -0.998 -0.816 -0.591 -0.288 -0.087 0.166 0.317 0.472 0.520 0.540 0.529 0.495 0.428 0.320 0.254 0.187 0.162 0.137 0.123 0.107 0.078 0.076 1.728 
5.500 600.000 -1.660 -1.401 -1.051 -0.869 -0.644 -0.344 -0.147 0.098 0.240 0.376 0.411 0.412 0.388 0.337 0.252 0.127 0.057 -0.005 -0.024 -0.039 -0.047 -0.056 -0.075 -0.076 1.577 
5.500 700.000 -1.713 -1.453 -1.102 -0.919 -0.695 -0.397 -0.204 0.033 0.166 0.284 0.307 0.290 0.254 0.190 0.089 -0.048 -0.120 -0.176 -0.189 -0.196 -0.199 -0.204 -0.215 -0.215 1.443 
5.500 800.000 -1.768 -1.507 -1.154 -0.971 -0.747 -0.451 -0.261 -0.033 0.091 0.191 0.202 0.169 0.123 0.047 -0.066 -0.211 -0.282 -0.330 -0.338 -0.338 -0.337 -0.338 -0.343 -0.343 1.319 
5.500 1000.000 -1.899 -1.633 -1.276 -1.091 -0.866 -0.574 -0.389 -0.176 -0.068 0.003 -0.006 -0.066 -0.128 -0.221 -0.349 -0.502 -0.568 -0.602 -0.600 -0.590 -0.584 -0.579 -0.577 -0.577 1.098 
5.500 1200.000 -2.005 -1.734 -1.372 -1.186 -0.961 -0.674 -0.498 -0.305 -0.217 -0.184 -0.215 -0.303 -0.382 -0.490 -0.630 -0.782 -0.839 -0.854 -0.842 -0.822 -0.811 -0.802 -0.795 -0.795 0.893 
5.500 1500.000 -2.178 -1.897 -1.524 -1.335 -1.110 -0.831 -0.668 -0.504 -0.447 -0.466 -0.527 -0.652 -0.750 -0.876 -1.027 -1.174 -1.219 -1.215 -1.194 -1.165 -1.150 -1.138 -1.129 -1.129 0.598 
6.000 0.000 0.641 0.887 1.222 1.398 1.618 1.919 2.124 2.396 2.574 2.793 2.895 3.010 3.074 3.146 3.230 3.332 3.384 3.412 3.398 3.351 3.308 3.247 3.087 3.074 4.657 
6.000 1.000 0.614 0.861 1.196 1.372 1.592 1.893 2.099 2.372 2.550 2.771 2.876 2.993 3.060 3.135 3.225 3.335 3.393 3.427 3.416 3.370 3.326 3.264 3.098 3.084 4.632 
6.000 5.000 0.442 0.689 1.023 1.200 1.420 1.721 1.928 2.203 2.384 2.610 2.718 2.842 2.914 2.996 3.097 3.226 3.297 3.347 3.341 3.298 3.254 3.189 3.006 2.990 4.505 
6.000 10.000 0.257 0.502 0.837 1.012 1.232 1.533 1.739 2.013 2.193 2.419 2.526 2.649 2.720 2.801 2.901 3.027 3.097 3.146 3.140 3.099 3.056 2.993 2.818 2.803 4.283 
6.000 15.000 0.100 0.345 0.679 0.854 1.073 1.373 1.578 1.851 2.030 2.252 2.358 2.477 2.546 2.623 2.717 2.834 2.898 2.940 2.933 2.892 2.850 2.791 2.628 2.614 4.070 
6.000 20.000 -0.020 0.225 0.558 0.733 0.951 1.250 1.454 1.726 1.903 2.123 2.226 2.342 2.408 2.482 2.569 2.677 2.734 2.770 2.761 2.720 2.680 2.623 2.471 2.459 3.902 
6.000 25.000 -0.117 0.128 0.460 0.634 0.852 1.150 1.354 1.623 1.799 2.015 2.116 2.228 2.291 2.361 2.442 2.540 2.590 2.618 2.608 2.567 2.528 2.474 2.333 2.321 3.756 
6.000 30.000 -0.199 0.045 0.376 0.550 0.768 1.065 1.268 1.536 1.710 1.924 2.023 2.133 2.193 2.259 2.335 2.425 2.471 2.494 2.482 2.441 2.403 2.351 2.216 2.206 3.635 
6.000 40.000 -0.331 -0.088 0.243 0.416 0.633 0.929 1.130 1.397 1.569 1.779 1.875 1.980 2.037 2.098 2.167 2.246 2.284 2.299 2.285 2.244 2.207 2.157 2.031 2.021 3.451 
6.000 50.000 -0.435 -0.192 0.137 0.310 0.526 0.821 1.022 1.286 1.457 1.664 1.759 1.860 1.914 1.972 2.035 2.105 2.137 2.146 2.131 2.089 2.053 2.004 1.883 1.874 3.310 
6.000 60.000 -0.499 -0.258 0.071 0.244 0.459 0.753 0.953 1.216 1.385 1.590 1.682 1.780 1.831 1.885 1.943 2.004 2.030 2.033 2.015 1.972 1.936 1.888 1.772 1.763 3.225 
6.000 70.000 -0.525 -0.284 0.044 0.216 0.431 0.724 0.922 1.183 1.351 1.551 1.640 1.732 1.780 1.828 1.878 1.927 1.945 1.939 1.919 1.875 1.839 1.792 1.682 1.674 3.165 
6.000 80.000 -0.548 -0.307 0.020 0.192 0.406 0.699 0.897 1.157 1.323 1.522 1.610 1.701 1.747 1.793 1.840 1.884 1.898 1.887 1.864 1.819 1.782 1.735 1.625 1.617 3.124 
6.000 90.000 -0.568 -0.328 -0.001 0.171 0.384 0.676 0.874 1.133 1.299 1.496 1.583 1.672 1.717 1.761 1.804 1.843 1.853 1.838 1.814 1.767 1.730 1.682 1.572 1.565 3.092 
6.000 100.000 -0.587 -0.347 -0.020 0.151 0.364 0.655 0.853 1.111 1.276 1.472 1.558 1.645 1.688 1.731 1.771 1.805 1.812 1.793 1.767 1.718 1.681 1.633 1.524 1.516 3.063 
6.000 110.000 -0.605 -0.365 -0.039 0.132 0.345 0.636 0.833 1.091 1.255 1.449 1.534 1.619 1.661 1.701 1.739 1.768 1.772 1.749 1.721 1.672 1.634 1.587 1.479 1.471 3.037 
6.000 120.000 -0.621 -0.382 -0.056 0.114 0.327 0.618 0.814 1.071 1.235 1.428 1.511 1.595 1.636 1.674 1.708 1.733 1.734 1.707 1.679 1.628 1.590 1.543 1.436 1.429 3.014 
6.000 130.000 -0.643 -0.404 -0.079 0.092 0.305 0.594 0.790 1.047 1.210 1.401 1.484 1.566 1.605 1.641 1.673 1.693 1.691 1.662 1.632 1.581 1.544 1.497 1.392 1.385 2.986 
6.000 140.000 -0.664 -0.425 -0.100 0.070 0.283 0.572 0.767 1.023 1.185 1.375 1.456 1.536 1.574 1.608 1.637 1.652 1.646 1.614 1.584 1.533 1.495 1.449 1.347 1.340 2.957 
6.000 150.000 -0.682 -0.444 -0.119 0.051 0.263 0.552 0.747 1.001 1.162 1.350 1.430 1.507 1.543 1.574 1.599 1.608 1.599 1.564 1.532 1.482 1.445 1.400 1.301 1.294 2.929 
6.000 175.000 -0.726 -0.488 -0.165 0.005 0.216 0.504 0.698 0.950 1.109 1.291 1.367 1.438 1.469 1.494 1.509 1.505 1.488 1.446 1.414 1.364 1.329 1.286 1.195 1.190 2.863 
6.000 200.000 -0.765 -0.528 -0.205 -0.036 0.175 0.462 0.654 0.904 1.060 1.238 1.310 1.375 1.402 1.420 1.426 1.410 1.386 1.339 1.306 1.258 1.225 1.185 1.101 1.096 2.801 
6.000 250.000 -0.830 -0.593 -0.271 -0.102 0.108 0.392 0.583 0.828 0.979 1.146 1.211 1.264 1.281 1.287 1.276 1.238 1.202 1.147 1.115 1.070 1.041 1.007 0.938 0.934 2.683 
6.000 300.000 -0.891 -0.654 -0.333 -0.164 0.045 0.328 0.516 0.758 0.905 1.063 1.121 1.163 1.173 1.168 1.144 1.088 1.044 0.984 0.953 0.913 0.887 0.858 0.799 0.796 2.583 
6.000 350.000 -0.938 -0.701 -0.380 -0.212 -0.004 0.278 0.465 0.702 0.844 0.993 1.044 1.075 1.076 1.062 1.023 0.952 0.901 0.839 0.809 0.774 0.753 0.728 0.680 0.677 2.495 
6.000 400.000 -0.982 -0.746 -0.425 -0.257 -0.048 0.231 0.417 0.650 0.788 0.927 0.972 0.993 0.986 0.962 0.912 0.827 0.770 0.708 0.681 0.651 0.633 0.613 0.573 0.571 2.415 
6.000 450.000 -1.018 -0.781 -0.460 -0.292 -0.085 0.194 0.378 0.607 0.741 0.872 0.910 0.921 0.908 0.875 0.814 0.718 0.658 0.596 0.572 0.546 0.532 0.515 0.482 0.481 2.335 
6.000 500.000 -1.055 -0.817 -0.496 -0.328 -0.120 0.157 0.339 0.565 0.695 0.818 0.850 0.852 0.833 0.792 0.722 0.616 0.553 0.493 0.471 0.450 0.439 0.425 0.398 0.397 2.263 
6.000 600.000 -1.114 -0.875 -0.553 -0.385 -0.178 0.098 0.276 0.494 0.614 0.719 0.738 0.721 0.689 0.633 0.546 0.425 0.360 0.306 0.291 0.280 0.274 0.267 0.251 0.250 2.132 
6.000 700.000 -1.174 -0.934 -0.610 -0.442 -0.235 0.038 0.214 0.423 0.536 0.623 0.631 0.597 0.554 0.485 0.384 0.254 0.188 0.141 0.132 0.129 0.128 0.125 0.116 0.116 2.011 
6.000 800.000 -1.228 -0.987 -0.661 -0.492 -0.286 -0.014 0.158 0.359 0.461 0.531 0.526 0.476 0.423 0.343 0.230 0.093 0.029 -0.009 -0.012 -0.007 -0.004 -0.003 -0.006 -0.006 1.903 
6.000 1000.000 -1.355 -1.109 -0.778 -0.608 -0.400 -0.132 0.034 0.221 0.308 0.347 0.323 0.246 0.177 0.080 -0.047 -0.189 -0.247 -0.269 -0.263 -0.248 -0.240 -0.233 -0.229 -0.230 1.707 
6.000 1200.000 -1.462 -1.210 -0.874 -0.702 -0.494 -0.231 -0.073 0.094 0.161 0.165 0.119 0.015 -0.069 -0.180 -0.316 -0.456 -0.504 -0.508 -0.492 -0.467 -0.454 -0.444 -0.436 -0.436 1.517 
6.000 1500.000 -1.626 -1.364 -1.017 -0.841 -0.633 -0.377 -0.232 -0.095 -0.057 -0.105 -0.180 -0.318 -0.420 -0.547 -0.693 -0.827 -0.862 -0.847 -0.822 -0.790 -0.774 -0.762 -0.752 -0.752 1.247 
6.500 0.000 0.926 1.148 1.451 1.610 1.808 2.079 2.262 2.502 2.656 2.844 2.932 3.032 3.091 3.158 3.239 3.340 3.392 3.420 3.408 3.363 3.321 3.262 3.108 3.096 4.855 
6.500 1.000 0.899 1.122 1.424 1.583 1.782 2.053 2.236 2.478 2.633 2.823 2.913 3.017 3.077 3.148 3.235 3.344 3.403 3.438 3.428 3.384 3.342 3.282 3.122 3.109 4.841 
6.500 5.000 0.757 0.979 1.281 1.440 1.639 1.911 2.095 2.339 2.496 2.692 2.786 2.896 2.962 3.040 3.138 3.266 3.338 3.388 3.384 3.342 3.299 3.236 3.058 3.042 4.764 
6.500 10.000 0.603 0.825 1.127 1.285 1.484 1.755 1.939 2.182 2.339 2.535 2.629 2.739 2.805 2.883 2.982 3.110 3.182 3.233 3.229 3.189 3.147 3.085 2.910 2.894 4.605 
6.500 15.000 0.467 0.689 0.990 1.148 1.346 1.617 1.800 2.042 2.199 2.392 2.485 2.593 2.658 2.734 2.829 2.951 3.019 3.066 3.061 3.021 2.980 2.920 2.753 2.738 4.431 
6.500 20.000 0.359 0.580 0.880 1.038 1.236 1.506 1.688 1.929 2.085 2.276 2.368 2.473 2.535 2.609 2.700 2.815 2.878 2.921 2.914 2.874 2.834 2.776 2.617 2.604 4.286 
6.500 25.000 0.271 0.491 0.791 0.949 1.146 1.415 1.597 1.836 1.991 2.180 2.269 2.371 2.431 2.501 2.586 2.693 2.750 2.787 2.778 2.739 2.699 2.643 2.494 2.482 4.156 
6.500 30.000 0.196 0.416 0.716 0.873 1.069 1.338 1.519 1.758 1.910 2.097 2.185 2.285 2.342 2.409 2.490 2.590 2.642 2.673 2.664 2.624 2.585 2.531 2.389 2.377 4.047 
6.500 40.000 0.073 0.293 0.591 0.748 0.944 1.211 1.391 1.628 1.779 1.963 2.048 2.144 2.198 2.260 2.335 2.424 2.469 2.493 2.482 2.441 2.404 2.352 2.219 2.208 3.874 
6.500 50.000 -0.022 0.197 0.494 0.651 0.846 1.112 1.291 1.526 1.676 1.857 1.940 2.032 2.084 2.143 2.211 2.292 2.332 2.349 2.336 2.296 2.259 2.209 2.082 2.073 3.740 
6.500 60.000 -0.079 0.140 0.437 0.592 0.787 1.052 1.231 1.464 1.613 1.791 1.872 1.960 2.009 2.064 2.127 2.198 2.231 2.242 2.226 2.184 2.148 2.099 1.977 1.968 3.661 
6.500 70.000 -0.100 0.118 0.414 0.569 0.763 1.027 1.205 1.436 1.583 1.757 1.834 1.918 1.963 2.012 2.067 2.126 2.151 2.152 2.134 2.091 2.055 2.008 1.893 1.884 3.605 
6.500 80.000 -0.119 0.099 0.394 0.549 0.743 1.006 1.183 1.414 1.560 1.732 1.809 1.891 1.934 1.981 2.032 2.086 2.107 2.103 2.083 2.038 2.002 1.954 1.839 1.831 3.566 
6.500 90.000 -0.136 0.081 0.376 0.531 0.724 0.987 1.164 1.394 1.539 1.709 1.785 1.865 1.908 1.952 2.000 2.049 2.065 2.058 2.035 1.989 1.952 1.904 1.790 1.782 3.536 
6.500 100.000 -0.152 0.065 0.360 0.514 0.707 0.969 1.146 1.375 1.519 1.689 1.763 1.842 1.883 1.925 1.970 2.013 2.027 2.014 1.991 1.943 1.905 1.857 1.744 1.736 3.508 
6.500 110.000 -0.168 0.049 0.343 0.497 0.690 0.952 1.128 1.357 1.500 1.668 1.742 1.818 1.858 1.899 1.940 1.979 1.989 1.973 1.948 1.899 1.861 1.813 1.701 1.694 3.486 
6.500 120.000 -0.182 0.034 0.328 0.482 0.674 0.936 1.111 1.339 1.482 1.649 1.721 1.796 1.834 1.873 1.912 1.946 1.953 1.933 1.907 1.857 1.820 1.771 1.661 1.654 3.464 
6.500 130.000 -0.202 0.014 0.307 0.461 0.653 0.914 1.090 1.317 1.459 1.625 1.696 1.769 1.806 1.843 1.879 1.908 1.912 1.890 1.862 1.813 1.775 1.728 1.620 1.612 3.437 
6.500 140.000 -0.221 -0.006 0.288 0.442 0.633 0.894 1.069 1.296 1.437 1.601 1.671 1.742 1.777 1.812 1.844 1.869 1.870 1.844 1.816 1.766 1.729 1.682 1.578 1.570 3.411 
6.500 150.000 -0.237 -0.022 0.271 0.425 0.617 0.877 1.051 1.277 1.417 1.579 1.647 1.716 1.749 1.780 1.809 1.827 1.824 1.795 1.767 1.717 1.681 1.635 1.534 1.527 3.387 
6.500 175.000 -0.276 -0.061 0.232 0.385 0.576 0.835 1.008 1.231 1.369 1.526 1.590 1.652 1.680 1.705 1.724 1.728 1.717 1.681 1.652 1.603 1.569 1.527 1.435 1.429 3.328 
6.500 200.000 -0.311 -0.097 0.195 0.348 0.539 0.797 0.969 1.190 1.325 1.477 1.538 1.593 1.617 1.635 1.645 1.638 1.619 1.578 1.548 1.502 1.469 1.430 1.346 1.341 3.271 
6.500 250.000 -0.380 -0.166 0.125 0.278 0.467 0.724 0.894 1.112 1.243 1.386 1.440 1.485 1.500 1.507 1.502 1.474 1.444 1.396 1.366 1.323 1.294 1.260 1.190 1.186 3.165 
6.500 300.000 -0.439 -0.225 0.066 0.218 0.408 0.663 0.832 1.045 1.173 1.307 1.355 1.390 1.398 1.395 1.376 1.330 1.293 1.240 1.211 1.172 1.147 1.117 1.058 1.055 3.073 
6.500 350.000 -0.484 -0.270 0.021 0.173 0.362 0.616 0.783 0.993 1.116 1.241 1.282 1.306 1.306 1.293 1.260 1.199 1.154 1.099 1.072 1.039 1.018 0.994 0.945 0.943 2.992 
6.500 400.000 -0.524 -0.309 -0.019 0.133 0.322 0.575 0.740 0.946 1.065 1.181 1.215 1.228 1.220 1.198 1.153 1.078 1.028 0.973 0.949 0.921 0.904 0.884 0.845 0.843 2.918 
6.500 450.000 -0.566 -0.351 -0.060 0.092 0.280 0.532 0.697 0.899 1.014 1.122 1.150 1.155 1.141 1.110 1.055 0.970 0.916 0.862 0.841 0.818 0.804 0.788 0.756 0.754 2.849 
6.500 500.000 -0.605 -0.390 -0.098 0.054 0.242 0.493 0.657 0.856 0.967 1.067 1.089 1.085 1.065 1.026 0.962 0.868 0.813 0.760 0.742 0.723 0.713 0.700 0.674 0.673 2.784 
6.500 600.000 -0.666 -0.450 -0.157 -0.004 0.184 0.433 0.593 0.785 0.887 0.969 0.979 0.956 0.923 0.870 0.789 0.680 0.622 0.577 0.565 0.557 0.552 0.546 0.531 0.530 2.669 
6.500 700.000 -0.732 -0.514 -0.219 -0.066 0.123 0.370 0.527 0.711 0.805 0.870 0.869 0.829 0.786 0.720 0.626 0.508 0.451 0.414 0.409 0.409 0.409 0.408 0.401 0.400 2.557 
6.500 800.000 -0.783 -0.563 -0.266 -0.112 0.076 0.321 0.475 0.650 0.735 0.782 0.768 0.712 0.658 0.580 0.475 0.351 0.296 0.268 0.270 0.278 0.282 0.285 0.283 0.283 2.461 
6.500 1000.000 -0.904 -0.679 -0.377 -0.221 -0.032 0.210 0.358 0.518 0.586 0.602 0.568 0.484 0.414 0.320 0.201 0.074 0.026 0.016 0.027 0.046 0.056 0.064 0.069 0.069 2.286 
6.500 1200.000 -1.012 -0.781 -0.472 -0.314 -0.124 0.114 0.254 0.396 0.445 0.427 0.372 0.263 0.179 0.072 -0.056 -0.180 -0.217 -0.210 -0.190 -0.162 -0.148 -0.137 -0.128 -0.128 2.109 
6.500 1500.000 -1.167 -0.925 -0.604 -0.443 -0.252 -0.021 0.107 0.219 0.239 0.170 0.086 -0.057 -0.158 -0.280 -0.416 -0.532 -0.557 -0.531 -0.502 -0.468 -0.451 -0.437 -0.427 -0.427 1.860 
7.000 0.000 1.165 1.362 1.630 1.771 1.947 2.185 2.346 2.555 2.688 2.851 2.930 3.023 3.080 3.148 3.233 3.341 3.398 3.434 3.425 3.384 3.343 3.285 3.130 3.117 5.060 
7.000 1.000 1.137 1.334 1.602 1.743 1.919 2.158 2.318 2.528 2.663 2.829 2.909 3.006 3.065 3.136 3.227 3.343 3.407 3.451 3.444 3.404 3.364 3.305 3.144 3.130 5.055 
7.000 5.000 1.016 1.213 1.481 1.621 1.797 2.037 2.199 2.410 2.547 2.717 2.801 2.904 2.967 3.045 3.146 3.280 3.356 3.413 3.412 3.374 3.332 3.270 3.093 3.077 5.007 
7.000 10.000 0.879 1.076 1.343 1.484 1.660 1.899 2.061 2.273 2.409 2.581 2.666 2.770 2.835 2.914 3.018 3.156 3.235 3.297 3.297 3.260 3.219 3.156 2.975 2.959 4.893 
7.000 15.000 0.763 0.959 1.226 1.366 1.542 1.781 1.942 2.153 2.290 2.460 2.544 2.647 2.711 2.790 2.891 3.026 3.103 3.161 3.160 3.123 3.082 3.020 2.844 2.828 4.751 
7.000 20.000 0.666 0.862 1.128 1.268 1.443 1.682 1.843 2.053 2.189 2.358 2.441 2.543 2.605 2.682 2.780 2.910 2.984 3.038 3.036 2.999 2.958 2.898 2.727 2.712 4.631 
7.000 25.000 0.586 0.782 1.048 1.187 1.362 1.600 1.760 1.970 2.104 2.272 2.354 2.452 2.513 2.587 2.682 2.805 2.874 2.923 2.920 2.882 2.842 2.783 2.620 2.605 4.522 
7.000 30.000 0.520 0.715 0.981 1.120 1.295 1.532 1.691 1.900 2.034 2.199 2.280 2.376 2.435 2.506 2.597 2.713 2.777 2.821 2.816 2.778 2.739 2.682 2.526 2.512 4.430 
7.000 40.000 0.410 0.605 0.869 1.008 1.182 1.418 1.577 1.784 1.916 2.079 2.157 2.250 2.306 2.373 2.457 2.564 2.621 2.657 2.650 2.611 2.572 2.517 2.371 2.359 4.277 
7.000 50.000 0.326 0.520 0.783 0.922 1.095 1.330 1.488 1.694 1.825 1.985 2.061 2.151 2.204 2.268 2.346 2.443 2.494 2.524 2.514 2.475 2.437 2.384 2.245 2.234 4.159 
7.000 60.000 0.276 0.470 0.733 0.871 1.043 1.278 1.435 1.639 1.769 1.926 2.000 2.086 2.137 2.196 2.268 2.355 2.399 2.421 2.409 2.368 2.331 2.279 2.147 2.136 4.087 
7.000 70.000 0.258 0.451 0.713 0.851 1.023 1.256 1.413 1.615 1.743 1.896 1.968 2.049 2.096 2.150 2.214 2.289 2.324 2.337 2.321 2.279 2.243 2.192 2.068 2.058 4.034 
7.000 80.000 0.242 0.434 0.696 0.834 1.006 1.238 1.394 1.596 1.723 1.875 1.945 2.024 2.070 2.122 2.182 2.252 2.283 2.290 2.273 2.229 2.191 2.141 2.017 2.008 3.999 
7.000 90.000 0.228 0.420 0.682 0.819 0.990 1.223 1.378 1.579 1.706 1.856 1.925 2.002 2.046 2.096 2.153 2.217 2.244 2.246 2.227 2.181 2.143 2.093 1.971 1.961 3.970 
7.000 100.000 0.215 0.406 0.668 0.805 0.976 1.208 1.363 1.564 1.689 1.838 1.906 1.981 2.024 2.071 2.125 2.183 2.207 2.205 2.184 2.137 2.099 2.048 1.928 1.919 3.944 
7.000 110.000 0.200 0.392 0.653 0.790 0.960 1.192 1.347 1.547 1.672 1.819 1.886 1.960 2.001 2.046 2.097 2.151 2.171 2.165 2.142 2.095 2.056 2.006 1.887 1.879 3.922 
7.000 120.000 0.187 0.378 0.639 0.776 0.946 1.178 1.332 1.531 1.656 1.802 1.868 1.939 1.979 2.022 2.070 2.119 2.135 2.126 2.102 2.054 2.016 1.966 1.850 1.841 3.900 
7.000 130.000 0.168 0.360 0.620 0.757 0.927 1.158 1.312 1.511 1.635 1.780 1.844 1.914 1.953 1.994 2.039 2.083 2.096 2.084 2.059 2.011 1.973 1.924 1.810 1.802 3.876 
7.000 140.000 0.151 0.342 0.602 0.739 0.909 1.139 1.294 1.491 1.614 1.758 1.821 1.889 1.926 1.965 2.006 2.045 2.056 2.040 2.015 1.966 1.929 1.881 1.770 1.762 3.852 
7.000 150.000 0.136 0.327 0.587 0.723 0.893 1.124 1.277 1.474 1.596 1.737 1.799 1.865 1.899 1.936 1.973 2.006 2.012 1.993 1.967 1.919 1.882 1.835 1.729 1.722 3.831 
7.000 175.000 0.099 0.289 0.549 0.685 0.855 1.084 1.236 1.431 1.551 1.687 1.746 1.805 1.835 1.864 1.892 1.911 1.909 1.883 1.856 1.809 1.775 1.731 1.635 1.628 3.777 
7.000 200.000 0.062 0.253 0.512 0.648 0.817 1.045 1.197 1.390 1.508 1.640 1.695 1.749 1.775 1.798 1.818 1.825 1.817 1.785 1.757 1.712 1.679 1.639 1.550 1.545 3.725 
7.000 250.000 -0.005 0.185 0.444 0.580 0.749 0.976 1.126 1.316 1.430 1.554 1.603 1.646 1.664 1.677 1.681 1.668 1.649 1.609 1.582 1.540 1.512 1.477 1.403 1.398 3.628 
7.000 300.000 -0.055 0.135 0.394 0.530 0.698 0.924 1.073 1.259 1.369 1.485 1.527 1.559 1.569 1.571 1.561 1.530 1.501 1.457 1.431 1.394 1.370 1.340 1.280 1.276 3.548 
7.000 350.000 -0.098 0.092 0.351 0.487 0.655 0.880 1.028 1.210 1.316 1.423 1.458 1.480 1.482 1.474 1.450 1.403 1.367 1.321 1.297 1.266 1.246 1.222 1.173 1.170 3.475 
7.000 400.000 -0.137 0.054 0.313 0.449 0.617 0.841 0.987 1.166 1.268 1.366 1.394 1.406 1.400 1.383 1.347 1.286 1.245 1.199 1.178 1.152 1.136 1.117 1.078 1.075 3.409 
7.000 450.000 -0.180 0.012 0.272 0.407 0.575 0.799 0.944 1.120 1.218 1.308 1.331 1.334 1.322 1.296 1.251 1.180 1.135 1.090 1.071 1.051 1.038 1.023 0.991 0.989 3.346 
7.000 500.000 -0.218 -0.026 0.235 0.371 0.539 0.762 0.906 1.079 1.173 1.255 1.272 1.266 1.248 1.215 1.160 1.080 1.033 0.989 0.974 0.959 0.949 0.937 0.912 0.911 3.287 
7.000 600.000 -0.281 -0.087 0.175 0.312 0.480 0.702 0.842 1.008 1.094 1.158 1.162 1.137 1.106 1.057 0.986 0.891 0.842 0.807 0.799 0.795 0.792 0.787 0.773 0.772 3.181 
7.000 700.000 -0.345 -0.149 0.116 0.253 0.422 0.642 0.780 0.938 1.016 1.063 1.056 1.014 0.973 0.912 0.827 0.724 0.676 0.649 0.648 0.652 0.654 0.654 0.648 0.647 3.079 
7.000 800.000 -0.395 -0.197 0.070 0.208 0.377 0.595 0.730 0.879 0.947 0.976 0.956 0.897 0.845 0.772 0.676 0.567 0.522 0.506 0.512 0.524 0.531 0.535 0.535 0.535 2.989 
7.000 1000.000 -0.513 -0.310 -0.037 0.104 0.274 0.489 0.618 0.752 0.803 0.799 0.759 0.673 0.605 0.516 0.407 0.296 0.260 0.262 0.279 0.302 0.314 0.324 0.330 0.330 2.832 
7.000 1200.000 -0.612 -0.402 -0.122 0.021 0.192 0.403 0.524 0.640 0.671 0.632 0.571 0.459 0.377 0.275 0.158 0.051 0.025 0.045 0.070 0.101 0.117 0.129 0.139 0.139 2.668 
7.000 1500.000 -0.757 -0.535 -0.242 -0.095 0.077 0.281 0.390 0.474 0.476 0.386 0.295 0.150 0.051 -0.064 -0.187 -0.285 -0.298 -0.260 -0.228 -0.190 -0.172 -0.158 -0.147 -0.147 2.440 
7.500 0.000 1.375 1.546 1.779 1.901 2.053 2.260 2.398 2.578 2.692 2.837 2.909 2.999 3.055 3.125 3.215 3.331 3.395 3.439 3.433 3.395 3.355 3.298 3.141 3.127 5.239 
7.500 1.000 1.346 1.517 1.750 1.872 2.025 2.231 2.370 2.551 2.666 2.813 2.887 2.980 3.039 3.112 3.206 3.331 3.401 3.452 3.449 3.412 3.373 3.315 3.152 3.138 5.238 
7.500 5.000 1.242 1.413 1.646 1.769 1.921 2.128 2.268 2.450 2.567 2.718 2.795 2.892 2.955 3.034 3.137 3.276 3.356 3.419 3.421 3.386 3.346 3.285 3.109 3.093 5.208 
7.500 10.000 1.118 1.289 1.521 1.643 1.796 2.003 2.143 2.325 2.444 2.595 2.674 2.774 2.838 2.919 3.027 3.172 3.257 3.326 3.330 3.296 3.256 3.194 3.010 2.992 5.122 
7.500 15.000 1.014 1.185 1.417 1.539 1.691 1.898 2.037 2.220 2.338 2.490 2.568 2.668 2.733 2.814 2.921 3.066 3.151 3.220 3.224 3.190 3.149 3.087 2.902 2.885 5.018 
7.500 20.000 0.930 1.100 1.332 1.453 1.605 1.812 1.951 2.133 2.251 2.402 2.480 2.579 2.643 2.723 2.828 2.970 3.053 3.120 3.122 3.088 3.047 2.985 2.804 2.787 4.924 
7.500 25.000 0.860 1.029 1.261 1.382 1.534 1.740 1.879 2.060 2.178 2.327 2.404 2.502 2.565 2.643 2.746 2.883 2.963 3.026 3.027 2.991 2.951 2.890 2.713 2.697 4.840 
7.500 30.000 0.800 0.969 1.200 1.321 1.473 1.678 1.817 1.997 2.114 2.263 2.339 2.435 2.496 2.572 2.672 2.805 2.881 2.939 2.939 2.903 2.863 2.803 2.632 2.616 4.764 
7.500 40.000 0.701 0.870 1.100 1.221 1.372 1.577 1.715 1.894 2.010 2.156 2.230 2.323 2.382 2.455 2.549 2.673 2.742 2.793 2.790 2.753 2.713 2.655 2.494 2.480 4.637 
7.500 50.000 0.628 0.796 1.026 1.146 1.297 1.501 1.638 1.816 1.931 2.074 2.146 2.236 2.292 2.362 2.450 2.564 2.627 2.670 2.664 2.627 2.588 2.532 2.380 2.367 4.541 
7.500 60.000 0.584 0.752 0.981 1.101 1.251 1.454 1.591 1.768 1.881 2.022 2.092 2.178 2.231 2.296 2.379 2.483 2.538 2.572 2.564 2.525 2.487 2.432 2.288 2.276 4.477 
7.500 70.000 0.568 0.735 0.964 1.084 1.233 1.436 1.571 1.747 1.858 1.996 2.064 2.146 2.196 2.256 2.331 2.423 2.470 2.495 2.484 2.443 2.405 2.352 2.215 2.204 4.430 
7.500 80.000 0.554 0.721 0.949 1.069 1.218 1.420 1.556 1.730 1.841 1.978 2.044 2.124 2.173 2.231 2.302 2.389 2.432 2.451 2.437 2.394 2.356 2.303 2.167 2.157 4.398 
7.500 90.000 0.542 0.709 0.937 1.056 1.205 1.407 1.542 1.716 1.826 1.961 2.027 2.105 2.152 2.208 2.276 2.356 2.395 2.409 2.393 2.349 2.310 2.257 2.123 2.113 4.372 
7.500 100.000 0.531 0.698 0.925 1.045 1.194 1.395 1.530 1.703 1.813 1.946 2.011 2.087 2.132 2.186 2.250 2.325 2.360 2.369 2.351 2.306 2.267 2.214 2.082 2.072 4.348 
7.500 110.000 0.518 0.684 0.912 1.031 1.180 1.381 1.515 1.688 1.797 1.929 1.993 2.067 2.111 2.162 2.224 2.294 2.325 2.330 2.311 2.264 2.225 2.173 2.044 2.034 4.327 
7.500 120.000 0.505 0.672 0.899 1.018 1.167 1.368 1.502 1.674 1.783 1.914 1.976 2.048 2.091 2.140 2.198 2.264 2.291 2.293 2.272 2.225 2.186 2.134 2.008 1.999 4.307 
7.500 130.000 0.488 0.654 0.881 1.001 1.149 1.350 1.484 1.656 1.763 1.893 1.954 2.025 2.066 2.114 2.169 2.230 2.254 2.252 2.231 2.184 2.145 2.094 1.971 1.962 4.286 
7.500 140.000 0.471 0.638 0.865 0.984 1.132 1.332 1.466 1.637 1.745 1.873 1.933 2.002 2.041 2.086 2.138 2.194 2.214 2.209 2.187 2.140 2.102 2.052 1.933 1.924 4.265 
7.500 150.000 0.457 0.623 0.849 0.968 1.117 1.317 1.450 1.621 1.727 1.853 1.912 1.978 2.016 2.058 2.106 2.155 2.172 2.163 2.141 2.094 2.056 2.008 1.894 1.886 4.246 
7.500 175.000 0.420 0.586 0.812 0.931 1.079 1.278 1.411 1.580 1.684 1.806 1.861 1.921 1.955 1.991 2.029 2.065 2.074 2.058 2.033 1.988 1.952 1.907 1.804 1.797 4.199 
7.500 200.000 0.382 0.548 0.774 0.893 1.041 1.240 1.372 1.539 1.642 1.760 1.812 1.867 1.897 1.927 1.958 1.982 1.984 1.963 1.938 1.893 1.860 1.818 1.724 1.717 4.153 
7.500 250.000 0.321 0.487 0.713 0.832 0.979 1.178 1.308 1.473 1.572 1.682 1.728 1.773 1.794 1.814 1.829 1.832 1.822 1.792 1.767 1.727 1.698 1.662 1.585 1.580 4.067 
7.500 300.000 0.275 0.442 0.668 0.787 0.934 1.132 1.261 1.422 1.517 1.619 1.658 1.692 1.705 1.714 1.714 1.697 1.678 1.642 1.619 1.584 1.560 1.531 1.468 1.464 3.996 
7.500 350.000 0.233 0.400 0.627 0.746 0.893 1.090 1.218 1.376 1.467 1.560 1.593 1.617 1.622 1.621 1.607 1.575 1.548 1.511 1.490 1.461 1.441 1.417 1.367 1.364 3.930 
7.500 400.000 0.196 0.363 0.591 0.710 0.857 1.054 1.181 1.335 1.423 1.507 1.533 1.547 1.545 1.534 1.509 1.462 1.430 1.393 1.375 1.352 1.336 1.317 1.278 1.275 3.870 
7.500 450.000 0.156 0.324 0.553 0.672 0.820 1.016 1.142 1.294 1.377 1.454 1.474 1.479 1.470 1.451 1.416 1.358 1.323 1.286 1.271 1.254 1.242 1.227 1.195 1.194 3.810 
7.500 500.000 0.119 0.288 0.517 0.637 0.785 0.981 1.106 1.254 1.334 1.403 1.417 1.412 1.397 1.370 1.325 1.259 1.221 1.187 1.175 1.163 1.155 1.144 1.120 1.119 3.754 
7.500 600.000 0.058 0.229 0.461 0.582 0.730 0.924 1.046 1.188 1.259 1.309 1.311 1.287 1.259 1.217 1.154 1.074 1.034 1.009 1.006 1.004 1.003 0.999 0.987 0.986 3.656 
7.500 700.000 -0.002 0.172 0.406 0.528 0.677 0.870 0.990 1.123 1.186 1.219 1.208 1.167 1.128 1.073 0.998 0.908 0.870 0.854 0.858 0.866 0.870 0.871 0.867 0.867 3.561 
7.500 800.000 -0.048 0.128 0.366 0.488 0.637 0.829 0.945 1.069 1.122 1.135 1.111 1.051 1.002 0.934 0.848 0.754 0.719 0.715 0.726 0.743 0.751 0.757 0.759 0.759 3.477 
7.500 1000.000 -0.161 0.022 0.266 0.391 0.542 0.731 0.841 0.949 0.984 0.963 0.918 0.831 0.765 0.682 0.583 0.488 0.463 0.478 0.500 0.528 0.542 0.553 0.560 0.560 3.334 
7.500 1200.000 -0.251 -0.062 0.190 0.318 0.470 0.654 0.756 0.845 0.859 0.803 0.736 0.623 0.544 0.448 0.341 0.252 0.237 0.269 0.298 0.334 0.351 0.365 0.375 0.375 3.184 
7.500 1500.000 -0.385 -0.182 0.084 0.215 0.368 0.545 0.634 0.690 0.673 0.564 0.468 0.322 0.227 0.118 0.007 -0.072 -0.073 -0.023 0.013 0.054 0.073 0.088 0.100 0.100 2.976 
7.800 0.000 1.476 1.632 1.844 1.955 2.094 2.282 2.408 2.571 2.677 2.813 2.883 2.973 3.030 3.103 3.196 3.320 3.389 3.439 3.436 3.399 3.360 3.302 3.140 3.126 5.336 
7.800 1.000 1.447 1.603 1.816 1.927 2.066 2.254 2.380 2.545 2.652 2.789 2.861 2.953 3.013 3.089 3.187 3.318 3.393 3.450 3.450 3.415 3.376 3.317 3.151 3.136 5.335 
7.800 5.000 1.351 1.507 1.719 1.831 1.970 2.158 2.285 2.451 2.560 2.701 2.775 2.872 2.935 3.016 3.122 3.266 3.351 3.420 3.424 3.391 3.352 3.291 3.111 3.094 5.310 
7.800 10.000 1.239 1.394 1.606 1.717 1.856 2.045 2.172 2.338 2.447 2.590 2.666 2.765 2.830 2.913 3.023 3.173 3.263 3.338 3.344 3.312 3.272 3.210 3.022 3.004 5.241 
7.800 15.000 1.143 1.298 1.509 1.621 1.759 1.948 2.075 2.241 2.351 2.494 2.569 2.669 2.734 2.817 2.928 3.080 3.170 3.246 3.252 3.220 3.180 3.117 2.927 2.909 5.154 
7.800 20.000 1.064 1.219 1.430 1.542 1.680 1.868 1.995 2.161 2.270 2.413 2.489 2.587 2.652 2.735 2.845 2.995 3.084 3.158 3.163 3.131 3.091 3.028 2.839 2.821 5.075 
7.800 25.000 0.999 1.154 1.364 1.475 1.614 1.801 1.928 2.094 2.202 2.344 2.419 2.517 2.581 2.663 2.770 2.917 3.004 3.074 3.079 3.046 3.005 2.943 2.758 2.740 5.003 
7.800 30.000 0.944 1.098 1.309 1.420 1.558 1.745 1.871 2.037 2.145 2.286 2.360 2.456 2.519 2.599 2.705 2.847 2.931 2.997 3.000 2.966 2.926 2.865 2.684 2.667 4.938 
7.800 40.000 0.852 1.006 1.215 1.326 1.463 1.650 1.776 1.940 2.047 2.186 2.259 2.353 2.414 2.491 2.591 2.726 2.803 2.863 2.863 2.828 2.788 2.728 2.556 2.540 4.822 
7.800 50.000 0.781 0.935 1.144 1.254 1.391 1.578 1.703 1.866 1.972 2.109 2.180 2.271 2.330 2.404 2.499 2.625 2.697 2.749 2.747 2.710 2.671 2.613 2.449 2.434 4.736 
7.800 60.000 0.739 0.893 1.101 1.211 1.348 1.534 1.658 1.821 1.925 2.060 2.129 2.217 2.273 2.342 2.432 2.548 2.612 2.655 2.650 2.612 2.572 2.516 2.360 2.347 4.677 
7.800 70.000 0.724 0.877 1.086 1.195 1.332 1.517 1.641 1.802 1.905 2.037 2.104 2.188 2.241 2.306 2.389 2.494 2.550 2.584 2.575 2.534 2.495 2.440 2.291 2.279 4.634 
7.800 80.000 0.712 0.865 1.073 1.182 1.318 1.503 1.627 1.787 1.890 2.020 2.086 2.168 2.220 2.283 2.362 2.461 2.512 2.540 2.529 2.487 2.447 2.391 2.245 2.233 4.603 
7.800 90.000 0.701 0.853 1.061 1.170 1.307 1.491 1.614 1.774 1.876 2.005 2.070 2.150 2.200 2.261 2.337 2.430 2.476 2.499 2.486 2.442 2.401 2.346 2.202 2.190 4.577 
7.800 100.000 0.690 0.843 1.050 1.159 1.295 1.480 1.603 1.762 1.864 1.991 2.055 2.133 2.182 2.240 2.313 2.400 2.443 2.460 2.445 2.399 2.359 2.303 2.162 2.150 4.553 
7.800 110.000 0.677 0.829 1.037 1.146 1.282 1.466 1.589 1.748 1.849 1.975 2.038 2.114 2.161 2.218 2.287 2.369 2.408 2.422 2.405 2.358 2.318 2.263 2.124 2.113 4.532 
7.800 120.000 0.665 0.817 1.024 1.133 1.269 1.453 1.575 1.734 1.834 1.959 2.021 2.096 2.142 2.196 2.263 2.340 2.375 2.385 2.367 2.319 2.279 2.225 2.089 2.078 4.512 
7.800 130.000 0.648 0.800 1.007 1.116 1.252 1.435 1.558 1.716 1.816 1.940 2.001 2.074 2.118 2.171 2.234 2.307 2.339 2.345 2.326 2.279 2.239 2.185 2.053 2.043 4.492 
7.800 140.000 0.632 0.784 0.991 1.100 1.236 1.419 1.541 1.699 1.798 1.921 1.980 2.052 2.095 2.145 2.205 2.272 2.301 2.304 2.283 2.236 2.196 2.144 2.016 2.006 4.473 
7.800 150.000 0.618 0.770 0.977 1.086 1.221 1.404 1.526 1.683 1.782 1.902 1.960 2.029 2.070 2.118 2.174 2.235 2.260 2.258 2.237 2.190 2.151 2.100 1.978 1.969 4.455 
7.800 175.000 0.581 0.733 0.940 1.049 1.184 1.367 1.488 1.643 1.740 1.857 1.912 1.975 2.012 2.053 2.100 2.148 2.164 2.155 2.132 2.086 2.049 2.001 1.890 1.882 4.411 
7.800 200.000 0.545 0.697 0.904 1.012 1.148 1.330 1.451 1.605 1.700 1.813 1.865 1.924 1.957 1.993 2.031 2.068 2.077 2.061 2.038 1.993 1.958 1.914 1.812 1.805 4.367 
7.800 250.000 0.486 0.638 0.845 0.954 1.090 1.271 1.391 1.542 1.634 1.739 1.785 1.833 1.858 1.883 1.906 1.920 1.916 1.892 1.868 1.827 1.798 1.760 1.678 1.672 4.293 
7.800 300.000 0.440 0.592 0.800 0.909 1.044 1.226 1.344 1.493 1.581 1.678 1.717 1.755 1.772 1.786 1.794 1.788 1.775 1.745 1.722 1.687 1.662 1.631 1.565 1.561 4.224 
7.800 350.000 0.398 0.551 0.760 0.869 1.004 1.185 1.303 1.448 1.533 1.622 1.655 1.682 1.691 1.695 1.690 1.668 1.647 1.614 1.594 1.565 1.545 1.520 1.467 1.464 4.164 
7.800 400.000 0.360 0.514 0.724 0.833 0.969 1.150 1.266 1.409 1.490 1.570 1.597 1.615 1.617 1.611 1.594 1.558 1.531 1.498 1.482 1.458 1.442 1.422 1.380 1.378 4.109 
7.800 450.000 0.321 0.476 0.687 0.797 0.933 1.113 1.229 1.369 1.446 1.518 1.539 1.547 1.542 1.528 1.500 1.453 1.423 1.391 1.378 1.360 1.349 1.333 1.301 1.299 4.054 
7.800 500.000 0.287 0.442 0.654 0.765 0.901 1.081 1.196 1.333 1.406 1.470 1.485 1.484 1.473 1.450 1.412 1.356 1.323 1.294 1.284 1.272 1.264 1.253 1.228 1.227 4.004 
7.800 600.000 0.228 0.386 0.601 0.712 0.849 1.028 1.141 1.270 1.335 1.381 1.382 1.361 1.337 1.299 1.244 1.173 1.138 1.118 1.117 1.117 1.116 1.112 1.100 1.100 3.909 
7.800 700.000 0.169 0.330 0.548 0.661 0.798 0.976 1.086 1.208 1.265 1.293 1.283 1.245 1.209 1.159 1.090 1.010 0.977 0.967 0.973 0.982 0.987 0.989 0.985 0.984 3.822 
7.800 800.000 0.125 0.289 0.510 0.623 0.762 0.938 1.044 1.157 1.203 1.211 1.187 1.131 1.084 1.021 0.942 0.857 0.828 0.830 0.843 0.862 0.871 0.878 0.880 0.880 3.742 
7.800 1000.000 0.019 0.189 0.417 0.534 0.673 0.847 0.947 1.043 1.070 1.044 0.998 0.913 0.850 0.771 0.679 0.594 0.576 0.597 0.621 0.652 0.666 0.678 0.686 0.686 3.612 
7.800 1200.000 -0.072 0.106 0.342 0.462 0.603 0.773 0.865 0.942 0.949 0.888 0.820 0.710 0.634 0.543 0.444 0.364 0.355 0.393 0.424 0.462 0.479 0.493 0.504 0.504 3.470 
7.800 1500.000 -0.202 -0.010 0.240 0.364 0.507 0.669 0.748 0.792 0.768 0.654 0.558 0.415 0.323 0.220 0.117 0.048 0.053 0.108 0.146 0.188 0.208 0.223 0.234 0.234 3.274 
8.000 0.000 1.536 1.682 1.880 1.985 2.115 2.291 2.409 2.563 2.663 2.794 2.863 2.953 3.012 3.085 3.182 3.310 3.382 3.437 3.435 3.399 3.360 3.302 3.137 3.123 5.398 
8.000 1.000 1.509 1.655 1.854 1.958 2.088 2.264 2.383 2.537 2.639 2.771 2.842 2.934 2.995 3.071 3.172 3.307 3.386 3.447 3.448 3.414 3.375 3.316 3.147 3.132 5.395 
8.000 5.000 1.418 1.564 1.762 1.867 1.997 2.173 2.292 2.449 2.551 2.687 2.760 2.857 2.921 3.002 3.110 3.258 3.345 3.418 3.423 3.392 3.352 3.291 3.109 3.092 5.371 
8.000 10.000 1.313 1.458 1.657 1.761 1.891 2.068 2.187 2.344 2.447 2.585 2.659 2.758 2.823 2.907 3.019 3.173 3.265 3.343 3.351 3.320 3.280 3.218 3.028 3.009 5.313 
8.000 15.000 1.222 1.367 1.565 1.669 1.799 1.976 2.095 2.252 2.355 2.493 2.568 2.667 2.733 2.818 2.931 3.086 3.180 3.260 3.268 3.237 3.197 3.134 2.940 2.921 5.238 
8.000 20.000 1.147 1.293 1.490 1.594 1.724 1.901 2.020 2.176 2.280 2.417 2.492 2.591 2.657 2.741 2.853 3.007 3.100 3.179 3.186 3.155 3.115 3.052 2.859 2.840 5.168 
8.000 25.000 1.086 1.231 1.428 1.532 1.662 1.838 1.957 2.113 2.216 2.353 2.427 2.525 2.590 2.673 2.784 2.936 3.026 3.102 3.108 3.077 3.036 2.974 2.783 2.765 5.104 
8.000 30.000 1.033 1.178 1.375 1.479 1.608 1.784 1.903 2.059 2.162 2.298 2.371 2.468 2.532 2.614 2.723 2.871 2.959 3.031 3.036 3.004 2.964 2.901 2.715 2.697 5.045 
8.000 40.000 0.945 1.089 1.286 1.389 1.518 1.694 1.812 1.967 2.069 2.203 2.275 2.370 2.432 2.511 2.615 2.756 2.838 2.904 2.906 2.872 2.832 2.771 2.593 2.576 4.937 
8.000 50.000 0.877 1.020 1.217 1.320 1.449 1.623 1.741 1.895 1.997 2.129 2.200 2.292 2.352 2.428 2.528 2.662 2.738 2.796 2.796 2.761 2.721 2.662 2.491 2.475 4.858 
8.000 60.000 0.836 0.980 1.176 1.279 1.407 1.581 1.698 1.852 1.952 2.082 2.151 2.240 2.298 2.370 2.464 2.588 2.657 2.706 2.703 2.665 2.626 2.567 2.404 2.390 4.804 
8.000 70.000 0.822 0.966 1.161 1.264 1.392 1.566 1.682 1.834 1.933 2.061 2.128 2.213 2.268 2.337 2.425 2.537 2.599 2.639 2.632 2.592 2.552 2.495 2.339 2.326 4.762 
8.000 80.000 0.811 0.954 1.149 1.252 1.380 1.553 1.669 1.821 1.919 2.046 2.111 2.195 2.248 2.314 2.399 2.505 2.562 2.596 2.587 2.545 2.504 2.447 2.293 2.280 4.732 
8.000 90.000 0.800 0.943 1.138 1.240 1.368 1.541 1.657 1.809 1.906 2.031 2.096 2.178 2.230 2.294 2.374 2.475 2.527 2.556 2.544 2.500 2.459 2.402 2.251 2.238 4.706 
8.000 100.000 0.790 0.933 1.128 1.230 1.358 1.531 1.647 1.797 1.894 2.018 2.082 2.162 2.212 2.274 2.351 2.446 2.494 2.518 2.504 2.458 2.417 2.360 2.211 2.199 4.682 
8.000 110.000 0.777 0.919 1.114 1.217 1.344 1.517 1.633 1.783 1.879 2.002 2.065 2.143 2.192 2.252 2.326 2.416 2.461 2.480 2.464 2.418 2.376 2.320 2.174 2.162 4.661 
8.000 120.000 0.764 0.907 1.102 1.204 1.332 1.504 1.620 1.770 1.866 1.987 2.049 2.126 2.173 2.231 2.302 2.387 2.428 2.443 2.426 2.379 2.338 2.282 2.139 2.128 4.641 
8.000 130.000 0.748 0.891 1.085 1.188 1.315 1.488 1.603 1.752 1.848 1.968 2.029 2.104 2.151 2.206 2.275 2.355 2.393 2.404 2.386 2.338 2.298 2.242 2.104 2.093 4.622 
8.000 140.000 0.732 0.875 1.069 1.172 1.299 1.471 1.587 1.736 1.831 1.950 2.009 2.082 2.127 2.181 2.246 2.321 2.355 2.363 2.344 2.296 2.256 2.201 2.067 2.057 4.604 
8.000 150.000 0.719 0.862 1.056 1.159 1.286 1.458 1.573 1.721 1.816 1.933 1.991 2.062 2.105 2.156 2.216 2.285 2.315 2.318 2.298 2.250 2.211 2.158 2.030 2.020 4.588 
8.000 175.000 0.681 0.824 1.019 1.121 1.248 1.420 1.534 1.681 1.774 1.887 1.942 2.008 2.047 2.092 2.144 2.199 2.221 2.216 2.194 2.148 2.110 2.061 1.945 1.936 4.545 
8.000 200.000 0.647 0.789 0.984 1.086 1.214 1.385 1.499 1.645 1.736 1.846 1.898 1.959 1.994 2.033 2.077 2.121 2.135 2.124 2.101 2.055 2.020 1.974 1.868 1.860 4.503 
8.000 250.000 0.591 0.734 0.929 1.031 1.159 1.330 1.443 1.586 1.673 1.775 1.821 1.871 1.898 1.926 1.954 1.975 1.975 1.955 1.932 1.891 1.860 1.822 1.736 1.730 4.434 
8.000 300.000 0.543 0.686 0.882 0.985 1.112 1.283 1.395 1.536 1.620 1.714 1.754 1.794 1.813 1.830 1.843 1.845 1.835 1.809 1.787 1.752 1.726 1.694 1.625 1.621 4.368 
8.000 350.000 0.501 0.645 0.842 0.945 1.073 1.243 1.355 1.492 1.573 1.659 1.693 1.723 1.734 1.742 1.741 1.726 1.709 1.680 1.660 1.631 1.610 1.585 1.530 1.526 4.313 
8.000 400.000 0.463 0.609 0.807 0.910 1.038 1.209 1.319 1.454 1.531 1.609 1.637 1.656 1.661 1.659 1.646 1.617 1.594 1.564 1.548 1.525 1.509 1.488 1.445 1.443 4.261 
8.000 450.000 0.426 0.573 0.772 0.876 1.004 1.175 1.284 1.416 1.490 1.560 1.581 1.591 1.589 1.578 1.555 1.514 1.487 1.459 1.446 1.429 1.417 1.401 1.368 1.366 4.210 
8.000 500.000 0.392 0.539 0.740 0.845 0.974 1.144 1.252 1.381 1.451 1.513 1.528 1.529 1.520 1.501 1.467 1.417 1.387 1.361 1.352 1.341 1.333 1.322 1.297 1.296 4.163 
8.000 600.000 0.335 0.485 0.689 0.794 0.924 1.093 1.199 1.321 1.382 1.425 1.427 1.408 1.386 1.351 1.300 1.234 1.204 1.187 1.187 1.188 1.188 1.185 1.173 1.172 4.071 
8.000 700.000 0.277 0.430 0.636 0.743 0.874 1.042 1.146 1.260 1.313 1.338 1.328 1.292 1.258 1.211 1.147 1.073 1.044 1.037 1.045 1.056 1.061 1.063 1.060 1.060 3.989 
8.000 800.000 0.234 0.390 0.599 0.708 0.839 1.006 1.106 1.210 1.253 1.258 1.234 1.180 1.135 1.075 1.000 0.921 0.897 0.903 0.918 0.938 0.948 0.955 0.958 0.957 3.912 
8.000 1000.000 0.132 0.294 0.512 0.623 0.756 0.920 1.013 1.101 1.124 1.094 1.047 0.963 0.902 0.826 0.738 0.660 0.646 0.672 0.698 0.730 0.746 0.758 0.766 0.766 3.789 
8.000 1200.000 0.041 0.211 0.438 0.552 0.686 0.846 0.932 1.001 1.004 0.938 0.871 0.762 0.688 0.600 0.506 0.433 0.429 0.471 0.504 0.543 0.561 0.575 0.586 0.586 3.652 
8.000 1500.000 -0.086 0.099 0.339 0.458 0.594 0.747 0.819 0.855 0.826 0.708 0.611 0.470 0.381 0.282 0.184 0.122 0.131 0.190 0.230 0.273 0.293 0.308 0.320 0.320 3.465 
8.200 0.000 1.592 1.728 1.914 2.011 2.132 2.297 2.408 2.553 2.648 2.775 2.843 2.933 2.993 3.068 3.167 3.299 3.375 3.433 3.433 3.398 3.359 3.300 3.133 3.118 5.456 
8.200 1.000 1.566 1.702 1.888 1.985 2.107 2.272 2.382 2.528 2.624 2.753 2.822 2.915 2.976 3.054 3.157 3.296 3.377 3.442 3.445 3.412 3.373 3.314 3.142 3.127 5.448 
8.200 5.000 1.479 1.615 1.801 1.898 2.020 2.185 2.297 2.444 2.541 2.673 2.745 2.841 2.905 2.988 3.098 3.248 3.338 3.414 3.420 3.390 3.351 3.290 3.106 3.088 5.424 
8.200 10.000 1.382 1.518 1.704 1.801 1.923 2.088 2.200 2.347 2.446 2.578 2.652 2.750 2.816 2.900 3.014 3.171 3.265 3.347 3.355 3.326 3.287 3.224 3.031 3.013 5.381 
8.200 15.000 1.295 1.431 1.616 1.713 1.835 2.000 2.112 2.260 2.358 2.492 2.566 2.665 2.731 2.817 2.932 3.091 3.188 3.271 3.281 3.252 3.212 3.149 2.952 2.932 5.317 
8.200 20.000 1.225 1.360 1.545 1.642 1.763 1.929 2.040 2.188 2.286 2.420 2.494 2.593 2.659 2.745 2.859 3.018 3.114 3.197 3.207 3.177 3.138 3.074 2.876 2.857 5.255 
8.200 25.000 1.168 1.303 1.488 1.585 1.706 1.871 1.982 2.130 2.228 2.361 2.434 2.533 2.598 2.683 2.796 2.953 3.047 3.127 3.135 3.105 3.065 3.002 2.806 2.787 5.200 
8.200 30.000 1.118 1.253 1.437 1.534 1.655 1.820 1.931 2.078 2.176 2.308 2.381 2.479 2.544 2.627 2.739 2.893 2.985 3.063 3.070 3.039 2.999 2.936 2.743 2.725 5.148 
8.200 40.000 1.034 1.168 1.352 1.449 1.570 1.734 1.845 1.991 2.088 2.219 2.291 2.386 2.450 2.530 2.638 2.785 2.871 2.942 2.947 2.914 2.874 2.813 2.628 2.610 5.048 
8.200 50.000 0.967 1.101 1.285 1.381 1.502 1.665 1.776 1.922 2.018 2.148 2.218 2.311 2.373 2.451 2.555 2.695 2.777 2.841 2.843 2.809 2.769 2.709 2.531 2.514 4.976 
8.200 60.000 0.927 1.062 1.245 1.341 1.461 1.625 1.735 1.880 1.975 2.102 2.171 2.261 2.321 2.396 2.494 2.625 2.699 2.755 2.753 2.717 2.677 2.617 2.447 2.432 4.925 
8.200 70.000 0.915 1.049 1.232 1.328 1.448 1.611 1.720 1.864 1.959 2.083 2.150 2.237 2.294 2.366 2.458 2.579 2.646 2.692 2.687 2.648 2.607 2.548 2.385 2.371 4.885 
8.200 80.000 0.904 1.038 1.220 1.316 1.436 1.599 1.708 1.852 1.946 2.069 2.135 2.220 2.275 2.344 2.433 2.548 2.610 2.650 2.643 2.601 2.560 2.501 2.340 2.326 4.856 
8.200 90.000 0.893 1.027 1.209 1.306 1.425 1.588 1.697 1.840 1.933 2.055 2.120 2.204 2.257 2.324 2.410 2.518 2.576 2.611 2.601 2.557 2.516 2.457 2.298 2.285 4.830 
8.200 100.000 0.884 1.018 1.200 1.296 1.416 1.578 1.687 1.829 1.922 2.043 2.107 2.188 2.241 2.306 2.388 2.490 2.544 2.573 2.561 2.516 2.474 2.415 2.259 2.246 4.806 
8.200 110.000 0.871 1.004 1.186 1.282 1.402 1.564 1.673 1.815 1.908 2.027 2.090 2.170 2.221 2.284 2.363 2.461 2.511 2.536 2.522 2.476 2.434 2.375 2.222 2.210 4.785 
8.200 120.000 0.858 0.992 1.174 1.270 1.390 1.552 1.661 1.802 1.894 2.013 2.075 2.153 2.203 2.264 2.340 2.433 2.479 2.500 2.484 2.437 2.395 2.337 2.188 2.176 4.765 
8.200 130.000 0.842 0.976 1.158 1.254 1.374 1.536 1.644 1.786 1.877 1.995 2.056 2.133 2.181 2.240 2.313 2.401 2.444 2.461 2.444 2.397 2.355 2.298 2.153 2.141 4.748 
8.200 140.000 0.827 0.960 1.143 1.239 1.358 1.520 1.628 1.769 1.860 1.977 2.037 2.112 2.159 2.215 2.285 2.368 2.407 2.420 2.402 2.354 2.313 2.257 2.117 2.106 4.730 
8.200 150.000 0.815 0.949 1.131 1.227 1.347 1.508 1.616 1.757 1.847 1.961 2.020 2.092 2.137 2.191 2.257 2.333 2.367 2.375 2.357 2.309 2.269 2.215 2.081 2.070 4.715 
8.200 175.000 0.776 0.910 1.092 1.188 1.307 1.469 1.577 1.716 1.805 1.916 1.971 2.039 2.080 2.129 2.186 2.249 2.275 2.275 2.255 2.208 2.170 2.119 1.997 1.988 4.674 
8.200 200.000 0.743 0.877 1.059 1.155 1.275 1.436 1.544 1.682 1.769 1.877 1.929 1.992 2.029 2.072 2.121 2.172 2.191 2.184 2.162 2.116 2.080 2.033 1.922 1.914 4.633 
8.200 250.000 0.690 0.824 1.007 1.103 1.223 1.384 1.491 1.626 1.710 1.810 1.856 1.908 1.937 1.968 2.001 2.028 2.033 2.015 1.993 1.952 1.921 1.882 1.793 1.787 4.570 
8.200 300.000 0.639 0.774 0.959 1.055 1.175 1.336 1.442 1.575 1.656 1.748 1.788 1.831 1.852 1.873 1.891 1.899 1.894 1.870 1.849 1.814 1.788 1.755 1.684 1.679 4.508 
8.200 350.000 0.598 0.734 0.919 1.016 1.137 1.298 1.403 1.533 1.610 1.695 1.729 1.762 1.776 1.787 1.791 1.783 1.769 1.743 1.724 1.695 1.674 1.647 1.591 1.587 4.457 
8.200 400.000 0.561 0.698 0.884 0.982 1.103 1.264 1.368 1.496 1.569 1.646 1.674 1.696 1.703 1.704 1.696 1.673 1.654 1.627 1.612 1.589 1.573 1.552 1.508 1.506 4.408 
8.200 450.000 0.526 0.664 0.852 0.950 1.071 1.232 1.335 1.460 1.530 1.599 1.620 1.633 1.633 1.625 1.606 1.571 1.548 1.522 1.511 1.494 1.482 1.467 1.433 1.431 4.362 
8.200 500.000 0.492 0.631 0.821 0.920 1.042 1.202 1.305 1.427 1.493 1.553 1.569 1.572 1.565 1.549 1.520 1.475 1.449 1.427 1.419 1.409 1.401 1.390 1.365 1.363 4.317 
8.200 600.000 0.438 0.580 0.772 0.872 0.995 1.155 1.254 1.369 1.426 1.467 1.469 1.452 1.432 1.400 1.352 1.293 1.266 1.253 1.255 1.258 1.258 1.255 1.244 1.244 4.228 
8.200 700.000 0.379 0.524 0.720 0.822 0.945 1.104 1.202 1.309 1.358 1.382 1.371 1.337 1.305 1.261 1.201 1.133 1.108 1.106 1.115 1.128 1.133 1.136 1.134 1.133 4.151 
8.200 800.000 0.338 0.485 0.685 0.788 0.912 1.070 1.164 1.261 1.300 1.303 1.279 1.226 1.183 1.127 1.055 0.983 0.962 0.973 0.990 1.012 1.022 1.030 1.033 1.033 4.077 
8.200 1000.000 0.241 0.396 0.603 0.709 0.835 0.990 1.077 1.157 1.175 1.142 1.095 1.012 0.953 0.879 0.796 0.725 0.715 0.746 0.774 0.807 0.823 0.836 0.845 0.845 3.962 
8.200 1200.000 0.150 0.313 0.530 0.638 0.766 0.917 0.997 1.058 1.056 0.987 0.920 0.813 0.740 0.656 0.566 0.501 0.501 0.547 0.582 0.622 0.641 0.656 0.667 0.667 3.830 
8.200 1500.000 0.029 0.207 0.438 0.551 0.681 0.825 0.891 0.919 0.886 0.764 0.668 0.529 0.442 0.346 0.253 0.198 0.211 0.273 0.314 0.358 0.378 0.394 0.405 0.405 3.651 
