CanadaSHM6-trial_NGAEastGMM13_13 , distance is rrup. Log10 ground motion values in cgs units, PGV and Sa(T<0.1s) not valid
          11 34 25 : nmag, ndist, nperiod
          10.000 7.519 5.000 4.000 3.003 2.000 1.499 1.000 0.750 0.500 0.400 0.300 0.250 0.200 0.150 0.100 0.075 0.050 0.040 0.030 0.025 0.020 0.010 PGA PGV 
          0.620 0.620 0.620 0.620 0.620 0.620 0.620 0.620 0.600 0.580 0.560 0.540 0.530 0.530 0.530 0.530 0.530 0.530 0.530 0.530 0.530 0.530 0.530 0.530 0.620
4.000 0.000 -1.050 -0.776 -0.387 -0.173 0.104 0.506 0.798 1.215 1.509 1.903 2.098 2.318 2.437 2.564 2.707 2.886 3.003 3.139 3.191 3.225 3.228 3.216 3.141 3.132 3.678 
4.000 1.000 -1.159 -0.885 -0.496 -0.282 -0.005 0.396 0.688 1.105 1.399 1.792 1.987 2.205 2.324 2.450 2.591 2.767 2.881 3.011 3.059 3.088 3.088 3.073 2.990 2.980 3.608 
4.000 5.000 -1.662 -1.388 -0.999 -0.785 -0.507 -0.105 0.188 0.606 0.902 1.299 1.496 1.718 1.839 1.969 2.113 2.292 2.404 2.527 2.566 2.582 2.573 2.545 2.423 2.410 3.304 
4.000 10.000 -2.011 -1.736 -1.347 -1.134 -0.856 -0.454 -0.161 0.257 0.553 0.950 1.147 1.369 1.489 1.618 1.762 1.939 2.049 2.166 2.202 2.213 2.200 2.167 2.033 2.019 3.066 
4.000 15.000 -2.256 -1.982 -1.593 -1.380 -1.103 -0.701 -0.408 0.010 0.305 0.701 0.897 1.118 1.238 1.366 1.507 1.681 1.788 1.900 1.932 1.938 1.922 1.886 1.744 1.728 2.815 
4.000 20.000 -2.443 -2.170 -1.781 -1.567 -1.290 -0.889 -0.597 -0.179 0.116 0.511 0.707 0.927 1.047 1.173 1.313 1.484 1.589 1.697 1.727 1.730 1.712 1.673 1.525 1.509 2.607 
4.000 25.000 -2.596 -2.323 -1.934 -1.721 -1.444 -1.042 -0.751 -0.333 -0.038 0.357 0.552 0.772 0.891 1.018 1.157 1.327 1.430 1.534 1.562 1.562 1.541 1.500 1.343 1.326 2.447 
4.000 30.000 -2.716 -2.442 -2.054 -1.840 -1.564 -1.162 -0.871 -0.453 -0.159 0.235 0.430 0.650 0.768 0.894 1.033 1.200 1.301 1.403 1.430 1.427 1.406 1.363 1.204 1.186 2.319 
4.000 40.000 -2.903 -2.629 -2.241 -2.028 -1.752 -1.351 -1.060 -0.643 -0.349 0.043 0.238 0.456 0.574 0.698 0.834 0.998 1.096 1.194 1.217 1.212 1.188 1.143 0.979 0.961 2.114 
4.000 50.000 -3.044 -2.771 -2.383 -2.170 -1.894 -1.494 -1.203 -0.787 -0.494 -0.103 0.091 0.307 0.424 0.547 0.681 0.840 0.935 1.027 1.047 1.037 1.011 0.963 0.791 0.773 1.952 
4.000 60.000 -3.133 -2.860 -2.473 -2.260 -1.984 -1.584 -1.294 -0.878 -0.586 -0.195 -0.002 0.214 0.330 0.452 0.585 0.743 0.836 0.926 0.946 0.935 0.909 0.860 0.689 0.671 1.830 
4.000 70.000 -3.192 -2.919 -2.532 -2.320 -2.044 -1.645 -1.355 -0.941 -0.649 -0.259 -0.067 0.147 0.262 0.383 0.513 0.667 0.757 0.843 0.861 0.848 0.821 0.772 0.601 0.583 1.741 
4.000 80.000 -3.224 -2.952 -2.565 -2.353 -2.078 -1.680 -1.390 -0.978 -0.687 -0.301 -0.111 0.101 0.213 0.331 0.457 0.603 0.688 0.766 0.781 0.765 0.736 0.686 0.515 0.498 1.672 
4.000 90.000 -3.250 -2.978 -2.592 -2.380 -2.105 -1.708 -1.419 -1.008 -0.718 -0.334 -0.145 0.064 0.175 0.290 0.412 0.552 0.633 0.706 0.719 0.701 0.671 0.621 0.451 0.434 1.613 
4.000 100.000 -3.274 -3.002 -2.616 -2.404 -2.130 -1.733 -1.445 -1.035 -0.747 -0.364 -0.177 0.030 0.139 0.252 0.371 0.506 0.583 0.651 0.661 0.641 0.611 0.560 0.392 0.375 1.559 
4.000 110.000 -3.295 -3.024 -2.638 -2.427 -2.153 -1.757 -1.469 -1.060 -0.773 -0.393 -0.208 -0.003 0.104 0.215 0.330 0.460 0.533 0.597 0.606 0.584 0.554 0.503 0.337 0.320 1.510 
4.000 120.000 -3.316 -3.045 -2.660 -2.449 -2.175 -1.780 -1.493 -1.085 -0.799 -0.421 -0.238 -0.036 0.070 0.178 0.290 0.415 0.484 0.544 0.551 0.528 0.497 0.447 0.284 0.268 1.463 
4.000 130.000 -3.339 -3.068 -2.683 -2.472 -2.199 -1.804 -1.518 -1.111 -0.826 -0.450 -0.268 -0.068 0.036 0.142 0.251 0.371 0.437 0.493 0.498 0.474 0.443 0.392 0.231 0.215 1.413 
4.000 140.000 -3.364 -3.093 -2.708 -2.498 -2.225 -1.830 -1.545 -1.139 -0.855 -0.480 -0.299 -0.100 0.003 0.107 0.214 0.330 0.394 0.446 0.449 0.424 0.391 0.340 0.178 0.162 1.363 
4.000 150.000 -3.391 -3.120 -2.736 -2.526 -2.253 -1.859 -1.574 -1.169 -0.886 -0.513 -0.332 -0.136 -0.034 0.069 0.173 0.286 0.347 0.397 0.399 0.372 0.340 0.288 0.127 0.111 1.315 
4.000 175.000 -3.456 -3.186 -2.803 -2.593 -2.321 -1.928 -1.645 -1.242 -0.961 -0.591 -0.414 -0.221 -0.122 -0.023 0.075 0.179 0.234 0.276 0.275 0.246 0.212 0.161 0.002 -0.014 1.204 
4.000 200.000 -3.515 -3.245 -2.862 -2.653 -2.381 -1.990 -1.707 -1.307 -1.028 -0.662 -0.487 -0.298 -0.202 -0.107 -0.014 0.081 0.130 0.165 0.161 0.129 0.094 0.042 -0.116 -0.131 1.104 
4.000 250.000 -3.615 -3.346 -2.965 -2.756 -2.487 -2.098 -1.818 -1.422 -1.148 -0.790 -0.621 -0.441 -0.351 -0.265 -0.184 -0.106 -0.068 -0.046 -0.054 -0.088 -0.123 -0.174 -0.323 -0.337 0.946 
4.000 300.000 -3.701 -3.432 -3.053 -2.845 -2.577 -2.191 -1.914 -1.523 -1.253 -0.904 -0.740 -0.569 -0.485 -0.407 -0.338 -0.276 -0.248 -0.236 -0.247 -0.282 -0.315 -0.364 -0.503 -0.516 0.814 
4.000 350.000 -3.772 -3.505 -3.127 -2.920 -2.654 -2.271 -1.996 -1.610 -1.344 -1.004 -0.847 -0.684 -0.607 -0.538 -0.480 -0.434 -0.417 -0.414 -0.428 -0.464 -0.497 -0.544 -0.675 -0.687 0.696 
4.000 400.000 -3.836 -3.570 -3.193 -2.987 -2.722 -2.342 -2.070 -1.689 -1.428 -1.097 -0.945 -0.792 -0.721 -0.660 -0.614 -0.584 -0.576 -0.583 -0.599 -0.637 -0.669 -0.715 -0.839 -0.849 0.584 
4.000 450.000 -3.888 -3.622 -3.247 -3.042 -2.779 -2.402 -2.133 -1.758 -1.502 -1.181 -1.036 -0.893 -0.829 -0.778 -0.743 -0.729 -0.729 -0.742 -0.760 -0.796 -0.826 -0.868 -0.982 -0.991 0.518 
4.000 500.000 -3.936 -3.671 -3.297 -3.094 -2.832 -2.458 -2.192 -1.823 -1.573 -1.262 -1.124 -0.990 -0.934 -0.891 -0.868 -0.868 -0.876 -0.895 -0.912 -0.947 -0.975 -1.014 -1.118 -1.126 0.453 
4.000 600.000 -4.009 -3.746 -3.376 -3.176 -2.918 -2.553 -2.294 -1.940 -1.705 -1.419 -1.298 -1.190 -1.150 -1.128 -1.132 -1.163 -1.186 -1.213 -1.229 -1.257 -1.279 -1.310 -1.391 -1.397 0.330 
4.000 700.000 -4.086 -3.825 -3.458 -3.259 -3.005 -2.646 -2.394 -2.052 -1.828 -1.563 -1.455 -1.366 -1.340 -1.335 -1.359 -1.417 -1.453 -1.491 -1.510 -1.537 -1.558 -1.586 -1.659 -1.664 0.218 
4.000 800.000 -4.155 -3.895 -3.531 -3.335 -3.084 -2.733 -2.488 -2.159 -1.946 -1.703 -1.609 -1.540 -1.527 -1.538 -1.582 -1.661 -1.707 -1.750 -1.767 -1.790 -1.807 -1.831 -1.892 -1.896 0.111 
4.000 1000.000 -4.300 -4.043 -3.685 -3.492 -3.248 -2.908 -2.675 -2.368 -2.176 -1.969 -1.898 -1.862 -1.870 -1.907 -1.983 -2.098 -2.162 -2.217 -2.236 -2.256 -2.270 -2.290 -2.340 -2.343 -0.072 
4.000 1200.000 -4.397 -4.144 -3.793 -3.605 -3.369 -3.045 -2.827 -2.549 -2.383 -2.222 -2.181 -2.186 -2.220 -2.290 -2.404 -2.561 -2.644 -2.712 -2.732 -2.750 -2.761 -2.775 -2.814 -2.817 -0.292 
4.000 1500.000 -4.569 -4.320 -3.976 -3.795 -3.568 -3.263 -3.064 -2.820 -2.686 -2.580 -2.575 -2.630 -2.698 -2.808 -2.972 -3.190 -3.305 -3.403 -3.431 -3.456 -3.468 -3.483 -3.520 -3.522 -0.581 
4.500 0.000 -0.596 -0.316 0.081 0.298 0.579 0.981 1.270 1.673 1.948 2.298 2.462 2.640 2.734 2.834 2.950 3.100 3.199 3.310 3.348 3.369 3.365 3.346 3.259 3.250 4.042 
4.500 1.000 -0.668 -0.388 0.009 0.226 0.506 0.908 1.197 1.599 1.873 2.222 2.386 2.562 2.655 2.754 2.866 3.012 3.107 3.213 3.248 3.265 3.259 3.237 3.145 3.136 3.988 
4.500 5.000 -1.080 -0.799 -0.402 -0.185 0.096 0.499 0.788 1.192 1.468 1.820 1.986 2.165 2.260 2.361 2.477 2.626 2.720 2.820 2.850 2.857 2.844 2.813 2.696 2.684 3.725 
4.500 10.000 -1.410 -1.129 -0.732 -0.515 -0.235 0.168 0.457 0.861 1.137 1.490 1.656 1.835 1.930 2.031 2.147 2.293 2.385 2.479 2.505 2.507 2.490 2.454 2.324 2.311 3.482 
4.500 15.000 -1.647 -1.366 -0.970 -0.753 -0.472 -0.070 0.219 0.623 0.898 1.250 1.416 1.594 1.689 1.789 1.903 2.047 2.135 2.224 2.247 2.244 2.224 2.186 2.047 2.033 3.244 
4.500 20.000 -1.826 -1.546 -1.149 -0.932 -0.652 -0.250 0.039 0.442 0.717 1.068 1.233 1.411 1.505 1.604 1.716 1.857 1.943 2.028 2.048 2.041 2.019 1.978 1.834 1.819 3.055 
4.500 25.000 -1.969 -1.689 -1.293 -1.076 -0.796 -0.394 -0.106 0.297 0.572 0.922 1.087 1.264 1.357 1.456 1.567 1.705 1.789 1.870 1.888 1.879 1.855 1.812 1.663 1.648 2.910 
4.500 30.000 -2.084 -1.804 -1.408 -1.192 -0.912 -0.510 -0.222 0.181 0.455 0.805 0.969 1.145 1.238 1.336 1.446 1.582 1.664 1.743 1.759 1.748 1.723 1.678 1.526 1.510 2.792 
4.500 40.000 -2.262 -1.983 -1.587 -1.371 -1.091 -0.690 -0.402 -0.001 0.273 0.621 0.784 0.959 1.051 1.147 1.255 1.387 1.466 1.539 1.553 1.538 1.511 1.464 1.308 1.292 2.603 
4.500 50.000 -2.398 -2.119 -1.724 -1.508 -1.228 -0.828 -0.541 -0.140 0.133 0.480 0.642 0.815 0.906 1.001 1.105 1.233 1.309 1.377 1.387 1.368 1.339 1.290 1.129 1.112 2.454 
4.500 60.000 -2.484 -2.205 -1.810 -1.594 -1.315 -0.915 -0.628 -0.228 0.044 0.390 0.552 0.724 0.814 0.908 1.012 1.138 1.212 1.279 1.289 1.269 1.240 1.191 1.029 1.013 2.340 
4.500 70.000 -2.543 -2.264 -1.870 -1.654 -1.376 -0.976 -0.690 -0.291 -0.019 0.326 0.486 0.657 0.746 0.839 0.940 1.063 1.134 1.196 1.204 1.183 1.152 1.102 0.940 0.923 2.256 
4.500 80.000 -2.571 -2.293 -1.899 -1.684 -1.406 -1.007 -0.722 -0.324 -0.054 0.287 0.446 0.613 0.699 0.788 0.885 0.999 1.065 1.120 1.126 1.102 1.070 1.020 0.859 0.843 2.191 
4.500 90.000 -2.595 -2.317 -1.924 -1.709 -1.431 -1.033 -0.749 -0.353 -0.084 0.255 0.412 0.577 0.661 0.747 0.840 0.949 1.011 1.061 1.064 1.039 1.007 0.956 0.797 0.781 2.136 
4.500 100.000 -2.617 -2.339 -1.946 -1.731 -1.454 -1.057 -0.774 -0.379 -0.111 0.225 0.380 0.543 0.626 0.709 0.798 0.902 0.960 1.006 1.008 0.981 0.948 0.898 0.740 0.725 2.085 
4.500 110.000 -2.637 -2.359 -1.967 -1.752 -1.476 -1.079 -0.796 -0.403 -0.137 0.197 0.351 0.511 0.591 0.673 0.758 0.856 0.910 0.953 0.953 0.925 0.893 0.842 0.687 0.673 2.039 
4.500 120.000 -2.655 -2.378 -1.986 -1.772 -1.495 -1.100 -0.818 -0.426 -0.161 0.171 0.322 0.480 0.559 0.638 0.720 0.813 0.864 0.902 0.901 0.872 0.840 0.790 0.638 0.624 1.996 
4.500 130.000 -2.676 -2.399 -2.007 -1.794 -1.518 -1.123 -0.842 -0.451 -0.187 0.143 0.293 0.448 0.525 0.602 0.681 0.769 0.817 0.852 0.849 0.820 0.787 0.737 0.586 0.572 1.949 
4.500 140.000 -2.700 -2.423 -2.031 -1.818 -1.542 -1.148 -0.867 -0.478 -0.215 0.113 0.262 0.416 0.492 0.567 0.643 0.728 0.773 0.804 0.800 0.770 0.737 0.686 0.536 0.522 1.903 
4.500 150.000 -2.726 -2.449 -2.058 -1.844 -1.569 -1.176 -0.895 -0.507 -0.245 0.082 0.229 0.381 0.456 0.529 0.603 0.684 0.726 0.756 0.751 0.719 0.686 0.636 0.487 0.473 1.859 
4.500 175.000 -2.787 -2.511 -2.120 -1.908 -1.633 -1.241 -0.962 -0.576 -0.317 0.005 0.150 0.298 0.369 0.438 0.506 0.578 0.614 0.637 0.629 0.596 0.562 0.512 0.366 0.352 1.756 
4.500 200.000 -2.840 -2.565 -2.175 -1.963 -1.690 -1.299 -1.022 -0.638 -0.381 -0.063 0.079 0.222 0.290 0.355 0.416 0.479 0.510 0.526 0.516 0.481 0.447 0.397 0.254 0.241 1.664 
4.500 250.000 -2.931 -2.657 -2.269 -2.058 -1.786 -1.399 -1.124 -0.746 -0.494 -0.186 -0.051 0.082 0.143 0.199 0.248 0.293 0.313 0.319 0.306 0.270 0.237 0.189 0.056 0.045 1.516 
4.500 300.000 -3.007 -2.733 -2.347 -2.138 -1.868 -1.484 -1.212 -0.840 -0.593 -0.294 -0.165 -0.042 0.013 0.059 0.096 0.125 0.136 0.132 0.118 0.082 0.050 0.005 -0.118 -0.128 1.392 
4.500 350.000 -3.073 -2.800 -2.416 -2.207 -1.939 -1.558 -1.289 -0.923 -0.681 -0.392 -0.269 -0.156 -0.108 -0.070 -0.045 -0.032 -0.030 -0.042 -0.059 -0.094 -0.125 -0.168 -0.283 -0.293 1.282 
4.500 400.000 -3.131 -2.859 -2.476 -2.269 -2.002 -1.625 -1.359 -0.998 -0.761 -0.482 -0.366 -0.262 -0.220 -0.192 -0.178 -0.179 -0.186 -0.204 -0.222 -0.258 -0.287 -0.328 -0.435 -0.444 1.184 
4.500 450.000 -3.175 -2.904 -2.523 -2.317 -2.052 -1.678 -1.415 -1.060 -0.830 -0.561 -0.452 -0.358 -0.324 -0.304 -0.301 -0.317 -0.331 -0.354 -0.373 -0.407 -0.434 -0.471 -0.570 -0.577 1.126 
4.500 500.000 -3.216 -2.946 -2.567 -2.362 -2.099 -1.728 -1.469 -1.120 -0.895 -0.637 -0.535 -0.450 -0.423 -0.412 -0.421 -0.449 -0.470 -0.498 -0.516 -0.548 -0.573 -0.608 -0.698 -0.705 1.067 
4.500 600.000 -3.282 -3.014 -2.639 -2.436 -2.178 -1.815 -1.564 -1.231 -1.020 -0.786 -0.700 -0.640 -0.629 -0.637 -0.670 -0.726 -0.760 -0.794 -0.811 -0.837 -0.857 -0.884 -0.956 -0.962 0.957 
4.500 700.000 -3.351 -3.084 -2.712 -2.512 -2.257 -1.902 -1.657 -1.336 -1.137 -0.925 -0.852 -0.811 -0.813 -0.837 -0.890 -0.969 -1.013 -1.054 -1.071 -1.095 -1.112 -1.136 -1.198 -1.203 0.856 
4.500 800.000 -3.416 -3.152 -2.783 -2.585 -2.334 -1.985 -1.747 -1.438 -1.250 -1.057 -0.997 -0.974 -0.987 -1.026 -1.095 -1.194 -1.247 -1.293 -1.309 -1.330 -1.345 -1.366 -1.420 -1.424 0.760 
4.500 1000.000 -3.551 -3.290 -2.927 -2.732 -2.488 -2.152 -1.926 -1.639 -1.471 -1.314 -1.277 -1.286 -1.320 -1.383 -1.482 -1.613 -1.680 -1.735 -1.751 -1.768 -1.779 -1.795 -1.839 -1.842 0.592 
4.500 1200.000 -3.650 -3.392 -3.035 -2.846 -2.609 -2.287 -2.075 -1.815 -1.672 -1.557 -1.547 -1.592 -1.651 -1.744 -1.878 -2.049 -2.135 -2.204 -2.223 -2.240 -2.250 -2.263 -2.299 -2.302 0.388 
4.500 1500.000 -3.811 -3.557 -3.210 -3.027 -2.800 -2.499 -2.306 -2.082 -1.972 -1.915 -1.941 -2.037 -2.128 -2.260 -2.441 -2.664 -2.777 -2.867 -2.890 -2.908 -2.917 -2.929 -2.959 -2.961 0.119 
5.000 0.000 -0.137 0.142 0.535 0.748 1.023 1.412 1.687 2.061 2.307 2.607 2.742 2.885 2.960 3.043 3.141 3.273 3.359 3.452 3.482 3.493 3.484 3.460 3.364 3.355 4.346 
5.000 1.000 -0.181 0.098 0.490 0.704 0.978 1.367 1.641 2.014 2.260 2.558 2.692 2.832 2.907 2.987 3.082 3.208 3.289 3.376 3.403 3.410 3.398 3.372 3.271 3.261 4.310 
5.000 5.000 -0.489 -0.210 0.182 0.396 0.670 1.060 1.334 1.708 1.955 2.255 2.390 2.532 2.607 2.689 2.786 2.913 2.993 3.076 3.100 3.101 3.086 3.054 2.941 2.929 4.092 
5.000 10.000 -0.787 -0.509 -0.116 0.097 0.372 0.761 1.036 1.410 1.656 1.956 2.091 2.234 2.309 2.391 2.487 2.612 2.689 2.767 2.786 2.781 2.762 2.725 2.599 2.587 3.864 
5.000 15.000 -1.012 -0.734 -0.341 -0.128 0.146 0.535 0.810 1.183 1.430 1.729 1.864 2.006 2.081 2.162 2.256 2.379 2.454 2.526 2.542 2.533 2.511 2.472 2.339 2.325 3.644 
5.000 20.000 -1.178 -0.900 -0.508 -0.294 -0.021 0.368 0.642 1.015 1.261 1.560 1.693 1.834 1.908 1.987 2.080 2.198 2.270 2.338 2.352 2.340 2.317 2.276 2.139 2.125 3.474 
5.000 25.000 -1.313 -1.035 -0.643 -0.430 -0.156 0.232 0.506 0.878 1.123 1.421 1.554 1.693 1.766 1.845 1.935 2.051 2.120 2.184 2.196 2.181 2.156 2.114 1.974 1.960 3.339 
5.000 30.000 -1.422 -1.145 -0.753 -0.540 -0.267 0.121 0.395 0.767 1.011 1.308 1.441 1.579 1.652 1.729 1.818 1.931 1.999 2.060 2.069 2.053 2.026 1.982 1.839 1.825 3.230 
5.000 40.000 -1.592 -1.314 -0.923 -0.710 -0.437 -0.050 0.223 0.594 0.837 1.133 1.264 1.401 1.472 1.547 1.634 1.742 1.806 1.862 1.869 1.849 1.821 1.775 1.628 1.614 3.055 
5.000 50.000 -1.723 -1.446 -1.055 -0.843 -0.570 -0.184 0.089 0.459 0.702 0.995 1.126 1.261 1.331 1.405 1.489 1.593 1.653 1.704 1.708 1.686 1.656 1.608 1.458 1.443 2.916 
5.000 60.000 -1.808 -1.531 -1.141 -0.929 -0.656 -0.270 0.002 0.371 0.614 0.907 1.037 1.171 1.241 1.314 1.397 1.499 1.558 1.608 1.611 1.587 1.557 1.509 1.358 1.343 2.810 
5.000 70.000 -1.867 -1.590 -1.200 -0.988 -0.716 -0.331 -0.059 0.309 0.551 0.843 0.972 1.105 1.173 1.245 1.325 1.424 1.481 1.526 1.528 1.502 1.471 1.422 1.269 1.254 2.730 
5.000 80.000 -1.892 -1.615 -1.226 -1.015 -0.743 -0.359 -0.088 0.278 0.518 0.806 0.933 1.062 1.128 1.196 1.271 1.362 1.413 1.452 1.451 1.423 1.392 1.342 1.192 1.178 2.670 
5.000 90.000 -1.915 -1.639 -1.250 -1.039 -0.768 -0.384 -0.115 0.251 0.489 0.775 0.899 1.026 1.090 1.155 1.227 1.312 1.359 1.394 1.391 1.362 1.330 1.281 1.132 1.118 2.618 
5.000 100.000 -1.935 -1.660 -1.271 -1.061 -0.790 -0.407 -0.139 0.225 0.462 0.745 0.868 0.992 1.054 1.117 1.185 1.265 1.308 1.339 1.335 1.305 1.272 1.223 1.076 1.063 2.570 
5.000 110.000 -1.954 -1.679 -1.291 -1.080 -0.810 -0.429 -0.161 0.202 0.437 0.718 0.839 0.960 1.020 1.081 1.145 1.219 1.260 1.287 1.281 1.250 1.218 1.169 1.025 1.012 2.526 
5.000 120.000 -1.971 -1.696 -1.308 -1.098 -0.829 -0.448 -0.180 0.180 0.415 0.693 0.813 0.932 0.990 1.048 1.109 1.179 1.216 1.240 1.233 1.202 1.169 1.121 0.978 0.965 2.487 
5.000 130.000 -1.991 -1.716 -1.329 -1.119 -0.850 -0.470 -0.203 0.156 0.390 0.666 0.784 0.901 0.957 1.013 1.071 1.136 1.170 1.190 1.183 1.150 1.117 1.069 0.928 0.915 2.444 
5.000 140.000 -2.013 -1.738 -1.352 -1.142 -0.874 -0.494 -0.228 0.130 0.362 0.636 0.753 0.868 0.923 0.976 1.032 1.093 1.125 1.142 1.133 1.100 1.067 1.019 0.880 0.867 2.403 
5.000 150.000 -2.038 -1.763 -1.377 -1.168 -0.899 -0.521 -0.255 0.102 0.333 0.605 0.721 0.834 0.887 0.939 0.992 1.049 1.079 1.094 1.084 1.051 1.018 0.970 0.832 0.819 2.362 
5.000 175.000 -2.095 -1.821 -1.436 -1.227 -0.960 -0.583 -0.319 0.035 0.264 0.531 0.644 0.752 0.802 0.849 0.896 0.944 0.968 0.977 0.965 0.930 0.897 0.850 0.715 0.703 2.267 
5.000 200.000 -2.144 -1.870 -1.486 -1.278 -1.012 -0.637 -0.375 -0.023 0.203 0.465 0.574 0.677 0.723 0.766 0.805 0.845 0.862 0.866 0.853 0.817 0.785 0.738 0.608 0.597 2.181 
5.000 250.000 -2.227 -1.955 -1.573 -1.366 -1.102 -0.730 -0.471 -0.126 0.094 0.346 0.448 0.541 0.580 0.612 0.639 0.661 0.669 0.663 0.648 0.612 0.581 0.537 0.417 0.406 2.045 
5.000 300.000 -2.295 -2.024 -1.644 -1.438 -1.176 -0.807 -0.552 -0.213 0.002 0.243 0.338 0.421 0.452 0.476 0.490 0.496 0.494 0.481 0.464 0.429 0.400 0.358 0.248 0.238 1.928 
5.000 350.000 -2.356 -2.086 -1.708 -1.504 -1.243 -0.878 -0.626 -0.293 -0.084 0.148 0.237 0.309 0.334 0.349 0.351 0.342 0.332 0.312 0.294 0.259 0.230 0.191 0.088 0.079 1.827 
5.000 400.000 -2.410 -2.142 -1.765 -1.562 -1.303 -0.942 -0.693 -0.366 -0.162 0.059 0.141 0.204 0.222 0.228 0.220 0.197 0.180 0.155 0.136 0.103 0.077 0.040 -0.055 -0.062 1.742 
5.000 450.000 -2.447 -2.179 -1.804 -1.602 -1.345 -0.987 -0.742 -0.421 -0.223 -0.012 0.063 0.115 0.127 0.125 0.106 0.070 0.046 0.017 -0.002 -0.033 -0.058 -0.092 -0.179 -0.186 1.690 
5.000 500.000 -2.483 -2.216 -1.843 -1.642 -1.387 -1.033 -0.790 -0.476 -0.284 -0.083 -0.015 0.028 0.033 0.022 -0.007 -0.055 -0.084 -0.117 -0.136 -0.165 -0.188 -0.219 -0.300 -0.306 1.638 
5.000 600.000 -2.539 -2.275 -1.906 -1.708 -1.457 -1.111 -0.877 -0.578 -0.400 -0.223 -0.172 -0.152 -0.162 -0.191 -0.243 -0.316 -0.356 -0.394 -0.410 -0.434 -0.451 -0.476 -0.541 -0.545 1.540 
5.000 700.000 -2.601 -2.338 -1.972 -1.776 -1.529 -1.190 -0.963 -0.676 -0.509 -0.353 -0.313 -0.311 -0.334 -0.377 -0.447 -0.539 -0.588 -0.630 -0.646 -0.666 -0.682 -0.703 -0.758 -0.762 1.449 
5.000 800.000 -2.662 -2.401 -2.038 -1.845 -1.601 -1.269 -1.048 -0.772 -0.616 -0.479 -0.452 -0.466 -0.500 -0.557 -0.642 -0.751 -0.808 -0.855 -0.870 -0.887 -0.900 -0.918 -0.967 -0.971 1.363 
5.000 1000.000 -2.787 -2.529 -2.173 -1.983 -1.746 -1.426 -1.217 -0.963 -0.827 -0.724 -0.718 -0.763 -0.815 -0.895 -1.007 -1.146 -1.214 -1.267 -1.281 -1.294 -1.303 -1.317 -1.355 -1.358 1.209 
5.000 1200.000 -2.883 -2.628 -2.278 -2.093 -1.864 -1.558 -1.363 -1.135 -1.023 -0.961 -0.981 -1.062 -1.137 -1.245 -1.390 -1.564 -1.650 -1.714 -1.730 -1.742 -1.750 -1.760 -1.792 -1.794 1.022 
5.000 1500.000 -3.039 -2.789 -2.448 -2.269 -2.050 -1.765 -1.589 -1.396 -1.316 -1.310 -1.365 -1.493 -1.599 -1.744 -1.931 -2.154 -2.263 -2.346 -2.365 -2.378 -2.385 -2.393 -2.419 -2.421 0.772 
5.500 0.000 0.329 0.598 0.975 1.178 1.438 1.802 2.054 2.388 2.601 2.851 2.961 3.078 3.142 3.214 3.303 3.423 3.501 3.584 3.608 3.613 3.601 3.574 3.473 3.463 4.585 
5.500 1.000 0.307 0.575 0.952 1.155 1.415 1.778 2.029 2.363 2.575 2.823 2.932 3.046 3.109 3.178 3.264 3.378 3.451 3.527 3.548 3.548 3.533 3.503 3.396 3.386 4.565 
5.500 5.000 0.100 0.369 0.745 0.948 1.208 1.571 1.822 2.156 2.368 2.616 2.725 2.839 2.902 2.971 3.056 3.169 3.240 3.312 3.330 3.326 3.309 3.276 3.163 3.152 4.399 
5.500 10.000 -0.152 0.116 0.493 0.696 0.955 1.318 1.569 1.903 2.115 2.363 2.472 2.587 2.649 2.718 2.802 2.913 2.981 3.048 3.062 3.054 3.034 2.997 2.875 2.863 4.196 
5.500 15.000 -0.357 -0.089 0.287 0.490 0.749 1.112 1.363 1.696 1.908 2.156 2.264 2.378 2.440 2.509 2.592 2.700 2.766 2.829 2.841 2.830 2.807 2.768 2.640 2.628 3.998 
5.500 20.000 -0.509 -0.241 0.135 0.338 0.597 0.959 1.210 1.542 1.753 2.000 2.107 2.219 2.280 2.347 2.427 2.532 2.595 2.654 2.664 2.650 2.626 2.586 2.456 2.443 3.849 
5.500 25.000 -0.633 -0.365 0.010 0.213 0.471 0.833 1.083 1.415 1.625 1.871 1.977 2.088 2.147 2.213 2.291 2.392 2.452 2.507 2.515 2.498 2.474 2.432 2.299 2.286 3.727 
5.500 30.000 -0.738 -0.470 -0.095 0.108 0.366 0.728 0.978 1.309 1.518 1.763 1.869 1.979 2.038 2.102 2.179 2.277 2.336 2.387 2.394 2.375 2.349 2.307 2.172 2.159 3.628 
5.500 40.000 -0.896 -0.628 -0.254 -0.052 0.206 0.567 0.817 1.146 1.355 1.598 1.703 1.811 1.868 1.931 2.005 2.099 2.153 2.200 2.204 2.182 2.155 2.111 1.973 1.959 3.471 
5.500 50.000 -1.021 -0.754 -0.380 -0.178 0.079 0.440 0.688 1.017 1.226 1.467 1.571 1.678 1.734 1.795 1.867 1.957 2.009 2.051 2.053 2.029 2.000 1.954 1.813 1.799 3.346 
5.500 60.000 -1.105 -0.838 -0.464 -0.262 -0.005 0.355 0.603 0.932 1.140 1.381 1.484 1.591 1.647 1.707 1.778 1.867 1.917 1.958 1.958 1.933 1.903 1.857 1.714 1.701 3.250 
5.500 70.000 -1.160 -0.893 -0.520 -0.318 -0.061 0.298 0.546 0.874 1.081 1.320 1.423 1.528 1.583 1.642 1.711 1.796 1.844 1.881 1.880 1.853 1.822 1.775 1.630 1.617 3.178 
5.500 80.000 -1.182 -0.916 -0.543 -0.342 -0.086 0.272 0.519 0.845 1.050 1.286 1.386 1.487 1.540 1.595 1.659 1.736 1.779 1.810 1.807 1.778 1.747 1.699 1.557 1.544 3.123 
5.500 90.000 -1.203 -0.937 -0.565 -0.364 -0.108 0.249 0.495 0.819 1.023 1.256 1.354 1.453 1.503 1.556 1.616 1.687 1.727 1.753 1.749 1.719 1.688 1.640 1.500 1.487 3.076 
5.500 100.000 -1.222 -0.956 -0.584 -0.384 -0.129 0.228 0.473 0.795 0.998 1.229 1.325 1.421 1.469 1.519 1.575 1.642 1.678 1.701 1.695 1.664 1.633 1.585 1.447 1.435 3.034 
5.500 110.000 -1.238 -0.973 -0.602 -0.401 -0.147 0.209 0.453 0.774 0.975 1.204 1.298 1.392 1.438 1.486 1.539 1.600 1.633 1.653 1.645 1.614 1.582 1.536 1.399 1.387 2.996 
5.500 120.000 -1.253 -0.988 -0.617 -0.418 -0.163 0.191 0.435 0.755 0.954 1.180 1.273 1.364 1.409 1.454 1.504 1.561 1.590 1.607 1.599 1.567 1.535 1.489 1.354 1.342 2.961 
5.500 130.000 -1.271 -1.007 -0.637 -0.437 -0.183 0.170 0.413 0.732 0.930 1.154 1.245 1.333 1.376 1.419 1.465 1.517 1.544 1.558 1.549 1.516 1.485 1.439 1.306 1.294 2.924 
5.500 140.000 -1.292 -1.028 -0.658 -0.459 -0.205 0.148 0.390 0.707 0.904 1.126 1.216 1.302 1.343 1.384 1.427 1.476 1.500 1.511 1.501 1.468 1.437 1.391 1.260 1.248 2.888 
5.500 150.000 -1.315 -1.051 -0.681 -0.482 -0.229 0.123 0.364 0.680 0.877 1.096 1.185 1.270 1.310 1.349 1.390 1.434 1.456 1.465 1.454 1.421 1.389 1.344 1.214 1.203 2.853 
5.500 175.000 -1.367 -1.104 -0.736 -0.537 -0.285 0.065 0.305 0.618 0.811 1.026 1.111 1.190 1.226 1.261 1.295 1.331 1.347 1.351 1.338 1.304 1.273 1.229 1.104 1.093 2.770 
5.500 200.000 -1.411 -1.148 -0.781 -0.584 -0.333 0.015 0.253 0.563 0.753 0.962 1.044 1.117 1.150 1.179 1.206 1.232 1.243 1.242 1.229 1.195 1.165 1.122 1.002 0.992 2.692 
5.500 250.000 -1.487 -1.226 -0.861 -0.665 -0.416 -0.071 0.163 0.466 0.651 0.849 0.923 0.986 1.010 1.029 1.043 1.052 1.053 1.043 1.028 0.995 0.966 0.925 0.815 0.806 2.565 
5.500 300.000 -1.551 -1.290 -0.927 -0.732 -0.486 -0.145 0.086 0.383 0.561 0.749 0.816 0.868 0.885 0.895 0.897 0.890 0.882 0.866 0.849 0.817 0.790 0.752 0.651 0.643 2.457 
5.500 350.000 -1.608 -1.349 -0.988 -0.794 -0.549 -0.212 0.015 0.306 0.478 0.655 0.715 0.757 0.767 0.768 0.758 0.737 0.722 0.700 0.684 0.653 0.628 0.593 0.500 0.493 2.370 
5.500 400.000 -1.658 -1.400 -1.041 -0.849 -0.606 -0.273 -0.048 0.235 0.402 0.569 0.622 0.654 0.657 0.649 0.629 0.595 0.574 0.547 0.531 0.502 0.478 0.446 0.361 0.355 2.291 
5.500 450.000 -1.694 -1.437 -1.079 -0.888 -0.647 -0.317 -0.097 0.181 0.342 0.498 0.545 0.567 0.564 0.548 0.517 0.471 0.443 0.413 0.397 0.369 0.348 0.318 0.240 0.234 2.233 
5.500 500.000 -1.727 -1.471 -1.116 -0.926 -0.687 -0.360 -0.143 0.129 0.284 0.430 0.470 0.483 0.473 0.449 0.409 0.351 0.318 0.285 0.269 0.243 0.223 0.195 0.123 0.118 2.178 
5.500 600.000 -1.781 -1.528 -1.176 -0.989 -0.755 -0.437 -0.227 0.029 0.170 0.292 0.316 0.307 0.283 0.241 0.179 0.099 0.057 0.021 0.007 -0.012 -0.027 -0.048 -0.105 -0.110 2.080 
5.500 700.000 -1.841 -1.589 -1.240 -1.056 -0.825 -0.514 -0.310 -0.066 0.065 0.169 0.181 0.155 0.120 0.066 -0.011 -0.107 -0.156 -0.194 -0.207 -0.222 -0.234 -0.252 -0.301 -0.305 1.991 
5.500 800.000 -1.900 -1.650 -1.305 -1.123 -0.895 -0.590 -0.393 -0.160 -0.040 0.046 0.047 0.005 -0.040 -0.107 -0.198 -0.310 -0.365 -0.407 -0.419 -0.432 -0.442 -0.457 -0.500 -0.503 1.909 
5.500 1000.000 -2.021 -1.773 -1.434 -1.256 -1.034 -0.742 -0.556 -0.344 -0.242 -0.190 -0.209 -0.279 -0.342 -0.429 -0.545 -0.681 -0.746 -0.791 -0.801 -0.809 -0.815 -0.826 -0.859 -0.861 1.760 
5.500 1200.000 -2.111 -1.867 -1.535 -1.361 -1.147 -0.869 -0.698 -0.511 -0.433 -0.420 -0.465 -0.569 -0.654 -0.768 -0.915 -1.085 -1.165 -1.221 -1.232 -1.238 -1.243 -1.250 -1.277 -1.279 1.589 
5.500 1500.000 -2.263 -2.024 -1.700 -1.533 -1.329 -1.071 -0.918 -0.765 -0.718 -0.758 -0.836 -0.984 -1.098 -1.245 -1.431 -1.643 -1.743 -1.812 -1.825 -1.831 -1.833 -1.839 -1.859 -1.861 1.359 
6.000 0.000 0.779 1.030 1.380 1.568 1.805 2.134 2.357 2.645 2.824 3.031 3.122 3.222 3.279 3.346 3.430 3.543 3.615 3.689 3.708 3.707 3.690 3.659 3.548 3.537 4.754 
6.000 1.000 0.771 1.023 1.372 1.560 1.797 2.125 2.348 2.636 2.814 3.020 3.110 3.208 3.264 3.328 3.409 3.518 3.585 3.651 3.666 3.659 3.640 3.605 3.486 3.475 4.744 
6.000 5.000 0.639 0.891 1.240 1.428 1.665 1.992 2.214 2.502 2.679 2.883 2.972 3.068 3.123 3.186 3.264 3.367 3.431 3.491 3.504 3.493 3.471 3.434 3.311 3.299 4.622 
6.000 10.000 0.451 0.702 1.051 1.238 1.475 1.802 2.024 2.310 2.487 2.688 2.776 2.871 2.924 2.985 3.060 3.160 3.220 3.276 3.286 3.274 3.251 3.213 3.089 3.077 4.454 
6.000 15.000 0.274 0.525 0.873 1.060 1.297 1.624 1.845 2.131 2.307 2.508 2.596 2.690 2.742 2.802 2.876 2.973 3.031 3.084 3.092 3.076 3.052 3.012 2.885 2.873 4.288 
6.000 20.000 0.137 0.387 0.736 0.923 1.159 1.485 1.706 1.991 2.167 2.368 2.454 2.547 2.599 2.658 2.730 2.824 2.880 2.929 2.935 2.918 2.893 2.851 2.721 2.708 4.161 
6.000 25.000 0.024 0.274 0.623 0.809 1.045 1.371 1.591 1.876 2.051 2.250 2.336 2.427 2.478 2.535 2.605 2.695 2.748 2.793 2.797 2.777 2.751 2.708 2.576 2.563 4.054 
6.000 30.000 -0.074 0.176 0.524 0.711 0.946 1.272 1.492 1.776 1.951 2.149 2.234 2.325 2.374 2.431 2.499 2.587 2.638 2.680 2.683 2.661 2.633 2.589 2.454 2.441 3.964 
6.000 40.000 -0.226 0.023 0.371 0.557 0.793 1.117 1.337 1.620 1.794 1.991 2.075 2.164 2.213 2.268 2.334 2.417 2.464 2.501 2.501 2.475 2.445 2.399 2.259 2.246 3.821 
6.000 50.000 -0.347 -0.098 0.250 0.436 0.671 0.995 1.214 1.497 1.670 1.866 1.949 2.037 2.085 2.139 2.203 2.283 2.327 2.360 2.358 2.329 2.298 2.251 2.107 2.094 3.709 
6.000 60.000 -0.426 -0.177 0.170 0.356 0.591 0.915 1.134 1.416 1.589 1.784 1.868 1.955 2.003 2.057 2.120 2.199 2.243 2.275 2.272 2.242 2.211 2.162 2.018 2.004 3.622 
6.000 70.000 -0.478 -0.229 0.117 0.303 0.537 0.861 1.079 1.361 1.533 1.727 1.810 1.896 1.943 1.995 2.057 2.133 2.175 2.204 2.199 2.168 2.136 2.086 1.940 1.927 3.556 
6.000 80.000 -0.500 -0.252 0.094 0.279 0.513 0.836 1.053 1.333 1.504 1.695 1.775 1.859 1.903 1.952 2.009 2.079 2.116 2.139 2.132 2.099 2.066 2.016 1.871 1.858 3.508 
6.000 90.000 -0.519 -0.271 0.074 0.259 0.493 0.814 1.031 1.309 1.478 1.667 1.746 1.826 1.869 1.915 1.969 2.033 2.066 2.085 2.077 2.043 2.010 1.960 1.817 1.804 3.466 
6.000 100.000 -0.536 -0.288 0.057 0.241 0.474 0.795 1.011 1.288 1.456 1.642 1.719 1.797 1.838 1.881 1.932 1.991 2.021 2.038 2.028 1.994 1.961 1.912 1.772 1.759 3.429 
6.000 110.000 -0.551 -0.303 0.041 0.226 0.458 0.778 0.993 1.268 1.435 1.619 1.694 1.769 1.808 1.850 1.896 1.951 1.978 1.991 1.981 1.946 1.913 1.864 1.726 1.713 3.396 
6.000 120.000 -0.563 -0.315 0.028 0.212 0.444 0.763 0.977 1.251 1.416 1.597 1.671 1.744 1.781 1.819 1.863 1.912 1.937 1.947 1.936 1.901 1.868 1.821 1.685 1.673 3.367 
6.000 130.000 -0.580 -0.333 0.011 0.194 0.426 0.743 0.957 1.229 1.393 1.572 1.644 1.714 1.749 1.786 1.825 1.870 1.892 1.899 1.887 1.852 1.819 1.772 1.639 1.627 3.335 
6.000 140.000 -0.599 -0.353 -0.010 0.173 0.405 0.722 0.935 1.206 1.368 1.545 1.616 1.684 1.717 1.752 1.789 1.830 1.849 1.854 1.841 1.805 1.773 1.725 1.594 1.582 3.301 
6.000 150.000 -0.621 -0.374 -0.032 0.151 0.382 0.698 0.911 1.180 1.342 1.517 1.586 1.653 1.685 1.717 1.752 1.790 1.807 1.809 1.796 1.760 1.727 1.680 1.549 1.538 3.270 
6.000 175.000 -0.668 -0.422 -0.081 0.102 0.331 0.645 0.856 1.123 1.281 1.451 1.516 1.577 1.605 1.633 1.660 1.688 1.700 1.698 1.684 1.648 1.616 1.571 1.447 1.436 3.199 
6.000 200.000 -0.710 -0.465 -0.125 0.057 0.285 0.598 0.806 1.070 1.226 1.389 1.451 1.506 1.531 1.553 1.574 1.593 1.599 1.592 1.576 1.540 1.509 1.465 1.346 1.335 3.131 
6.000 250.000 -0.782 -0.538 -0.200 -0.020 0.206 0.515 0.720 0.977 1.127 1.280 1.334 1.378 1.395 1.407 1.415 1.416 1.413 1.397 1.380 1.345 1.315 1.274 1.164 1.155 3.015 
6.000 300.000 -0.850 -0.607 -0.271 -0.092 0.132 0.438 0.640 0.891 1.035 1.179 1.227 1.262 1.272 1.277 1.273 1.261 1.250 1.229 1.210 1.175 1.147 1.108 1.006 0.997 2.917 
6.000 350.000 -0.900 -0.659 -0.325 -0.147 0.075 0.377 0.575 0.820 0.958 1.090 1.131 1.155 1.158 1.153 1.137 1.111 1.092 1.066 1.047 1.015 0.989 0.954 0.861 0.854 2.835 
6.000 400.000 -0.949 -0.709 -0.377 -0.200 0.020 0.318 0.513 0.751 0.884 1.006 1.040 1.054 1.050 1.037 1.011 0.971 0.947 0.917 0.898 0.868 0.844 0.811 0.726 0.720 2.763 
6.000 450.000 -0.986 -0.746 -0.416 -0.241 -0.022 0.272 0.464 0.696 0.823 0.935 0.963 0.967 0.957 0.936 0.900 0.849 0.818 0.785 0.767 0.738 0.716 0.685 0.607 0.601 2.702 
6.000 500.000 -1.023 -0.784 -0.456 -0.282 -0.065 0.226 0.415 0.641 0.763 0.866 0.887 0.883 0.867 0.838 0.794 0.732 0.698 0.661 0.644 0.617 0.596 0.568 0.496 0.490 2.648 
6.000 600.000 -1.074 -0.838 -0.513 -0.342 -0.130 0.153 0.334 0.545 0.654 0.733 0.739 0.714 0.684 0.638 0.574 0.492 0.449 0.412 0.398 0.378 0.363 0.342 0.285 0.280 2.552 
6.000 700.000 -1.138 -0.903 -0.582 -0.413 -0.204 0.073 0.248 0.449 0.548 0.610 0.605 0.565 0.525 0.467 0.389 0.292 0.243 0.203 0.190 0.174 0.161 0.143 0.093 0.090 2.461 
6.000 800.000 -1.190 -0.957 -0.638 -0.472 -0.266 0.003 0.172 0.361 0.449 0.493 0.476 0.420 0.370 0.300 0.208 0.097 0.043 0.003 -0.008 -0.020 -0.030 -0.044 -0.086 -0.089 2.382 
6.000 1000.000 -1.300 -1.071 -0.758 -0.595 -0.396 -0.139 0.019 0.187 0.257 0.268 0.232 0.148 0.080 -0.010 -0.125 -0.260 -0.323 -0.365 -0.373 -0.380 -0.385 -0.395 -0.426 -0.429 2.239 
6.000 1200.000 -1.394 -1.168 -0.862 -0.704 -0.512 -0.268 -0.124 0.021 0.068 0.042 -0.018 -0.134 -0.222 -0.336 -0.479 -0.643 -0.719 -0.769 -0.777 -0.781 -0.784 -0.791 -0.815 -0.817 2.078 
6.000 1500.000 -1.542 -1.321 -1.023 -0.871 -0.689 -0.464 -0.337 -0.226 -0.208 -0.285 -0.376 -0.533 -0.648 -0.794 -0.973 -1.175 -1.267 -1.328 -1.338 -1.340 -1.341 -1.345 -1.363 -1.364 1.865 
6.500 0.000 1.208 1.436 1.751 1.918 2.129 2.415 2.606 2.849 2.997 3.169 3.247 3.336 3.390 3.454 3.535 3.645 3.714 3.781 3.797 3.790 3.770 3.735 3.615 3.604 4.879 
6.500 1.000 1.211 1.439 1.754 1.921 2.132 2.418 2.609 2.851 2.999 3.170 3.247 3.335 3.388 3.450 3.529 3.635 3.699 3.758 3.769 3.756 3.733 3.693 3.564 3.552 4.872 
6.500 5.000 1.124 1.352 1.667 1.834 2.044 2.329 2.520 2.761 2.908 3.077 3.152 3.239 3.290 3.350 3.425 3.525 3.585 3.638 3.646 3.629 3.604 3.562 3.429 3.416 4.779 
6.500 10.000 0.995 1.222 1.536 1.703 1.913 2.197 2.387 2.626 2.771 2.936 3.010 3.092 3.140 3.197 3.268 3.361 3.417 3.467 3.474 3.458 3.434 3.394 3.267 3.255 4.649 
6.500 15.000 0.848 1.075 1.389 1.556 1.765 2.049 2.238 2.477 2.622 2.786 2.859 2.941 2.989 3.045 3.114 3.205 3.259 3.307 3.313 3.295 3.270 3.229 3.100 3.088 4.515 
6.500 20.000 0.727 0.955 1.268 1.435 1.644 1.928 2.117 2.355 2.500 2.663 2.736 2.817 2.864 2.920 2.988 3.077 3.129 3.174 3.178 3.159 3.132 3.090 2.959 2.946 4.408 
6.500 25.000 0.623 0.850 1.163 1.329 1.538 1.822 2.010 2.249 2.392 2.555 2.628 2.708 2.754 2.808 2.875 2.962 3.012 3.053 3.055 3.033 3.005 2.962 2.827 2.814 4.314 
6.500 30.000 0.532 0.759 1.072 1.238 1.447 1.730 1.919 2.157 2.300 2.463 2.534 2.614 2.660 2.714 2.779 2.864 2.912 2.950 2.951 2.927 2.898 2.853 2.715 2.702 4.235 
6.500 40.000 0.387 0.614 0.927 1.093 1.301 1.584 1.772 2.009 2.152 2.314 2.385 2.464 2.509 2.561 2.625 2.706 2.750 2.783 2.781 2.752 2.721 2.673 2.529 2.515 4.105 
6.500 50.000 0.273 0.499 0.812 0.977 1.185 1.468 1.655 1.892 2.035 2.195 2.266 2.344 2.388 2.440 2.502 2.580 2.622 2.652 2.648 2.617 2.585 2.535 2.389 2.375 4.003 
6.500 60.000 0.199 0.425 0.737 0.902 1.110 1.392 1.580 1.816 1.959 2.120 2.191 2.269 2.313 2.365 2.427 2.505 2.548 2.578 2.573 2.542 2.509 2.459 2.311 2.297 3.925 
6.500 70.000 0.149 0.374 0.686 0.852 1.059 1.341 1.528 1.764 1.906 2.066 2.136 2.214 2.258 2.308 2.370 2.445 2.486 2.513 2.507 2.474 2.440 2.389 2.238 2.224 3.866 
6.500 80.000 0.128 0.354 0.665 0.830 1.037 1.318 1.504 1.738 1.879 2.036 2.105 2.179 2.221 2.268 2.325 2.395 2.431 2.452 2.444 2.409 2.374 2.323 2.173 2.159 3.823 
6.500 90.000 0.112 0.337 0.647 0.812 1.019 1.299 1.484 1.717 1.856 2.012 2.078 2.150 2.190 2.235 2.289 2.353 2.387 2.405 2.395 2.360 2.325 2.274 2.127 2.113 3.787 
6.500 100.000 0.096 0.321 0.631 0.796 1.002 1.281 1.466 1.697 1.836 1.988 2.053 2.123 2.161 2.204 2.255 2.315 2.345 2.360 2.350 2.314 2.279 2.229 2.084 2.071 3.755 
6.500 110.000 0.084 0.309 0.618 0.783 0.988 1.266 1.450 1.681 1.817 1.968 2.031 2.098 2.134 2.174 2.221 2.276 2.304 2.316 2.305 2.269 2.234 2.185 2.043 2.030 3.728 
6.500 120.000 0.073 0.297 0.607 0.770 0.975 1.253 1.436 1.665 1.800 1.948 2.009 2.074 2.108 2.146 2.190 2.240 2.265 2.274 2.262 2.226 2.192 2.143 2.004 1.991 3.702 
6.500 130.000 0.057 0.281 0.590 0.753 0.958 1.235 1.417 1.644 1.778 1.924 1.984 2.045 2.078 2.114 2.154 2.200 2.221 2.228 2.215 2.178 2.144 2.096 1.958 1.946 3.672 
6.500 140.000 0.039 0.263 0.571 0.734 0.938 1.214 1.396 1.622 1.755 1.898 1.957 2.016 2.048 2.081 2.119 2.161 2.180 2.184 2.170 2.133 2.099 2.050 1.915 1.903 3.642 
6.500 150.000 0.021 0.244 0.552 0.715 0.919 1.194 1.375 1.600 1.732 1.873 1.930 1.987 2.017 2.049 2.084 2.122 2.139 2.141 2.127 2.090 2.056 2.008 1.875 1.864 3.617 
6.500 175.000 -0.022 0.200 0.507 0.669 0.872 1.145 1.324 1.546 1.675 1.810 1.864 1.915 1.941 1.967 1.995 2.024 2.035 2.033 2.018 1.982 1.949 1.903 1.778 1.767 3.556 
6.500 200.000 -0.064 0.158 0.464 0.625 0.827 1.098 1.276 1.495 1.620 1.751 1.801 1.847 1.869 1.890 1.911 1.931 1.937 1.929 1.913 1.875 1.843 1.798 1.676 1.666 3.497 
6.500 250.000 -0.142 0.079 0.382 0.543 0.743 1.011 1.185 1.398 1.519 1.640 1.684 1.721 1.736 1.749 1.759 1.763 1.760 1.745 1.726 1.689 1.658 1.615 1.501 1.492 3.393 
6.500 300.000 -0.208 0.012 0.314 0.473 0.671 0.936 1.107 1.315 1.431 1.543 1.580 1.608 1.617 1.622 1.621 1.611 1.601 1.579 1.560 1.524 1.494 1.454 1.347 1.339 3.304 
6.500 350.000 -0.256 -0.037 0.262 0.420 0.616 0.877 1.045 1.246 1.356 1.457 1.487 1.504 1.506 1.501 1.488 1.464 1.446 1.420 1.401 1.367 1.340 1.303 1.207 1.199 3.229 
6.500 400.000 -0.299 -0.082 0.216 0.373 0.567 0.824 0.989 1.183 1.287 1.377 1.400 1.407 1.402 1.388 1.364 1.327 1.303 1.273 1.255 1.223 1.199 1.165 1.078 1.072 3.161 
6.500 450.000 -0.341 -0.124 0.172 0.327 0.519 0.773 0.935 1.124 1.223 1.304 1.321 1.319 1.308 1.287 1.253 1.205 1.177 1.144 1.126 1.096 1.074 1.043 0.963 0.956 3.102 
6.500 500.000 -0.379 -0.164 0.131 0.285 0.475 0.726 0.885 1.068 1.162 1.234 1.245 1.235 1.218 1.190 1.148 1.090 1.057 1.022 1.004 0.977 0.956 0.927 0.853 0.847 3.048 
6.500 600.000 -0.429 -0.215 0.075 0.227 0.413 0.656 0.807 0.976 1.056 1.105 1.102 1.071 1.040 0.996 0.935 0.858 0.818 0.783 0.770 0.751 0.736 0.715 0.658 0.653 2.955 
6.500 700.000 -0.496 -0.285 0.003 0.153 0.336 0.572 0.718 0.877 0.948 0.981 0.966 0.921 0.881 0.825 0.750 0.659 0.613 0.576 0.564 0.549 0.536 0.518 0.468 0.465 2.863 
6.500 800.000 -0.541 -0.331 -0.047 0.100 0.280 0.509 0.648 0.795 0.856 0.870 0.843 0.782 0.732 0.664 0.576 0.472 0.422 0.387 0.378 0.368 0.360 0.346 0.306 0.303 2.788 
6.500 1000.000 -0.646 -0.439 -0.160 -0.017 0.156 0.374 0.502 0.629 0.671 0.653 0.607 0.519 0.452 0.365 0.255 0.129 0.072 0.037 0.032 0.029 0.025 0.017 -0.013 -0.015 2.650 
6.500 1200.000 -0.744 -0.540 -0.268 -0.129 0.038 0.243 0.359 0.463 0.485 0.433 0.365 0.248 0.162 0.053 -0.082 -0.234 -0.302 -0.343 -0.348 -0.348 -0.350 -0.355 -0.377 -0.379 2.499 
6.500 1500.000 -0.882 -0.683 -0.419 -0.286 -0.130 0.057 0.154 0.225 0.217 0.115 0.017 -0.142 -0.253 -0.392 -0.561 -0.747 -0.828 -0.876 -0.880 -0.876 -0.875 -0.876 -0.891 -0.892 2.301 
7.000 0.000 1.598 1.799 2.074 2.219 2.400 2.643 2.803 3.004 3.126 3.272 3.341 3.425 3.477 3.540 3.620 3.728 3.794 3.856 3.868 3.856 3.834 3.795 3.666 3.653 4.998 
7.000 1.000 1.606 1.807 2.082 2.227 2.408 2.650 2.810 3.011 3.133 3.278 3.347 3.430 3.481 3.543 3.621 3.725 3.787 3.842 3.850 3.832 3.806 3.763 3.624 3.611 4.988 
7.000 5.000 1.545 1.745 2.020 2.165 2.345 2.587 2.746 2.946 3.068 3.211 3.278 3.359 3.408 3.468 3.543 3.641 3.699 3.748 3.753 3.732 3.704 3.659 3.518 3.504 4.910 
7.000 10.000 1.442 1.643 1.917 2.062 2.241 2.483 2.642 2.840 2.960 3.101 3.168 3.246 3.294 3.351 3.424 3.518 3.573 3.620 3.625 3.604 3.577 3.533 3.396 3.383 4.801 
7.000 15.000 1.323 1.523 1.797 1.941 2.121 2.362 2.520 2.718 2.838 2.978 3.044 3.121 3.168 3.225 3.296 3.388 3.441 3.487 3.491 3.470 3.442 3.398 3.261 3.248 4.686 
7.000 20.000 1.221 1.421 1.695 1.839 2.019 2.260 2.418 2.615 2.735 2.874 2.939 3.016 3.063 3.119 3.188 3.279 3.331 3.374 3.377 3.354 3.325 3.280 3.141 3.128 4.594 
7.000 25.000 1.130 1.330 1.604 1.748 1.927 2.168 2.325 2.523 2.642 2.781 2.846 2.922 2.968 3.023 3.091 3.179 3.230 3.270 3.271 3.246 3.216 3.170 3.028 3.015 4.514 
7.000 30.000 1.054 1.254 1.527 1.671 1.850 2.091 2.248 2.445 2.564 2.702 2.767 2.843 2.888 2.942 3.010 3.096 3.145 3.183 3.182 3.155 3.125 3.077 2.933 2.919 4.448 
7.000 40.000 0.925 1.124 1.397 1.541 1.720 1.960 2.117 2.313 2.432 2.569 2.633 2.708 2.753 2.806 2.872 2.955 3.002 3.035 3.032 3.002 2.970 2.920 2.771 2.757 4.338 
7.000 50.000 0.824 1.023 1.295 1.439 1.618 1.857 2.014 2.210 2.328 2.465 2.528 2.602 2.646 2.699 2.763 2.844 2.888 2.919 2.914 2.883 2.849 2.798 2.647 2.633 4.251 
7.000 60.000 0.756 0.955 1.227 1.371 1.549 1.788 1.945 2.141 2.259 2.396 2.459 2.533 2.578 2.630 2.695 2.776 2.820 2.851 2.847 2.815 2.781 2.731 2.579 2.564 4.182 
7.000 70.000 0.710 0.909 1.181 1.324 1.502 1.741 1.898 2.093 2.211 2.347 2.410 2.483 2.527 2.579 2.642 2.721 2.764 2.792 2.786 2.752 2.717 2.665 2.511 2.496 4.129 
7.000 80.000 0.693 0.891 1.163 1.306 1.484 1.722 1.877 2.071 2.187 2.321 2.382 2.453 2.495 2.544 2.603 2.677 2.715 2.739 2.731 2.696 2.661 2.609 2.456 2.442 4.092 
7.000 90.000 0.678 0.876 1.147 1.290 1.467 1.704 1.859 2.052 2.167 2.298 2.358 2.426 2.466 2.513 2.569 2.638 2.674 2.695 2.686 2.651 2.616 2.564 2.414 2.400 4.060 
7.000 100.000 0.664 0.862 1.132 1.275 1.451 1.688 1.842 2.034 2.148 2.277 2.335 2.401 2.440 2.484 2.538 2.602 2.636 2.654 2.644 2.608 2.573 2.522 2.374 2.361 4.030 
7.000 110.000 0.653 0.850 1.121 1.263 1.439 1.675 1.828 2.018 2.131 2.258 2.314 2.378 2.414 2.457 2.507 2.566 2.596 2.611 2.601 2.565 2.530 2.480 2.335 2.322 4.006 
7.000 120.000 0.642 0.839 1.108 1.250 1.426 1.661 1.814 2.002 2.114 2.238 2.293 2.354 2.389 2.429 2.475 2.530 2.557 2.569 2.558 2.521 2.487 2.436 2.294 2.281 3.982 
7.000 130.000 0.627 0.824 1.093 1.234 1.410 1.644 1.796 1.983 2.093 2.216 2.269 2.328 2.361 2.398 2.442 2.492 2.516 2.525 2.512 2.475 2.441 2.391 2.251 2.238 3.955 
7.000 140.000 0.609 0.806 1.074 1.216 1.391 1.624 1.776 1.962 2.071 2.192 2.244 2.301 2.332 2.368 2.409 2.456 2.478 2.484 2.471 2.434 2.399 2.350 2.211 2.198 3.929 
7.000 150.000 0.592 0.788 1.057 1.198 1.372 1.605 1.756 1.941 2.049 2.168 2.218 2.273 2.303 2.337 2.375 2.419 2.439 2.443 2.430 2.392 2.358 2.309 2.173 2.161 3.907 
7.000 175.000 0.549 0.745 1.012 1.153 1.326 1.557 1.706 1.888 1.994 2.107 2.154 2.204 2.230 2.259 2.291 2.325 2.339 2.339 2.325 2.288 2.254 2.207 2.077 2.066 3.853 
7.000 200.000 0.507 0.702 0.969 1.108 1.281 1.511 1.658 1.838 1.941 2.049 2.094 2.139 2.162 2.186 2.212 2.238 2.248 2.243 2.227 2.190 2.157 2.111 1.984 1.973 3.800 
7.000 250.000 0.430 0.624 0.889 1.028 1.199 1.425 1.570 1.744 1.842 1.942 1.981 2.017 2.034 2.050 2.065 2.077 2.078 2.067 2.049 2.012 1.981 1.937 1.820 1.810 3.705 
7.000 300.000 0.374 0.567 0.829 0.967 1.136 1.359 1.501 1.670 1.763 1.854 1.886 1.913 1.924 1.932 1.936 1.934 1.928 1.911 1.893 1.858 1.828 1.788 1.680 1.671 3.630 
7.000 350.000 0.326 0.518 0.779 0.915 1.083 1.302 1.441 1.603 1.690 1.771 1.796 1.812 1.816 1.815 1.807 1.791 1.778 1.756 1.738 1.706 1.679 1.642 1.544 1.536 3.562 
7.000 400.000 0.281 0.472 0.731 0.866 1.032 1.248 1.383 1.540 1.622 1.693 1.711 1.718 1.715 1.706 1.689 1.661 1.643 1.619 1.602 1.573 1.548 1.515 1.427 1.421 3.502 
7.000 450.000 0.237 0.427 0.685 0.818 0.982 1.195 1.328 1.479 1.556 1.618 1.630 1.629 1.620 1.604 1.578 1.539 1.516 1.489 1.473 1.446 1.424 1.393 1.312 1.306 3.445 
7.000 500.000 0.199 0.388 0.644 0.777 0.939 1.149 1.279 1.424 1.496 1.549 1.556 1.546 1.532 1.509 1.474 1.426 1.400 1.371 1.357 1.332 1.312 1.284 1.211 1.205 3.392 
7.000 600.000 0.142 0.329 0.581 0.712 0.870 1.072 1.195 1.328 1.388 1.419 1.412 1.383 1.356 1.318 1.265 1.198 1.164 1.136 1.125 1.107 1.093 1.072 1.014 1.010 3.302 
7.000 700.000 0.075 0.261 0.510 0.638 0.794 0.991 1.108 1.231 1.282 1.297 1.280 1.237 1.201 1.151 1.085 1.004 0.965 0.934 0.925 0.911 0.899 0.882 0.832 0.828 3.213 
7.000 800.000 0.026 0.209 0.456 0.582 0.734 0.924 1.036 1.147 1.188 1.186 1.158 1.099 1.053 0.992 0.914 0.821 0.779 0.750 0.744 0.736 0.728 0.715 0.675 0.672 3.138 
7.000 1000.000 -0.081 0.100 0.341 0.463 0.609 0.788 0.889 0.981 1.004 0.971 0.924 0.840 0.777 0.697 0.597 0.483 0.434 0.406 0.403 0.402 0.399 0.391 0.362 0.360 3.010 
7.000 1200.000 -0.174 0.004 0.239 0.358 0.497 0.664 0.753 0.823 0.827 0.761 0.693 0.581 0.500 0.400 0.276 0.140 0.081 0.050 0.049 0.053 0.053 0.049 0.028 0.026 2.869 
7.000 1500.000 -0.306 -0.133 0.094 0.206 0.336 0.485 0.557 0.595 0.570 0.456 0.359 0.207 0.103 -0.026 -0.181 -0.348 -0.418 -0.454 -0.453 -0.445 -0.441 -0.441 -0.454 -0.455 2.686 
7.500 0.000 1.911 2.083 2.317 2.440 2.592 2.794 2.926 3.093 3.197 3.326 3.392 3.473 3.525 3.589 3.670 3.779 3.844 3.904 3.914 3.899 3.874 3.831 3.694 3.681 5.088 
7.500 1.000 1.919 2.091 2.325 2.447 2.599 2.801 2.933 3.100 3.204 3.332 3.397 3.478 3.529 3.591 3.671 3.776 3.838 3.892 3.898 3.877 3.849 3.802 3.656 3.642 5.073 
7.500 5.000 1.871 2.043 2.276 2.399 2.550 2.752 2.884 3.050 3.152 3.279 3.343 3.422 3.471 3.532 3.609 3.708 3.767 3.815 3.818 3.795 3.765 3.717 3.567 3.553 5.004 
7.500 10.000 1.785 1.957 2.190 2.313 2.464 2.665 2.797 2.962 3.065 3.191 3.254 3.332 3.381 3.441 3.517 3.616 3.673 3.721 3.724 3.701 3.671 3.624 3.476 3.462 4.908 
7.500 15.000 1.698 1.869 2.103 2.225 2.376 2.577 2.708 2.873 2.975 3.101 3.163 3.241 3.290 3.349 3.424 3.521 3.578 3.625 3.628 3.605 3.575 3.529 3.382 3.368 4.815 
7.500 20.000 1.617 1.788 2.021 2.143 2.294 2.495 2.626 2.791 2.892 3.017 3.079 3.156 3.204 3.262 3.336 3.431 3.486 3.531 3.533 3.508 3.477 3.430 3.282 3.267 4.738 
7.500 25.000 1.543 1.714 1.947 2.069 2.220 2.421 2.552 2.716 2.817 2.942 3.004 3.080 3.128 3.186 3.259 3.353 3.406 3.449 3.449 3.423 3.392 3.343 3.192 3.177 4.674 
7.500 30.000 1.477 1.648 1.881 2.003 2.153 2.354 2.485 2.649 2.750 2.874 2.936 3.012 3.060 3.117 3.189 3.282 3.334 3.375 3.374 3.346 3.314 3.264 3.110 3.095 4.618 
7.500 40.000 1.365 1.536 1.768 1.890 2.040 2.240 2.371 2.534 2.635 2.758 2.820 2.895 2.942 2.998 3.069 3.159 3.210 3.248 3.246 3.216 3.183 3.131 2.976 2.961 4.526 
7.500 50.000 1.280 1.450 1.682 1.804 1.954 2.153 2.284 2.447 2.547 2.669 2.730 2.804 2.851 2.906 2.975 3.063 3.112 3.147 3.144 3.113 3.079 3.027 2.869 2.854 4.455 
7.500 60.000 1.218 1.389 1.621 1.742 1.892 2.091 2.221 2.384 2.485 2.607 2.668 2.742 2.788 2.844 2.914 3.002 3.051 3.087 3.084 3.053 3.019 2.967 2.810 2.795 4.395 
7.500 70.000 1.181 1.351 1.582 1.703 1.853 2.052 2.182 2.344 2.444 2.566 2.626 2.700 2.745 2.800 2.868 2.955 3.002 3.036 3.032 2.999 2.965 2.913 2.755 2.740 4.350 
7.500 80.000 1.165 1.335 1.566 1.687 1.836 2.035 2.164 2.325 2.424 2.543 2.602 2.673 2.717 2.769 2.834 2.915 2.960 2.989 2.983 2.950 2.915 2.862 2.706 2.691 4.317 
7.500 90.000 1.152 1.322 1.552 1.673 1.822 2.020 2.148 2.308 2.406 2.523 2.580 2.649 2.692 2.742 2.804 2.881 2.922 2.949 2.942 2.908 2.873 2.821 2.667 2.653 4.288 
7.500 100.000 1.140 1.310 1.540 1.660 1.809 2.005 2.133 2.292 2.389 2.504 2.560 2.627 2.668 2.716 2.775 2.848 2.887 2.911 2.903 2.869 2.834 2.782 2.631 2.617 4.261 
7.500 110.000 1.130 1.299 1.528 1.648 1.796 1.993 2.120 2.277 2.373 2.486 2.540 2.605 2.644 2.690 2.745 2.813 2.848 2.869 2.860 2.825 2.790 2.739 2.590 2.576 4.238 
7.500 120.000 1.120 1.288 1.518 1.637 1.785 1.980 2.107 2.263 2.357 2.468 2.521 2.583 2.620 2.664 2.716 2.779 2.812 2.829 2.819 2.783 2.748 2.698 2.551 2.537 4.216 
7.500 130.000 1.105 1.274 1.503 1.622 1.769 1.964 2.090 2.245 2.338 2.447 2.498 2.558 2.594 2.636 2.685 2.744 2.774 2.788 2.778 2.741 2.707 2.656 2.511 2.498 4.192 
7.500 140.000 1.088 1.257 1.485 1.604 1.751 1.945 2.071 2.225 2.317 2.424 2.475 2.533 2.567 2.607 2.654 2.710 2.738 2.750 2.738 2.701 2.667 2.617 2.473 2.460 4.169 
7.500 150.000 1.070 1.238 1.466 1.585 1.732 1.926 2.050 2.203 2.295 2.400 2.449 2.506 2.539 2.577 2.622 2.674 2.700 2.710 2.698 2.661 2.626 2.577 2.435 2.422 4.151 
7.500 175.000 1.029 1.196 1.424 1.542 1.688 1.880 2.003 2.153 2.242 2.343 2.389 2.441 2.470 2.504 2.542 2.586 2.606 2.612 2.598 2.561 2.528 2.479 2.343 2.331 4.103 
7.500 200.000 0.986 1.153 1.379 1.497 1.642 1.833 1.955 2.103 2.190 2.287 2.330 2.378 2.405 2.434 2.468 2.505 2.521 2.522 2.508 2.471 2.437 2.390 2.258 2.247 4.056 
7.500 250.000 0.918 1.084 1.308 1.425 1.568 1.756 1.875 2.018 2.100 2.189 2.226 2.265 2.286 2.307 2.330 2.352 2.361 2.356 2.341 2.305 2.274 2.230 2.110 2.099 3.973 
7.500 300.000 0.867 1.032 1.255 1.370 1.512 1.696 1.813 1.951 2.028 2.107 2.138 2.168 2.182 2.195 2.207 2.215 2.216 2.206 2.190 2.157 2.128 2.087 1.978 1.969 3.908 
7.500 350.000 0.818 0.982 1.203 1.318 1.458 1.639 1.752 1.884 1.956 2.026 2.050 2.071 2.078 2.083 2.085 2.080 2.075 2.061 2.047 2.016 1.990 1.954 1.855 1.847 3.848 
7.500 400.000 0.774 0.937 1.157 1.270 1.408 1.587 1.697 1.824 1.890 1.951 1.969 1.980 1.982 1.979 1.970 1.955 1.944 1.928 1.914 1.887 1.864 1.831 1.742 1.735 3.794 
7.500 450.000 0.731 0.893 1.111 1.224 1.360 1.535 1.643 1.764 1.826 1.877 1.890 1.893 1.889 1.879 1.861 1.836 1.821 1.803 1.790 1.766 1.745 1.716 1.636 1.630 3.740 
7.500 500.000 0.691 0.853 1.069 1.181 1.316 1.488 1.592 1.709 1.765 1.808 1.815 1.810 1.800 1.783 1.758 1.723 1.704 1.685 1.674 1.653 1.634 1.608 1.535 1.530 3.691 
7.500 600.000 0.625 0.785 0.998 1.107 1.239 1.404 1.503 1.607 1.653 1.676 1.670 1.647 1.626 1.594 1.552 1.498 1.472 1.451 1.443 1.427 1.414 1.393 1.334 1.330 3.605 
7.500 700.000 0.558 0.716 0.927 1.034 1.163 1.323 1.416 1.511 1.549 1.557 1.541 1.504 1.474 1.432 1.377 1.310 1.278 1.256 1.250 1.238 1.227 1.210 1.161 1.157 3.522 
7.500 800.000 0.503 0.660 0.868 0.973 1.098 1.253 1.340 1.425 1.453 1.444 1.418 1.367 1.327 1.275 1.207 1.129 1.094 1.074 1.070 1.064 1.057 1.045 1.004 1.001 3.449 
7.500 1000.000 0.393 0.547 0.750 0.851 0.971 1.114 1.192 1.257 1.267 1.229 1.184 1.107 1.051 0.979 0.890 0.791 0.749 0.729 0.729 0.730 0.728 0.721 0.692 0.690 3.334 
7.500 1200.000 0.305 0.456 0.653 0.751 0.865 0.996 1.063 1.107 1.099 1.029 0.965 0.861 0.789 0.698 0.587 0.467 0.418 0.397 0.400 0.406 0.407 0.405 0.385 0.383 3.204 
7.500 1500.000 0.177 0.324 0.513 0.605 0.710 0.823 0.873 0.886 0.850 0.733 0.639 0.498 0.401 0.283 0.143 -0.006 -0.065 -0.089 -0.083 -0.071 -0.065 -0.063 -0.074 -0.076 3.035 
7.800 0.000 2.058 2.213 2.424 2.534 2.670 2.851 2.969 3.120 3.216 3.339 3.403 3.486 3.538 3.603 3.686 3.797 3.864 3.924 3.933 3.916 3.890 3.846 3.702 3.688 5.125 
7.800 1.000 2.063 2.218 2.429 2.539 2.675 2.855 2.974 3.125 3.220 3.343 3.406 3.488 3.540 3.604 3.685 3.792 3.855 3.909 3.914 3.891 3.861 3.812 3.658 3.643 5.107 
7.800 5.000 2.016 2.171 2.381 2.491 2.627 2.807 2.925 3.076 3.171 3.292 3.355 3.435 3.486 3.548 3.628 3.731 3.791 3.839 3.841 3.815 3.783 3.732 3.573 3.558 5.041 
7.800 10.000 1.945 2.099 2.310 2.419 2.555 2.735 2.853 3.003 3.097 3.218 3.280 3.360 3.410 3.472 3.551 3.653 3.713 3.762 3.765 3.740 3.709 3.659 3.505 3.490 4.958 
7.800 15.000 1.868 2.022 2.232 2.342 2.477 2.657 2.775 2.925 3.019 3.140 3.202 3.281 3.332 3.393 3.472 3.574 3.633 3.682 3.685 3.660 3.629 3.580 3.426 3.411 4.875 
7.800 20.000 1.796 1.951 2.161 2.270 2.405 2.585 2.703 2.852 2.946 3.066 3.128 3.207 3.257 3.318 3.395 3.496 3.554 3.601 3.603 3.577 3.546 3.496 3.341 3.325 4.807 
7.800 25.000 1.730 1.885 2.094 2.204 2.339 2.518 2.636 2.785 2.879 2.999 3.061 3.139 3.189 3.249 3.326 3.426 3.483 3.529 3.530 3.502 3.470 3.419 3.261 3.246 4.750 
7.800 30.000 1.672 1.826 2.036 2.145 2.280 2.460 2.577 2.726 2.820 2.939 3.001 3.079 3.128 3.188 3.265 3.363 3.419 3.464 3.464 3.436 3.403 3.352 3.193 3.178 4.701 
7.800 40.000 1.567 1.722 1.931 2.040 2.175 2.354 2.471 2.619 2.712 2.831 2.892 2.969 3.018 3.077 3.152 3.248 3.303 3.344 3.343 3.313 3.279 3.226 3.065 3.049 4.617 
7.800 50.000 1.487 1.641 1.850 1.959 2.094 2.272 2.389 2.537 2.630 2.748 2.809 2.886 2.934 2.993 3.067 3.161 3.214 3.253 3.250 3.219 3.184 3.130 2.967 2.951 4.549 
7.800 60.000 1.428 1.582 1.791 1.900 2.034 2.212 2.329 2.477 2.570 2.689 2.749 2.826 2.875 2.934 3.008 3.103 3.157 3.196 3.194 3.162 3.127 3.074 2.910 2.894 4.494 
7.800 70.000 1.394 1.548 1.756 1.865 1.999 2.177 2.293 2.441 2.534 2.651 2.711 2.787 2.835 2.893 2.966 3.059 3.110 3.147 3.144 3.111 3.076 3.022 2.857 2.841 4.453 
7.800 80.000 1.380 1.533 1.741 1.850 1.983 2.161 2.277 2.423 2.514 2.630 2.688 2.762 2.808 2.864 2.933 3.021 3.069 3.102 3.097 3.063 3.028 2.974 2.811 2.795 4.422 
7.800 90.000 1.367 1.520 1.728 1.836 1.969 2.146 2.261 2.406 2.497 2.610 2.668 2.740 2.784 2.838 2.905 2.989 3.034 3.064 3.058 3.024 2.988 2.934 2.773 2.758 4.394 
7.800 100.000 1.355 1.507 1.715 1.823 1.956 2.132 2.246 2.391 2.480 2.592 2.648 2.718 2.762 2.814 2.878 2.958 3.001 3.028 3.021 2.986 2.950 2.897 2.738 2.723 4.367 
7.800 110.000 1.344 1.497 1.703 1.811 1.944 2.119 2.233 2.376 2.465 2.574 2.629 2.697 2.738 2.788 2.849 2.924 2.964 2.988 2.979 2.943 2.907 2.854 2.698 2.683 4.345 
7.800 120.000 1.333 1.486 1.692 1.799 1.931 2.106 2.220 2.361 2.449 2.556 2.610 2.675 2.715 2.763 2.820 2.891 2.928 2.949 2.940 2.903 2.867 2.815 2.660 2.646 4.324 
7.800 130.000 1.319 1.471 1.677 1.785 1.916 2.091 2.203 2.344 2.430 2.536 2.588 2.651 2.690 2.735 2.790 2.857 2.891 2.909 2.899 2.862 2.826 2.774 2.622 2.608 4.303 
7.800 140.000 1.304 1.455 1.661 1.768 1.899 2.073 2.185 2.325 2.410 2.514 2.565 2.626 2.664 2.707 2.760 2.823 2.855 2.870 2.859 2.822 2.786 2.734 2.584 2.571 4.282 
7.800 150.000 1.286 1.438 1.643 1.750 1.881 2.054 2.166 2.304 2.389 2.491 2.541 2.600 2.636 2.678 2.728 2.788 2.818 2.832 2.820 2.783 2.747 2.696 2.548 2.534 4.265 
7.800 175.000 1.246 1.397 1.602 1.708 1.838 2.010 2.120 2.256 2.339 2.436 2.483 2.538 2.571 2.608 2.653 2.704 2.729 2.738 2.725 2.688 2.653 2.603 2.461 2.449 4.220 
7.800 200.000 1.206 1.356 1.560 1.666 1.795 1.966 2.075 2.209 2.289 2.383 2.427 2.478 2.508 2.542 2.581 2.626 2.646 2.651 2.637 2.599 2.565 2.516 2.378 2.366 4.176 
7.800 250.000 1.140 1.290 1.492 1.596 1.724 1.892 1.998 2.126 2.202 2.286 2.324 2.366 2.389 2.414 2.442 2.471 2.484 2.483 2.470 2.435 2.404 2.360 2.238 2.228 4.105 
7.800 300.000 1.089 1.237 1.438 1.541 1.667 1.832 1.935 2.058 2.129 2.204 2.236 2.268 2.285 2.302 2.319 2.334 2.339 2.333 2.320 2.287 2.258 2.218 2.107 2.098 4.040 
7.800 350.000 1.041 1.189 1.387 1.490 1.614 1.775 1.876 1.994 2.059 2.126 2.151 2.174 2.185 2.193 2.199 2.202 2.201 2.192 2.179 2.150 2.124 2.087 1.988 1.980 3.985 
7.800 400.000 0.999 1.145 1.342 1.444 1.567 1.725 1.823 1.935 1.996 2.053 2.073 2.087 2.092 2.093 2.090 2.082 2.076 2.065 2.053 2.027 2.004 1.971 1.882 1.874 3.937 
7.800 450.000 0.956 1.102 1.297 1.398 1.519 1.675 1.770 1.877 1.933 1.982 1.996 2.002 2.001 1.995 1.984 1.965 1.955 1.941 1.930 1.907 1.886 1.856 1.775 1.769 3.887 
7.800 500.000 0.917 1.062 1.256 1.355 1.476 1.628 1.721 1.823 1.875 1.915 1.924 1.923 1.916 1.904 1.884 1.856 1.841 1.824 1.813 1.792 1.773 1.745 1.670 1.664 3.843 
7.800 600.000 0.854 0.998 1.189 1.286 1.403 1.549 1.635 1.726 1.767 1.789 1.784 1.766 1.747 1.721 1.684 1.639 1.617 1.601 1.593 1.579 1.565 1.545 1.486 1.481 3.761 
7.800 700.000 0.787 0.929 1.117 1.213 1.327 1.468 1.549 1.631 1.663 1.670 1.657 1.624 1.597 1.560 1.511 1.452 1.425 1.408 1.402 1.392 1.381 1.364 1.314 1.310 3.685 
7.800 800.000 0.734 0.875 1.061 1.154 1.265 1.400 1.476 1.548 1.571 1.561 1.537 1.490 1.454 1.406 1.345 1.274 1.243 1.226 1.224 1.219 1.212 1.200 1.159 1.156 3.616 
7.800 1000.000 0.629 0.766 0.947 1.037 1.142 1.266 1.332 1.384 1.389 1.349 1.306 1.234 1.181 1.114 1.030 0.938 0.901 0.885 0.887 0.890 0.888 0.881 0.853 0.851 3.512 
7.800 1200.000 0.538 0.673 0.849 0.935 1.035 1.148 1.204 1.237 1.225 1.156 1.095 0.997 0.929 0.844 0.741 0.629 0.585 0.567 0.572 0.579 0.580 0.578 0.558 0.556 3.388 
7.800 1500.000 0.412 0.543 0.711 0.792 0.883 0.979 1.018 1.021 0.982 0.867 0.777 0.643 0.551 0.440 0.307 0.168 0.114 0.094 0.101 0.114 0.120 0.122 0.111 0.110 3.231 
8.000 0.000 2.142 2.287 2.483 2.585 2.711 2.879 2.990 3.132 3.223 3.343 3.407 3.490 3.543 3.609 3.694 3.806 3.874 3.935 3.944 3.927 3.900 3.855 3.708 3.694 5.146 
8.000 1.000 2.144 2.289 2.485 2.587 2.713 2.881 2.991 3.133 3.225 3.344 3.408 3.490 3.543 3.607 3.691 3.800 3.864 3.918 3.922 3.899 3.868 3.818 3.659 3.644 5.125 
8.000 5.000 2.097 2.242 2.437 2.539 2.665 2.833 2.943 3.085 3.176 3.295 3.358 3.439 3.491 3.555 3.636 3.742 3.803 3.852 3.854 3.826 3.793 3.740 3.576 3.559 5.061 
8.000 10.000 2.036 2.180 2.375 2.477 2.603 2.770 2.880 3.021 3.112 3.230 3.292 3.373 3.424 3.487 3.568 3.673 3.734 3.784 3.787 3.761 3.729 3.679 3.520 3.504 4.987 
8.000 15.000 1.965 2.109 2.304 2.406 2.532 2.699 2.809 2.950 3.041 3.159 3.221 3.302 3.353 3.417 3.497 3.602 3.663 3.714 3.716 3.691 3.659 3.608 3.448 3.433 4.911 
8.000 20.000 1.900 2.044 2.239 2.341 2.466 2.634 2.743 2.884 2.974 3.092 3.154 3.234 3.286 3.348 3.428 3.533 3.593 3.642 3.644 3.618 3.586 3.535 3.375 3.359 4.849 
8.000 25.000 1.841 1.984 2.179 2.281 2.407 2.574 2.683 2.823 2.914 3.031 3.093 3.173 3.223 3.286 3.365 3.468 3.528 3.576 3.577 3.550 3.518 3.466 3.306 3.290 4.798 
8.000 30.000 1.786 1.930 2.125 2.227 2.352 2.519 2.628 2.768 2.858 2.975 3.037 3.117 3.167 3.229 3.308 3.410 3.469 3.516 3.517 3.490 3.457 3.405 3.243 3.228 4.753 
8.000 40.000 1.687 1.830 2.025 2.126 2.251 2.418 2.527 2.667 2.756 2.873 2.934 3.013 3.063 3.124 3.201 3.301 3.358 3.401 3.401 3.371 3.337 3.283 3.119 3.103 4.673 
8.000 50.000 1.611 1.754 1.949 2.050 2.175 2.341 2.450 2.589 2.679 2.795 2.856 2.934 2.983 3.044 3.121 3.219 3.275 3.317 3.315 3.284 3.248 3.194 3.027 3.011 4.607 
8.000 60.000 1.553 1.696 1.890 1.992 2.116 2.282 2.392 2.531 2.620 2.737 2.798 2.876 2.926 2.987 3.065 3.164 3.220 3.262 3.261 3.230 3.194 3.140 2.972 2.956 4.557 
8.000 70.000 1.523 1.665 1.859 1.960 2.085 2.250 2.359 2.498 2.587 2.702 2.762 2.840 2.889 2.949 3.024 3.121 3.175 3.215 3.212 3.180 3.144 3.089 2.921 2.905 4.517 
8.000 80.000 1.509 1.652 1.845 1.946 2.070 2.235 2.343 2.481 2.568 2.682 2.741 2.816 2.863 2.921 2.994 3.085 3.136 3.172 3.168 3.134 3.098 3.043 2.876 2.860 4.488 
8.000 90.000 1.496 1.638 1.831 1.931 2.055 2.220 2.327 2.464 2.551 2.663 2.721 2.794 2.840 2.896 2.966 3.054 3.103 3.136 3.130 3.096 3.059 3.005 2.840 2.824 4.460 
8.000 100.000 1.483 1.626 1.818 1.918 2.042 2.206 2.313 2.449 2.535 2.645 2.702 2.774 2.819 2.873 2.940 3.025 3.071 3.101 3.095 3.059 3.023 2.968 2.805 2.790 4.434 
8.000 110.000 1.472 1.614 1.806 1.906 2.029 2.193 2.299 2.434 2.519 2.627 2.682 2.752 2.795 2.847 2.911 2.991 3.034 3.061 3.054 3.018 2.981 2.927 2.766 2.751 4.413 
8.000 120.000 1.462 1.603 1.795 1.895 2.018 2.180 2.286 2.420 2.503 2.609 2.663 2.731 2.772 2.822 2.884 2.959 2.999 3.023 3.014 2.978 2.942 2.888 2.730 2.715 4.393 
8.000 130.000 1.448 1.590 1.781 1.881 2.003 2.165 2.270 2.403 2.486 2.590 2.642 2.707 2.748 2.795 2.854 2.925 2.962 2.983 2.974 2.937 2.900 2.847 2.692 2.677 4.372 
8.000 140.000 1.433 1.574 1.765 1.865 1.987 2.148 2.253 2.384 2.466 2.568 2.620 2.683 2.722 2.768 2.824 2.892 2.926 2.945 2.935 2.897 2.861 2.808 2.655 2.640 4.352 
8.000 150.000 1.417 1.558 1.748 1.848 1.969 2.130 2.234 2.365 2.446 2.547 2.597 2.659 2.696 2.741 2.794 2.859 2.892 2.908 2.897 2.860 2.824 2.772 2.620 2.606 4.337 
8.000 175.000 1.376 1.517 1.707 1.805 1.926 2.086 2.189 2.317 2.396 2.492 2.540 2.597 2.632 2.672 2.720 2.777 2.805 2.817 2.805 2.768 2.733 2.682 2.537 2.524 4.294 
8.000 200.000 1.338 1.478 1.667 1.766 1.886 2.044 2.146 2.272 2.349 2.441 2.486 2.540 2.571 2.608 2.651 2.700 2.723 2.731 2.718 2.680 2.645 2.595 2.455 2.442 4.252 
8.000 250.000 1.276 1.415 1.603 1.700 1.818 1.973 2.072 2.192 2.264 2.347 2.385 2.429 2.453 2.481 2.511 2.545 2.560 2.563 2.551 2.517 2.486 2.442 2.319 2.308 4.186 
8.000 300.000 1.223 1.361 1.547 1.643 1.760 1.912 2.008 2.123 2.190 2.263 2.296 2.330 2.348 2.367 2.387 2.407 2.415 2.412 2.400 2.369 2.340 2.300 2.190 2.180 4.124 
8.000 350.000 1.176 1.314 1.498 1.593 1.708 1.857 1.950 2.060 2.122 2.187 2.213 2.238 2.251 2.262 2.271 2.279 2.281 2.276 2.264 2.236 2.211 2.175 2.076 2.067 4.074 
8.000 400.000 1.134 1.271 1.454 1.547 1.661 1.807 1.898 2.003 2.060 2.116 2.136 2.153 2.159 2.163 2.163 2.160 2.157 2.149 2.139 2.114 2.092 2.059 1.971 1.963 4.027 
8.000 450.000 1.092 1.228 1.409 1.502 1.614 1.758 1.846 1.946 1.998 2.047 2.061 2.070 2.071 2.068 2.060 2.046 2.038 2.026 2.016 1.993 1.972 1.942 1.859 1.853 3.983 
8.000 500.000 1.053 1.188 1.368 1.460 1.571 1.712 1.797 1.893 1.941 1.981 1.991 1.992 1.987 1.978 1.961 1.938 1.925 1.911 1.900 1.879 1.860 1.832 1.755 1.749 3.941 
8.000 600.000 0.994 1.127 1.304 1.394 1.501 1.636 1.715 1.799 1.836 1.857 1.854 1.838 1.822 1.798 1.765 1.724 1.705 1.692 1.686 1.673 1.660 1.639 1.580 1.576 3.860 
8.000 700.000 0.926 1.058 1.232 1.320 1.425 1.555 1.629 1.704 1.733 1.740 1.727 1.698 1.673 1.639 1.593 1.540 1.516 1.501 1.497 1.488 1.478 1.461 1.411 1.407 3.789 
8.000 800.000 0.875 1.005 1.177 1.263 1.365 1.489 1.558 1.623 1.643 1.633 1.610 1.566 1.532 1.487 1.429 1.363 1.336 1.322 1.321 1.316 1.310 1.297 1.257 1.254 3.723 
8.000 1000.000 0.770 0.897 1.064 1.147 1.244 1.357 1.416 1.462 1.466 1.427 1.386 1.317 1.267 1.203 1.123 1.036 1.001 0.987 0.990 0.992 0.990 0.984 0.955 0.952 3.627 
8.000 1200.000 0.679 0.804 0.967 1.046 1.137 1.240 1.289 1.317 1.303 1.235 1.176 1.083 1.017 0.936 0.837 0.730 0.689 0.674 0.679 0.687 0.688 0.686 0.665 0.664 3.507 
8.000 1500.000 0.551 0.673 0.828 0.903 0.985 1.072 1.105 1.105 1.065 0.954 0.869 0.740 0.652 0.545 0.418 0.284 0.232 0.214 0.222 0.234 0.240 0.242 0.230 0.228 3.357 
8.200 0.000 2.220 2.354 2.536 2.631 2.748 2.904 3.008 3.141 3.229 3.346 3.410 3.492 3.546 3.612 3.697 3.811 3.879 3.940 3.949 3.931 3.904 3.858 3.710 3.696 5.163 
8.200 1.000 2.218 2.352 2.534 2.629 2.746 2.902 3.005 3.139 3.227 3.344 3.407 3.489 3.542 3.608 3.692 3.802 3.866 3.920 3.925 3.901 3.869 3.818 3.658 3.642 5.141 
8.200 5.000 2.170 2.304 2.486 2.581 2.698 2.854 2.957 3.091 3.178 3.295 3.358 3.440 3.492 3.557 3.640 3.748 3.810 3.859 3.861 3.832 3.798 3.744 3.576 3.559 5.079 
8.200 10.000 2.118 2.252 2.434 2.528 2.645 2.801 2.904 3.037 3.124 3.240 3.303 3.384 3.436 3.500 3.582 3.689 3.751 3.802 3.805 3.779 3.746 3.695 3.532 3.516 5.014 
8.200 15.000 2.054 2.188 2.369 2.464 2.581 2.737 2.840 2.973 3.060 3.176 3.239 3.321 3.373 3.438 3.520 3.628 3.690 3.741 3.744 3.718 3.685 3.633 3.469 3.453 4.944 
8.200 20.000 1.994 2.128 2.309 2.403 2.520 2.676 2.779 2.912 2.999 3.115 3.177 3.258 3.311 3.375 3.457 3.564 3.626 3.676 3.678 3.651 3.618 3.566 3.402 3.386 4.887 
8.200 25.000 1.943 2.076 2.257 2.352 2.468 2.624 2.726 2.859 2.946 3.061 3.123 3.204 3.256 3.320 3.401 3.507 3.568 3.619 3.621 3.595 3.562 3.511 3.349 3.333 4.842 
8.200 30.000 1.892 2.026 2.207 2.301 2.418 2.573 2.675 2.808 2.895 3.010 3.072 3.152 3.204 3.267 3.348 3.454 3.515 3.564 3.566 3.539 3.506 3.455 3.292 3.276 4.801 
8.200 40.000 1.798 1.932 2.112 2.206 2.323 2.478 2.580 2.712 2.798 2.913 2.974 3.054 3.105 3.167 3.247 3.350 3.409 3.455 3.455 3.425 3.391 3.337 3.171 3.154 4.726 
8.200 50.000 1.726 1.859 2.040 2.134 2.250 2.405 2.507 2.639 2.725 2.839 2.901 2.980 3.031 3.093 3.172 3.274 3.332 3.376 3.376 3.345 3.309 3.255 3.086 3.069 4.663 
8.200 60.000 1.670 1.803 1.983 2.077 2.193 2.348 2.450 2.582 2.668 2.783 2.845 2.924 2.975 3.038 3.118 3.221 3.280 3.325 3.324 3.293 3.258 3.203 3.032 3.015 4.616 
8.200 70.000 1.643 1.775 1.955 2.049 2.165 2.319 2.421 2.552 2.638 2.751 2.812 2.890 2.941 3.002 3.080 3.180 3.236 3.278 3.276 3.244 3.208 3.153 2.983 2.967 4.579 
8.200 80.000 1.629 1.762 1.942 2.035 2.150 2.304 2.405 2.536 2.620 2.732 2.791 2.868 2.916 2.976 3.051 3.146 3.199 3.238 3.234 3.201 3.164 3.109 2.941 2.924 4.551 
8.200 90.000 1.616 1.748 1.927 2.021 2.136 2.289 2.389 2.519 2.603 2.713 2.772 2.846 2.894 2.952 3.025 3.117 3.167 3.203 3.198 3.164 3.128 3.072 2.904 2.888 4.523 
8.200 100.000 1.604 1.736 1.915 2.008 2.123 2.275 2.376 2.504 2.587 2.696 2.753 2.827 2.873 2.929 3.000 3.088 3.137 3.169 3.164 3.129 3.092 3.037 2.871 2.855 4.499 
8.200 110.000 1.592 1.724 1.902 1.995 2.110 2.262 2.361 2.489 2.571 2.677 2.733 2.805 2.849 2.903 2.971 3.055 3.100 3.130 3.124 3.088 3.052 2.997 2.834 2.818 4.478 
8.200 120.000 1.582 1.713 1.891 1.984 2.098 2.250 2.349 2.475 2.556 2.661 2.715 2.784 2.827 2.879 2.944 3.023 3.066 3.093 3.085 3.049 3.012 2.958 2.797 2.782 4.458 
8.200 130.000 1.569 1.701 1.878 1.971 2.085 2.235 2.334 2.459 2.539 2.641 2.695 2.761 2.803 2.853 2.914 2.989 3.029 3.053 3.044 3.008 2.971 2.918 2.760 2.745 4.439 
8.200 140.000 1.554 1.685 1.863 1.955 2.068 2.218 2.316 2.441 2.520 2.621 2.673 2.738 2.778 2.826 2.885 2.957 2.994 3.015 3.006 2.969 2.933 2.879 2.723 2.709 4.420 
8.200 150.000 1.539 1.670 1.847 1.939 2.052 2.202 2.299 2.423 2.501 2.600 2.651 2.715 2.754 2.800 2.857 2.925 2.961 2.980 2.971 2.934 2.898 2.845 2.691 2.677 4.406 
8.200 175.000 1.499 1.629 1.805 1.897 2.009 2.158 2.254 2.375 2.451 2.547 2.595 2.654 2.690 2.733 2.784 2.845 2.876 2.891 2.881 2.844 2.809 2.758 2.611 2.598 4.365 
8.200 200.000 1.463 1.593 1.768 1.859 1.971 2.118 2.213 2.332 2.406 2.498 2.544 2.599 2.632 2.671 2.716 2.770 2.796 2.806 2.794 2.757 2.722 2.672 2.529 2.517 4.325 
8.200 250.000 1.404 1.533 1.707 1.797 1.907 2.051 2.143 2.256 2.324 2.406 2.444 2.489 2.515 2.544 2.577 2.614 2.632 2.638 2.627 2.594 2.564 2.521 2.398 2.387 4.264 
8.200 300.000 1.349 1.478 1.650 1.739 1.847 1.988 2.077 2.185 2.249 2.322 2.355 2.391 2.410 2.431 2.454 2.478 2.489 2.490 2.479 2.449 2.421 2.382 2.272 2.262 4.205 
8.200 350.000 1.304 1.431 1.602 1.690 1.797 1.935 2.021 2.124 2.183 2.246 2.273 2.300 2.313 2.326 2.339 2.351 2.356 2.354 2.345 2.319 2.295 2.260 2.162 2.154 4.159 
8.200 400.000 1.263 1.389 1.559 1.646 1.751 1.886 1.969 2.067 2.121 2.176 2.197 2.215 2.223 2.229 2.232 2.233 2.233 2.229 2.221 2.198 2.177 2.145 2.058 2.051 4.115 
8.200 450.000 1.221 1.347 1.515 1.601 1.705 1.837 1.919 2.012 2.062 2.109 2.124 2.135 2.138 2.137 2.131 2.121 2.116 2.107 2.097 2.075 2.055 2.025 1.942 1.936 4.075 
8.200 500.000 1.182 1.307 1.474 1.559 1.662 1.792 1.871 1.959 2.005 2.044 2.055 2.058 2.055 2.047 2.034 2.014 2.004 1.992 1.983 1.962 1.943 1.916 1.840 1.833 4.035 
8.200 600.000 1.126 1.249 1.413 1.496 1.595 1.719 1.791 1.868 1.903 1.923 1.921 1.907 1.893 1.871 1.842 1.806 1.790 1.781 1.776 1.765 1.753 1.733 1.675 1.670 3.956 
8.200 700.000 1.058 1.180 1.341 1.423 1.519 1.638 1.706 1.774 1.800 1.806 1.795 1.767 1.744 1.712 1.670 1.621 1.601 1.590 1.588 1.580 1.571 1.555 1.506 1.503 3.890 
8.200 800.000 1.008 1.129 1.288 1.368 1.461 1.574 1.637 1.695 1.712 1.702 1.680 1.638 1.606 1.563 1.509 1.447 1.422 1.412 1.413 1.410 1.404 1.393 1.353 1.350 3.827 
8.200 1000.000 0.905 1.023 1.178 1.254 1.342 1.445 1.498 1.538 1.539 1.500 1.460 1.393 1.345 1.284 1.208 1.125 1.093 1.082 1.085 1.089 1.087 1.081 1.053 1.050 3.738 
8.200 1200.000 0.815 0.930 1.080 1.153 1.236 1.328 1.371 1.393 1.378 1.311 1.253 1.163 1.100 1.022 0.927 0.825 0.787 0.775 0.781 0.790 0.792 0.790 0.770 0.768 3.623 
8.200 1500.000 0.694 0.805 0.947 1.015 1.089 1.164 1.191 1.182 1.140 1.026 0.941 0.813 0.727 0.622 0.499 0.372 0.324 0.313 0.323 0.339 0.346 0.349 0.339 0.338 3.479 
