CanadaSHM6-trial_NGAEastGMM13_06 , distance is rrup. Log10 ground motion values in cgs units, PGV and Sa(T<0.1s) not valid
          11 34 25 : nmag, ndist, nperiod
          10.000 7.519 5.000 4.000 3.003 2.000 1.499 1.000 0.750 0.500 0.400 0.300 0.250 0.200 0.150 0.100 0.075 0.050 0.040 0.030 0.025 0.020 0.010 PGA PGV 
          0.620 0.620 0.620 0.620 0.620 0.620 0.620 0.620 0.600 0.580 0.560 0.540 0.530 0.530 0.530 0.530 0.530 0.530 0.530 0.530 0.530 0.530 0.530 0.530 0.620
4.000 0.000 -0.993 -0.699 -0.296 -0.082 0.188 0.565 0.832 1.207 1.472 1.840 2.032 2.264 2.399 2.547 2.712 2.898 2.996 3.076 3.083 3.051 3.010 2.946 2.756 2.738 3.439 
4.000 1.000 -1.082 -0.788 -0.385 -0.172 0.098 0.476 0.743 1.119 1.385 1.754 1.948 2.183 2.319 2.470 2.639 2.831 2.933 3.019 3.028 2.998 2.957 2.893 2.699 2.680 3.378 
4.000 5.000 -1.459 -1.165 -0.763 -0.549 -0.279 0.098 0.365 0.742 1.009 1.379 1.575 1.812 1.950 2.104 2.278 2.478 2.589 2.687 2.704 2.683 2.648 2.590 2.409 2.392 3.146 
4.000 10.000 -1.764 -1.470 -1.068 -0.855 -0.585 -0.208 0.058 0.434 0.701 1.071 1.267 1.503 1.641 1.795 1.969 2.170 2.282 2.382 2.401 2.383 2.351 2.296 2.123 2.107 2.950 
4.000 15.000 -2.007 -1.714 -1.313 -1.100 -0.831 -0.455 -0.189 0.185 0.451 0.818 1.012 1.245 1.381 1.532 1.700 1.892 1.997 2.089 2.103 2.081 2.047 1.990 1.818 1.802 2.664 
4.000 20.000 -2.196 -1.904 -1.503 -1.291 -1.023 -0.647 -0.382 -0.008 0.256 0.622 0.814 1.045 1.179 1.328 1.493 1.678 1.778 1.862 1.873 1.847 1.811 1.752 1.578 1.562 2.422 
4.000 25.000 -2.348 -2.056 -1.656 -1.444 -1.176 -0.801 -0.536 -0.164 0.100 0.464 0.655 0.885 1.018 1.164 1.326 1.507 1.603 1.682 1.690 1.661 1.623 1.564 1.388 1.372 2.238 
4.000 30.000 -2.466 -2.175 -1.775 -1.564 -1.296 -0.922 -0.658 -0.286 -0.023 0.340 0.530 0.757 0.889 1.034 1.193 1.369 1.461 1.535 1.541 1.510 1.471 1.411 1.236 1.220 2.093 
4.000 40.000 -2.657 -2.367 -1.968 -1.757 -1.490 -1.117 -0.853 -0.483 -0.221 0.139 0.328 0.554 0.683 0.826 0.981 1.151 1.239 1.306 1.308 1.274 1.234 1.173 0.997 0.981 1.866 
4.000 50.000 -2.802 -2.512 -2.115 -1.904 -1.638 -1.266 -1.003 -0.634 -0.373 -0.015 0.173 0.396 0.524 0.664 0.817 0.981 1.064 1.125 1.125 1.088 1.047 0.985 0.809 0.794 1.693 
4.000 60.000 -2.900 -2.611 -2.214 -2.004 -1.738 -1.367 -1.105 -0.737 -0.478 -0.121 0.065 0.287 0.413 0.551 0.700 0.858 0.937 0.992 0.989 0.950 0.908 0.846 0.672 0.656 1.563 
4.000 70.000 -2.943 -2.654 -2.258 -2.048 -1.783 -1.413 -1.152 -0.787 -0.529 -0.176 0.008 0.225 0.349 0.482 0.624 0.772 0.843 0.889 0.883 0.841 0.799 0.737 0.568 0.553 1.490 
4.000 80.000 -2.976 -2.688 -2.293 -2.083 -1.819 -1.450 -1.190 -0.825 -0.568 -0.217 -0.035 0.181 0.302 0.434 0.572 0.714 0.780 0.820 0.811 0.767 0.724 0.661 0.493 0.478 1.439 
4.000 90.000 -3.003 -2.715 -2.321 -2.112 -1.848 -1.480 -1.220 -0.856 -0.601 -0.251 -0.071 0.142 0.263 0.391 0.526 0.662 0.724 0.758 0.747 0.700 0.656 0.593 0.425 0.410 1.394 
4.000 100.000 -3.027 -2.740 -2.346 -2.138 -1.874 -1.507 -1.248 -0.885 -0.631 -0.283 -0.104 0.107 0.226 0.352 0.484 0.614 0.671 0.700 0.686 0.638 0.592 0.529 0.362 0.348 1.354 
4.000 110.000 -3.049 -2.763 -2.370 -2.161 -1.899 -1.532 -1.273 -0.912 -0.658 -0.312 -0.134 0.075 0.192 0.316 0.444 0.569 0.622 0.645 0.629 0.579 0.533 0.469 0.303 0.290 1.317 
4.000 120.000 -3.070 -2.784 -2.392 -2.184 -1.922 -1.555 -1.297 -0.937 -0.684 -0.340 -0.163 0.044 0.159 0.281 0.406 0.525 0.574 0.593 0.575 0.523 0.476 0.413 0.249 0.235 1.281 
4.000 130.000 -3.098 -2.812 -2.421 -2.213 -1.951 -1.585 -1.328 -0.969 -0.717 -0.375 -0.199 0.006 0.120 0.240 0.361 0.475 0.520 0.534 0.514 0.461 0.414 0.350 0.188 0.174 1.233 
4.000 140.000 -3.126 -2.841 -2.450 -2.242 -1.981 -1.616 -1.359 -1.000 -0.749 -0.409 -0.234 -0.031 0.081 0.199 0.317 0.426 0.468 0.477 0.455 0.400 0.353 0.289 0.128 0.115 1.185 
4.000 150.000 -3.152 -2.867 -2.477 -2.269 -2.008 -1.644 -1.388 -1.030 -0.780 -0.442 -0.269 -0.068 0.042 0.157 0.272 0.375 0.412 0.417 0.393 0.337 0.290 0.227 0.069 0.057 1.140 
4.000 175.000 -3.216 -2.932 -2.542 -2.336 -2.075 -1.712 -1.458 -1.103 -0.855 -0.521 -0.352 -0.157 -0.050 0.059 0.165 0.254 0.283 0.277 0.250 0.192 0.145 0.083 -0.068 -0.080 1.036 
4.000 200.000 -3.274 -2.991 -2.602 -2.396 -2.137 -1.775 -1.521 -1.168 -0.923 -0.593 -0.427 -0.237 -0.134 -0.030 0.068 0.145 0.165 0.150 0.120 0.060 0.013 -0.048 -0.194 -0.205 0.942 
4.000 250.000 -3.361 -3.078 -2.691 -2.486 -2.228 -1.869 -1.617 -1.269 -1.029 -0.709 -0.549 -0.370 -0.276 -0.183 -0.102 -0.050 -0.046 -0.077 -0.112 -0.173 -0.218 -0.276 -0.407 -0.416 0.781 
4.000 300.000 -3.438 -3.156 -2.770 -2.565 -2.308 -1.950 -1.701 -1.357 -1.121 -0.810 -0.657 -0.488 -0.401 -0.319 -0.252 -0.221 -0.231 -0.275 -0.313 -0.374 -0.417 -0.471 -0.590 -0.598 0.646 
4.000 350.000 -3.501 -3.220 -2.834 -2.630 -2.374 -2.018 -1.771 -1.431 -1.200 -0.897 -0.751 -0.592 -0.513 -0.442 -0.390 -0.379 -0.401 -0.455 -0.495 -0.555 -0.596 -0.646 -0.752 -0.759 0.526 
4.000 400.000 -3.558 -3.277 -2.892 -2.689 -2.433 -2.079 -1.833 -1.498 -1.271 -0.977 -0.837 -0.689 -0.617 -0.556 -0.518 -0.526 -0.558 -0.621 -0.662 -0.720 -0.758 -0.804 -0.899 -0.905 0.414 
4.000 450.000 -3.590 -3.309 -2.923 -2.720 -2.465 -2.112 -1.868 -1.537 -1.314 -1.030 -0.897 -0.759 -0.695 -0.643 -0.618 -0.645 -0.687 -0.758 -0.800 -0.857 -0.894 -0.936 -1.022 -1.027 0.321 
4.000 500.000 -3.623 -3.341 -2.956 -2.753 -2.497 -2.146 -1.904 -1.577 -1.359 -1.083 -0.956 -0.828 -0.771 -0.729 -0.717 -0.760 -0.811 -0.889 -0.931 -0.986 -1.021 -1.060 -1.137 -1.142 0.235 
4.000 600.000 -3.678 -3.395 -3.009 -2.806 -2.552 -2.204 -1.966 -1.649 -1.441 -1.187 -1.075 -0.970 -0.929 -0.907 -0.921 -0.995 -1.060 -1.143 -1.183 -1.231 -1.259 -1.290 -1.348 -1.352 0.078 
4.000 700.000 -3.745 -3.461 -3.073 -2.869 -2.615 -2.269 -2.034 -1.725 -1.526 -1.290 -1.191 -1.104 -1.076 -1.071 -1.105 -1.202 -1.278 -1.367 -1.405 -1.448 -1.472 -1.498 -1.545 -1.548 -0.062 
4.000 800.000 -3.810 -3.524 -3.133 -2.929 -2.674 -2.330 -2.099 -1.798 -1.609 -1.391 -1.304 -1.237 -1.221 -1.231 -1.284 -1.400 -1.483 -1.574 -1.610 -1.646 -1.666 -1.687 -1.724 -1.726 -0.191 
4.000 1000.000 -3.985 -3.691 -3.293 -3.086 -2.829 -2.485 -2.258 -1.970 -1.794 -1.605 -1.538 -1.498 -1.501 -1.533 -1.612 -1.754 -1.847 -1.939 -1.972 -2.001 -2.016 -2.031 -2.056 -2.057 -0.414 
4.000 1200.000 -4.105 -3.803 -3.396 -3.186 -2.928 -2.589 -2.371 -2.105 -1.953 -1.808 -1.770 -1.769 -1.796 -1.855 -1.961 -2.125 -2.220 -2.302 -2.325 -2.342 -2.350 -2.357 -2.369 -2.370 -0.638 
4.000 1500.000 -4.323 -4.004 -3.579 -3.362 -3.101 -2.766 -2.559 -2.322 -2.202 -2.114 -2.112 -2.159 -2.214 -2.303 -2.440 -2.625 -2.723 -2.797 -2.813 -2.820 -2.821 -2.823 -2.827 -2.827 -0.938 
4.500 0.000 -0.512 -0.222 0.176 0.388 0.656 1.031 1.296 1.663 1.918 2.255 2.424 2.617 2.723 2.838 2.965 3.110 3.189 3.250 3.250 3.214 3.173 3.112 2.938 2.922 3.827 
4.500 1.000 -0.577 -0.288 0.110 0.322 0.591 0.966 1.231 1.599 1.855 2.194 2.364 2.559 2.667 2.784 2.914 3.065 3.147 3.212 3.214 3.178 3.136 3.074 2.894 2.879 3.778 
4.500 5.000 -0.897 -0.608 -0.211 0.001 0.269 0.645 0.910 1.280 1.536 1.878 2.050 2.249 2.360 2.482 2.619 2.781 2.873 2.951 2.960 2.931 2.894 2.835 2.662 2.646 3.578 
4.500 10.000 -1.184 -0.896 -0.499 -0.288 -0.020 0.355 0.620 0.988 1.244 1.585 1.756 1.953 2.064 2.184 2.319 2.478 2.569 2.646 2.655 2.629 2.594 2.537 2.372 2.357 3.353 
4.500 15.000 -1.417 -1.130 -0.733 -0.522 -0.255 0.119 0.383 0.750 1.004 1.343 1.512 1.707 1.815 1.933 2.063 2.216 2.301 2.371 2.377 2.347 2.311 2.253 2.088 2.073 3.086 
4.500 20.000 -1.596 -1.309 -0.913 -0.703 -0.436 -0.063 0.200 0.566 0.820 1.157 1.325 1.518 1.625 1.740 1.868 2.015 2.096 2.161 2.164 2.132 2.094 2.035 1.869 1.855 2.875 
4.500 25.000 -1.733 -1.446 -1.051 -0.841 -0.575 -0.202 0.060 0.425 0.677 1.012 1.179 1.369 1.475 1.588 1.712 1.853 1.929 1.988 1.989 1.955 1.916 1.858 1.693 1.679 2.712 
4.500 30.000 -1.845 -1.558 -1.164 -0.955 -0.689 -0.317 -0.055 0.308 0.560 0.893 1.059 1.248 1.352 1.463 1.584 1.720 1.793 1.848 1.847 1.812 1.772 1.714 1.550 1.536 2.582 
4.500 40.000 -2.023 -1.737 -1.345 -1.135 -0.871 -0.500 -0.239 0.123 0.373 0.704 0.868 1.054 1.156 1.265 1.382 1.512 1.580 1.628 1.624 1.586 1.546 1.487 1.325 1.311 2.377 
4.500 50.000 -2.160 -1.875 -1.484 -1.275 -1.011 -0.641 -0.382 -0.021 0.228 0.557 0.719 0.903 1.004 1.110 1.223 1.347 1.411 1.454 1.448 1.408 1.367 1.308 1.147 1.133 2.219 
4.500 60.000 -2.252 -1.968 -1.577 -1.369 -1.106 -0.737 -0.478 -0.119 0.129 0.455 0.617 0.799 0.897 1.001 1.111 1.229 1.288 1.326 1.318 1.276 1.235 1.175 1.016 1.003 2.099 
4.500 70.000 -2.293 -2.010 -1.620 -1.413 -1.150 -0.783 -0.525 -0.168 0.078 0.401 0.559 0.737 0.833 0.933 1.036 1.144 1.197 1.226 1.215 1.172 1.130 1.071 0.917 0.904 2.032 
4.500 80.000 -2.322 -2.039 -1.651 -1.444 -1.182 -0.816 -0.559 -0.203 0.042 0.362 0.520 0.695 0.789 0.886 0.986 1.088 1.135 1.159 1.146 1.100 1.058 0.999 0.845 0.833 1.983 
4.500 90.000 -2.347 -2.065 -1.677 -1.470 -1.209 -0.844 -0.588 -0.233 0.010 0.329 0.485 0.658 0.750 0.845 0.941 1.037 1.080 1.099 1.083 1.035 0.992 0.933 0.781 0.768 1.941 
4.500 100.000 -2.369 -2.088 -1.701 -1.495 -1.234 -0.870 -0.614 -0.261 -0.018 0.298 0.453 0.624 0.715 0.807 0.899 0.989 1.029 1.042 1.024 0.975 0.931 0.872 0.721 0.709 1.902 
4.500 110.000 -2.389 -2.109 -1.722 -1.517 -1.257 -0.893 -0.638 -0.286 -0.045 0.270 0.423 0.592 0.681 0.771 0.860 0.945 0.980 0.988 0.969 0.918 0.874 0.815 0.666 0.654 1.867 
4.500 120.000 -2.408 -2.128 -1.742 -1.537 -1.278 -0.915 -0.661 -0.310 -0.070 0.243 0.395 0.562 0.649 0.737 0.822 0.902 0.934 0.938 0.916 0.864 0.820 0.761 0.614 0.602 1.834 
4.500 130.000 -2.434 -2.154 -1.769 -1.565 -1.306 -0.944 -0.690 -0.340 -0.101 0.210 0.361 0.525 0.611 0.697 0.779 0.853 0.881 0.881 0.858 0.805 0.760 0.701 0.556 0.544 1.789 
4.500 140.000 -2.461 -2.181 -1.797 -1.592 -1.334 -0.973 -0.720 -0.371 -0.132 0.177 0.326 0.489 0.573 0.657 0.736 0.805 0.829 0.825 0.801 0.747 0.702 0.643 0.499 0.488 1.747 
4.500 150.000 -2.485 -2.206 -1.822 -1.618 -1.360 -0.999 -0.747 -0.399 -0.162 0.145 0.293 0.453 0.535 0.616 0.691 0.754 0.775 0.767 0.741 0.686 0.642 0.584 0.443 0.432 1.705 
4.500 175.000 -2.544 -2.267 -1.884 -1.681 -1.424 -1.065 -0.814 -0.469 -0.235 0.067 0.212 0.366 0.445 0.519 0.586 0.637 0.649 0.632 0.603 0.547 0.503 0.447 0.312 0.302 1.609 
4.500 200.000 -2.598 -2.321 -1.939 -1.737 -1.480 -1.123 -0.874 -0.532 -0.300 -0.002 0.139 0.288 0.363 0.432 0.490 0.529 0.533 0.508 0.477 0.421 0.377 0.322 0.194 0.185 1.523 
4.500 250.000 -2.675 -2.399 -2.020 -1.819 -1.564 -1.210 -0.963 -0.626 -0.400 -0.112 0.021 0.159 0.225 0.282 0.324 0.339 0.328 0.290 0.256 0.200 0.159 0.108 -0.006 -0.014 1.375 
4.500 300.000 -2.740 -2.466 -2.088 -1.887 -1.634 -1.282 -1.038 -0.706 -0.485 -0.207 -0.081 0.046 0.104 0.150 0.177 0.171 0.148 0.099 0.063 0.009 -0.030 -0.076 -0.177 -0.183 1.250 
4.500 350.000 -2.799 -2.525 -2.148 -1.948 -1.696 -1.346 -1.105 -0.777 -0.560 -0.292 -0.173 -0.056 -0.006 0.030 0.042 0.017 -0.016 -0.073 -0.109 -0.162 -0.197 -0.240 -0.328 -0.334 1.140 
4.500 400.000 -2.851 -2.577 -2.201 -2.001 -1.750 -1.403 -1.163 -0.841 -0.628 -0.370 -0.257 -0.151 -0.109 -0.082 -0.083 -0.126 -0.167 -0.230 -0.267 -0.316 -0.348 -0.387 -0.465 -0.470 1.041 
4.500 450.000 -2.876 -2.602 -2.226 -2.027 -1.777 -1.431 -1.194 -0.876 -0.668 -0.419 -0.313 -0.217 -0.182 -0.165 -0.179 -0.238 -0.288 -0.357 -0.394 -0.441 -0.471 -0.506 -0.576 -0.580 0.957 
4.500 500.000 -2.903 -2.630 -2.254 -2.055 -1.805 -1.461 -1.226 -0.912 -0.709 -0.469 -0.370 -0.284 -0.256 -0.248 -0.274 -0.347 -0.405 -0.478 -0.514 -0.559 -0.587 -0.619 -0.681 -0.684 0.879 
4.500 600.000 -2.951 -2.677 -2.301 -2.102 -1.854 -1.514 -1.283 -0.980 -0.788 -0.569 -0.484 -0.420 -0.407 -0.419 -0.468 -0.568 -0.636 -0.712 -0.745 -0.782 -0.804 -0.829 -0.875 -0.877 0.737 
4.500 700.000 -3.009 -2.733 -2.356 -2.157 -1.909 -1.572 -1.345 -1.051 -0.869 -0.669 -0.597 -0.552 -0.552 -0.580 -0.648 -0.768 -0.844 -0.922 -0.952 -0.983 -1.000 -1.019 -1.054 -1.056 0.610 
4.500 800.000 -3.069 -2.792 -2.412 -2.213 -1.965 -1.630 -1.406 -1.121 -0.948 -0.766 -0.707 -0.679 -0.691 -0.733 -0.817 -0.953 -1.035 -1.112 -1.139 -1.165 -1.178 -1.193 -1.220 -1.221 0.493 
4.500 1000.000 -3.229 -2.945 -2.558 -2.356 -2.107 -1.774 -1.555 -1.284 -1.126 -0.974 -0.934 -0.934 -0.963 -1.026 -1.133 -1.291 -1.379 -1.454 -1.477 -1.495 -1.503 -1.512 -1.528 -1.529 0.286 
4.500 1200.000 -3.338 -3.046 -2.652 -2.448 -2.199 -1.872 -1.664 -1.416 -1.283 -1.176 -1.164 -1.202 -1.254 -1.341 -1.472 -1.646 -1.733 -1.797 -1.810 -1.816 -1.817 -1.820 -1.826 -1.826 0.078 
4.500 1500.000 -3.541 -3.233 -2.822 -2.613 -2.360 -2.040 -1.845 -1.630 -1.531 -1.482 -1.506 -1.589 -1.668 -1.782 -1.939 -2.127 -2.213 -2.265 -2.271 -2.268 -2.264 -2.262 -2.262 -2.262 -0.203 
5.000 0.000 -0.049 0.230 0.615 0.820 1.080 1.443 1.697 2.044 2.278 2.575 2.717 2.872 2.957 3.048 3.150 3.272 3.340 3.389 3.387 3.350 3.311 3.252 3.092 3.079 4.175 
5.000 1.000 -0.093 0.186 0.570 0.775 1.035 1.399 1.653 2.001 2.236 2.534 2.677 2.835 2.921 3.014 3.119 3.246 3.316 3.368 3.366 3.329 3.288 3.229 3.063 3.049 4.138 
5.000 5.000 -0.352 -0.073 0.311 0.516 0.776 1.140 1.395 1.744 1.980 2.282 2.427 2.590 2.679 2.777 2.890 3.029 3.108 3.172 3.175 3.143 3.104 3.046 2.880 2.865 3.975 
5.000 10.000 -0.613 -0.336 0.048 0.253 0.512 0.875 1.129 1.478 1.713 2.014 2.159 2.320 2.408 2.505 2.617 2.754 2.832 2.895 2.899 2.868 2.831 2.775 2.615 2.601 3.756 
5.000 15.000 -0.835 -0.557 -0.174 0.030 0.289 0.651 0.904 1.251 1.485 1.785 1.928 2.087 2.174 2.269 2.377 2.508 2.582 2.640 2.641 2.608 2.570 2.513 2.352 2.339 3.512 
5.000 20.000 -0.995 -0.718 -0.336 -0.132 0.126 0.487 0.740 1.085 1.318 1.615 1.757 1.914 1.999 2.091 2.195 2.319 2.389 2.440 2.439 2.404 2.365 2.308 2.150 2.136 3.323 
5.000 25.000 -1.124 -0.848 -0.467 -0.263 -0.006 0.355 0.606 0.951 1.183 1.478 1.618 1.772 1.856 1.945 2.045 2.164 2.229 2.276 2.273 2.236 2.197 2.140 1.984 1.971 3.174 
5.000 30.000 -1.230 -0.954 -0.573 -0.370 -0.113 0.246 0.497 0.841 1.071 1.365 1.504 1.656 1.738 1.826 1.923 2.037 2.099 2.141 2.136 2.099 2.059 2.002 1.848 1.835 3.054 
5.000 40.000 -1.395 -1.120 -0.741 -0.539 -0.283 0.075 0.325 0.666 0.896 1.186 1.323 1.473 1.553 1.637 1.729 1.836 1.892 1.928 1.921 1.881 1.842 1.785 1.633 1.621 2.866 
5.000 50.000 -1.525 -1.251 -0.873 -0.672 -0.416 -0.060 0.189 0.529 0.757 1.046 1.181 1.328 1.406 1.488 1.577 1.677 1.729 1.760 1.751 1.710 1.670 1.613 1.463 1.451 2.720 
5.000 60.000 -1.613 -1.340 -0.963 -0.762 -0.507 -0.152 0.096 0.435 0.662 0.948 1.082 1.227 1.303 1.383 1.468 1.563 1.611 1.637 1.626 1.583 1.543 1.486 1.338 1.326 2.609 
5.000 70.000 -1.652 -1.380 -1.004 -0.804 -0.550 -0.196 0.050 0.387 0.612 0.894 1.026 1.167 1.240 1.316 1.395 1.480 1.521 1.540 1.526 1.482 1.442 1.386 1.242 1.231 2.545 
5.000 80.000 -1.677 -1.406 -1.031 -0.831 -0.578 -0.226 0.020 0.355 0.579 0.859 0.989 1.127 1.199 1.271 1.346 1.424 1.461 1.474 1.458 1.412 1.372 1.316 1.174 1.163 2.498 
5.000 90.000 -1.700 -1.429 -1.056 -0.856 -0.604 -0.252 -0.007 0.326 0.549 0.827 0.955 1.091 1.161 1.231 1.302 1.375 1.407 1.415 1.397 1.350 1.308 1.252 1.112 1.101 2.458 
5.000 100.000 -1.721 -1.450 -1.078 -0.879 -0.627 -0.276 -0.032 0.300 0.521 0.797 0.924 1.058 1.126 1.194 1.261 1.328 1.357 1.360 1.340 1.291 1.250 1.194 1.055 1.044 2.421 
5.000 110.000 -1.739 -1.470 -1.098 -0.900 -0.649 -0.299 -0.055 0.276 0.496 0.770 0.896 1.027 1.094 1.159 1.223 1.284 1.309 1.308 1.286 1.236 1.195 1.139 1.001 0.991 2.387 
5.000 120.000 -1.757 -1.488 -1.117 -0.919 -0.668 -0.319 -0.076 0.254 0.473 0.745 0.869 0.999 1.063 1.126 1.187 1.243 1.264 1.259 1.236 1.185 1.143 1.087 0.952 0.941 2.357 
5.000 130.000 -1.781 -1.512 -1.142 -0.945 -0.695 -0.346 -0.104 0.224 0.442 0.713 0.836 0.963 1.026 1.087 1.144 1.195 1.213 1.204 1.180 1.128 1.086 1.030 0.896 0.886 2.316 
5.000 140.000 -1.806 -1.538 -1.168 -0.971 -0.722 -0.374 -0.132 0.195 0.412 0.680 0.802 0.928 0.989 1.048 1.102 1.148 1.162 1.150 1.124 1.072 1.030 0.975 0.843 0.833 2.278 
5.000 150.000 -1.828 -1.561 -1.192 -0.995 -0.746 -0.399 -0.159 0.168 0.383 0.649 0.769 0.892 0.952 1.008 1.058 1.099 1.109 1.093 1.066 1.014 0.972 0.918 0.789 0.780 2.240 
5.000 175.000 -1.884 -1.617 -1.250 -1.054 -0.806 -0.462 -0.222 0.101 0.314 0.575 0.691 0.808 0.863 0.913 0.955 0.983 0.986 0.962 0.933 0.880 0.839 0.786 0.665 0.656 2.152 
5.000 200.000 -1.931 -1.666 -1.300 -1.105 -0.858 -0.515 -0.278 0.043 0.253 0.509 0.622 0.733 0.784 0.828 0.861 0.877 0.872 0.841 0.811 0.757 0.718 0.667 0.553 0.545 2.073 
5.000 250.000 -2.002 -1.738 -1.374 -1.181 -0.936 -0.596 -0.362 -0.047 0.157 0.403 0.508 0.608 0.650 0.682 0.699 0.692 0.674 0.632 0.599 0.547 0.510 0.464 0.364 0.358 1.938 
5.000 300.000 -2.057 -1.795 -1.432 -1.240 -0.997 -0.660 -0.429 -0.120 0.080 0.314 0.412 0.500 0.533 0.554 0.555 0.527 0.498 0.447 0.414 0.365 0.332 0.291 0.204 0.199 1.823 
5.000 350.000 -2.111 -1.849 -1.488 -1.296 -1.055 -0.721 -0.492 -0.188 0.006 0.231 0.322 0.399 0.425 0.436 0.423 0.378 0.339 0.283 0.250 0.204 0.174 0.137 0.062 0.057 1.722 
5.000 400.000 -2.159 -1.898 -1.538 -1.347 -1.106 -0.774 -0.547 -0.249 -0.059 0.156 0.240 0.306 0.325 0.326 0.301 0.240 0.194 0.134 0.102 0.060 0.033 0.000 -0.065 -0.069 1.635 
5.000 450.000 -2.179 -1.918 -1.558 -1.367 -1.127 -0.798 -0.573 -0.279 -0.095 0.111 0.188 0.245 0.256 0.247 0.210 0.135 0.082 0.018 -0.014 -0.053 -0.078 -0.107 -0.165 -0.168 1.561 
5.000 500.000 -2.202 -1.941 -1.581 -1.391 -1.152 -0.824 -0.602 -0.312 -0.133 0.064 0.135 0.181 0.186 0.169 0.120 0.032 -0.027 -0.094 -0.124 -0.161 -0.183 -0.209 -0.260 -0.262 1.491 
5.000 600.000 -2.243 -1.982 -1.622 -1.432 -1.195 -0.871 -0.654 -0.375 -0.207 -0.032 0.024 0.050 0.039 0.004 -0.066 -0.177 -0.244 -0.311 -0.337 -0.365 -0.381 -0.400 -0.436 -0.438 1.365 
5.000 700.000 -2.294 -2.031 -1.671 -1.481 -1.244 -0.923 -0.710 -0.441 -0.282 -0.126 -0.082 -0.075 -0.097 -0.148 -0.235 -0.363 -0.435 -0.502 -0.525 -0.547 -0.559 -0.573 -0.600 -0.601 1.250 
5.000 800.000 -2.349 -2.085 -1.722 -1.532 -1.295 -0.978 -0.768 -0.508 -0.359 -0.221 -0.190 -0.200 -0.234 -0.297 -0.399 -0.540 -0.616 -0.680 -0.699 -0.715 -0.724 -0.733 -0.753 -0.754 1.145 
5.000 1000.000 -2.495 -2.224 -1.856 -1.663 -1.426 -1.111 -0.907 -0.662 -0.529 -0.421 -0.409 -0.446 -0.497 -0.580 -0.702 -0.860 -0.939 -0.999 -1.013 -1.021 -1.024 -1.029 -1.039 -1.039 0.956 
5.000 1200.000 -2.596 -2.317 -1.942 -1.748 -1.511 -1.203 -1.011 -0.791 -0.683 -0.620 -0.636 -0.709 -0.781 -0.887 -1.030 -1.200 -1.277 -1.323 -1.328 -1.325 -1.323 -1.321 -1.323 -1.323 0.764 
5.000 1500.000 -2.785 -2.491 -2.100 -1.901 -1.663 -1.363 -1.185 -1.000 -0.926 -0.922 -0.972 -1.089 -1.185 -1.315 -1.479 -1.659 -1.731 -1.765 -1.762 -1.752 -1.745 -1.740 -1.737 -1.737 0.502 
5.500 0.000 0.408 0.671 1.034 1.228 1.473 1.815 2.051 2.367 2.573 2.826 2.941 3.065 3.133 3.207 3.293 3.399 3.458 3.499 3.495 3.459 3.422 3.367 3.220 3.207 4.455 
5.500 1.000 0.379 0.642 1.005 1.199 1.445 1.786 2.023 2.340 2.547 2.801 2.918 3.045 3.114 3.190 3.280 3.391 3.452 3.495 3.490 3.453 3.414 3.358 3.204 3.191 4.431 
5.500 5.000 0.179 0.442 0.805 0.998 1.244 1.586 1.823 2.141 2.351 2.608 2.728 2.860 2.933 3.014 3.111 3.234 3.303 3.355 3.354 3.319 3.281 3.224 3.066 3.052 4.309 
5.500 10.000 -0.051 0.211 0.573 0.767 1.012 1.353 1.590 1.908 2.116 2.374 2.493 2.624 2.697 2.778 2.875 2.996 3.065 3.118 3.118 3.084 3.047 2.991 2.836 2.823 4.110 
5.500 15.000 -0.252 0.009 0.371 0.564 0.808 1.149 1.384 1.701 1.909 2.165 2.283 2.412 2.484 2.563 2.657 2.774 2.839 2.887 2.885 2.849 2.811 2.754 2.599 2.586 3.891 
5.500 20.000 -0.394 -0.133 0.227 0.420 0.664 1.003 1.238 1.553 1.760 2.013 2.129 2.256 2.325 2.401 2.490 2.600 2.661 2.703 2.699 2.662 2.624 2.568 2.416 2.403 3.722 
5.500 25.000 -0.512 -0.251 0.108 0.300 0.543 0.882 1.116 1.430 1.635 1.886 2.001 2.125 2.193 2.266 2.351 2.455 2.512 2.549 2.543 2.505 2.467 2.411 2.262 2.250 3.587 
5.500 30.000 -0.610 -0.350 0.009 0.201 0.443 0.781 1.014 1.327 1.531 1.781 1.894 2.017 2.083 2.154 2.237 2.336 2.389 2.423 2.415 2.376 2.338 2.282 2.135 2.123 3.478 
5.500 40.000 -0.759 -0.500 -0.142 0.048 0.290 0.626 0.858 1.169 1.371 1.617 1.729 1.848 1.911 1.979 2.056 2.147 2.194 2.222 2.212 2.171 2.133 2.078 1.935 1.923 3.307 
5.500 50.000 -0.878 -0.620 -0.263 -0.073 0.167 0.502 0.733 1.042 1.244 1.487 1.597 1.714 1.775 1.840 1.913 1.998 2.041 2.063 2.051 2.010 1.971 1.916 1.775 1.764 3.174 
5.500 60.000 -0.959 -0.702 -0.347 -0.158 0.082 0.416 0.646 0.954 1.154 1.396 1.504 1.619 1.678 1.741 1.811 1.890 1.929 1.947 1.934 1.891 1.851 1.797 1.657 1.647 3.073 
5.500 70.000 -0.992 -0.736 -0.382 -0.193 0.046 0.377 0.606 0.912 1.110 1.348 1.454 1.564 1.621 1.679 1.742 1.812 1.844 1.855 1.839 1.795 1.756 1.702 1.568 1.557 3.013 
5.500 80.000 -1.013 -0.757 -0.404 -0.216 0.022 0.353 0.581 0.885 1.081 1.317 1.421 1.528 1.583 1.638 1.697 1.760 1.787 1.793 1.775 1.729 1.690 1.637 1.504 1.494 2.969 
5.500 90.000 -1.032 -0.777 -0.425 -0.237 0.000 0.330 0.557 0.860 1.055 1.288 1.391 1.496 1.548 1.601 1.656 1.713 1.736 1.737 1.717 1.670 1.631 1.577 1.446 1.437 2.931 
5.500 100.000 -1.049 -0.795 -0.444 -0.256 -0.020 0.309 0.535 0.837 1.031 1.262 1.363 1.466 1.517 1.567 1.618 1.669 1.689 1.685 1.664 1.615 1.576 1.522 1.393 1.384 2.896 
5.500 110.000 -1.064 -0.811 -0.461 -0.274 -0.038 0.290 0.515 0.815 1.008 1.238 1.337 1.438 1.487 1.535 1.583 1.628 1.644 1.636 1.613 1.564 1.524 1.471 1.343 1.334 2.866 
5.500 120.000 -1.079 -0.826 -0.477 -0.290 -0.055 0.272 0.497 0.796 0.988 1.215 1.313 1.411 1.459 1.505 1.549 1.589 1.601 1.589 1.565 1.515 1.475 1.422 1.296 1.287 2.837 
5.500 130.000 -1.100 -0.848 -0.499 -0.313 -0.078 0.247 0.472 0.769 0.960 1.185 1.282 1.378 1.424 1.467 1.508 1.543 1.552 1.536 1.511 1.461 1.420 1.368 1.245 1.236 2.802 
5.500 140.000 -1.122 -0.870 -0.523 -0.337 -0.103 0.222 0.446 0.742 0.932 1.156 1.251 1.345 1.389 1.431 1.468 1.498 1.504 1.485 1.459 1.408 1.368 1.316 1.195 1.186 2.768 
5.500 150.000 -1.142 -0.891 -0.544 -0.359 -0.125 0.199 0.422 0.717 0.906 1.127 1.221 1.312 1.355 1.393 1.427 1.452 1.454 1.432 1.404 1.353 1.314 1.263 1.144 1.136 2.734 
5.500 175.000 -1.190 -0.940 -0.595 -0.410 -0.178 0.144 0.365 0.657 0.843 1.058 1.149 1.234 1.272 1.304 1.329 1.341 1.336 1.306 1.277 1.226 1.188 1.139 1.028 1.020 2.656 
5.500 200.000 -1.231 -0.982 -0.638 -0.454 -0.223 0.097 0.317 0.605 0.788 0.998 1.085 1.164 1.197 1.223 1.239 1.239 1.227 1.191 1.161 1.110 1.074 1.027 0.924 0.916 2.585 
5.500 250.000 -1.291 -1.044 -0.702 -0.520 -0.291 0.026 0.242 0.524 0.701 0.900 0.978 1.044 1.068 1.082 1.081 1.058 1.033 0.988 0.957 0.909 0.876 0.835 0.746 0.740 2.461 
5.500 300.000 -1.342 -1.096 -0.756 -0.575 -0.348 -0.034 0.179 0.455 0.626 0.814 0.885 0.939 0.954 0.956 0.940 0.897 0.862 0.811 0.780 0.737 0.707 0.671 0.595 0.590 2.356 
5.500 350.000 -1.392 -1.147 -0.808 -0.628 -0.402 -0.091 0.119 0.390 0.556 0.734 0.797 0.841 0.848 0.841 0.811 0.753 0.710 0.654 0.624 0.584 0.558 0.526 0.461 0.457 2.268 
5.500 400.000 -1.437 -1.192 -0.855 -0.675 -0.450 -0.142 0.066 0.332 0.493 0.661 0.717 0.750 0.750 0.733 0.691 0.619 0.570 0.512 0.483 0.448 0.424 0.397 0.341 0.338 2.188 
5.500 450.000 -1.463 -1.218 -0.881 -0.702 -0.478 -0.172 0.033 0.295 0.451 0.609 0.659 0.682 0.675 0.649 0.596 0.511 0.457 0.396 0.370 0.337 0.317 0.293 0.244 0.242 2.119 
5.500 500.000 -1.489 -1.244 -0.907 -0.729 -0.505 -0.201 0.002 0.258 0.410 0.559 0.602 0.615 0.602 0.567 0.504 0.408 0.349 0.288 0.262 0.233 0.216 0.195 0.154 0.151 2.054 
5.500 600.000 -1.536 -1.290 -0.954 -0.776 -0.554 -0.254 -0.056 0.190 0.330 0.458 0.487 0.479 0.452 0.400 0.318 0.202 0.138 0.080 0.060 0.040 0.028 0.014 -0.014 -0.016 1.938 
5.500 700.000 -1.587 -1.340 -1.003 -0.825 -0.604 -0.307 -0.114 0.123 0.253 0.362 0.379 0.353 0.314 0.249 0.151 0.022 -0.046 -0.101 -0.117 -0.131 -0.138 -0.147 -0.167 -0.168 1.834 
5.500 800.000 -1.644 -1.395 -1.056 -0.878 -0.657 -0.364 -0.174 0.053 0.173 0.264 0.269 0.227 0.177 0.100 -0.010 -0.150 -0.219 -0.270 -0.282 -0.289 -0.293 -0.299 -0.312 -0.313 1.738 
5.500 1000.000 -1.784 -1.530 -1.185 -1.005 -0.783 -0.493 -0.310 -0.099 0.005 0.066 0.051 -0.016 -0.082 -0.177 -0.305 -0.457 -0.527 -0.571 -0.577 -0.576 -0.576 -0.576 -0.582 -0.582 1.563 
5.500 1200.000 -1.877 -1.615 -1.263 -1.082 -0.862 -0.580 -0.408 -0.224 -0.145 -0.129 -0.171 -0.274 -0.359 -0.474 -0.620 -0.778 -0.842 -0.871 -0.868 -0.857 -0.851 -0.847 -0.845 -0.845 1.387 
5.500 1500.000 -2.055 -1.778 -1.411 -1.225 -1.004 -0.732 -0.576 -0.426 -0.383 -0.425 -0.501 -0.644 -0.752 -0.889 -1.052 -1.215 -1.274 -1.290 -1.280 -1.262 -1.253 -1.245 -1.240 -1.240 1.145 
6.000 0.000 0.813 1.056 1.391 1.570 1.796 2.108 2.321 2.601 2.778 2.989 3.084 3.188 3.246 3.312 3.391 3.492 3.547 3.587 3.582 3.548 3.512 3.459 3.317 3.306 4.687 
6.000 1.000 0.795 1.038 1.374 1.552 1.778 2.091 2.304 2.585 2.764 2.977 3.074 3.180 3.240 3.308 3.391 3.497 3.555 3.596 3.592 3.555 3.518 3.462 3.314 3.302 4.674 
6.000 5.000 0.642 0.885 1.220 1.399 1.625 1.937 2.152 2.434 2.615 2.832 2.932 3.043 3.107 3.181 3.272 3.389 3.454 3.503 3.501 3.465 3.426 3.369 3.213 3.200 4.587 
6.000 10.000 0.457 0.699 1.033 1.212 1.437 1.749 1.963 2.245 2.425 2.641 2.740 2.851 2.914 2.987 3.076 3.192 3.256 3.304 3.302 3.267 3.230 3.174 3.021 3.008 4.419 
6.000 15.000 0.281 0.523 0.856 1.034 1.259 1.570 1.783 2.064 2.244 2.459 2.557 2.666 2.728 2.800 2.887 2.998 3.060 3.104 3.100 3.063 3.025 2.968 2.816 2.803 4.230 
6.000 20.000 0.149 0.390 0.723 0.900 1.124 1.435 1.647 1.927 2.106 2.319 2.416 2.524 2.584 2.654 2.738 2.845 2.903 2.943 2.938 2.900 2.861 2.804 2.652 2.640 4.084 
6.000 25.000 0.043 0.283 0.615 0.792 1.016 1.325 1.537 1.816 1.993 2.205 2.300 2.405 2.464 2.531 2.612 2.713 2.767 2.803 2.795 2.756 2.718 2.661 2.513 2.500 3.964 
6.000 30.000 -0.048 0.192 0.523 0.700 0.923 1.232 1.443 1.720 1.897 2.107 2.202 2.305 2.363 2.428 2.506 2.602 2.654 2.686 2.677 2.637 2.598 2.543 2.395 2.383 3.865 
6.000 40.000 -0.189 0.049 0.379 0.555 0.778 1.085 1.295 1.571 1.746 1.953 2.046 2.147 2.202 2.264 2.338 2.427 2.474 2.500 2.489 2.448 2.408 2.353 2.208 2.196 3.710 
6.000 50.000 -0.300 -0.063 0.266 0.441 0.663 0.969 1.178 1.452 1.626 1.832 1.923 2.021 2.075 2.135 2.205 2.288 2.330 2.352 2.339 2.297 2.257 2.202 2.059 2.048 3.589 
6.000 60.000 -0.374 -0.137 0.190 0.365 0.586 0.891 1.099 1.372 1.545 1.748 1.838 1.935 1.987 2.044 2.111 2.188 2.227 2.244 2.229 2.186 2.146 2.091 1.950 1.939 3.498 
6.000 70.000 -0.402 -0.166 0.160 0.334 0.554 0.857 1.064 1.335 1.506 1.706 1.793 1.885 1.934 1.987 2.047 2.115 2.147 2.157 2.140 2.095 2.056 2.002 1.866 1.856 3.441 
6.000 80.000 -0.420 -0.185 0.140 0.314 0.533 0.835 1.041 1.311 1.480 1.678 1.764 1.853 1.900 1.950 2.006 2.067 2.095 2.099 2.081 2.035 1.995 1.941 1.807 1.797 3.401 
6.000 90.000 -0.436 -0.201 0.123 0.296 0.514 0.815 1.021 1.289 1.457 1.653 1.737 1.824 1.869 1.917 1.969 2.024 2.047 2.047 2.027 1.979 1.939 1.886 1.754 1.744 3.366 
6.000 100.000 -0.450 -0.216 0.107 0.279 0.497 0.797 1.002 1.269 1.436 1.630 1.713 1.797 1.841 1.886 1.934 1.984 2.003 1.999 1.977 1.929 1.888 1.835 1.705 1.695 3.334 
6.000 110.000 -0.464 -0.230 0.092 0.264 0.481 0.781 0.984 1.250 1.416 1.608 1.689 1.772 1.814 1.856 1.901 1.945 1.961 1.952 1.929 1.879 1.839 1.786 1.658 1.648 3.306 
6.000 120.000 -0.476 -0.243 0.078 0.250 0.466 0.765 0.968 1.232 1.398 1.587 1.668 1.748 1.788 1.828 1.869 1.909 1.921 1.908 1.884 1.833 1.793 1.740 1.614 1.605 3.281 
6.000 130.000 -0.495 -0.263 0.058 0.229 0.445 0.743 0.945 1.208 1.373 1.560 1.639 1.717 1.756 1.794 1.831 1.865 1.874 1.858 1.833 1.782 1.742 1.689 1.566 1.557 3.250 
6.000 140.000 -0.515 -0.283 0.037 0.208 0.423 0.720 0.922 1.184 1.347 1.533 1.611 1.687 1.723 1.759 1.793 1.823 1.828 1.809 1.783 1.731 1.692 1.640 1.519 1.510 3.218 
6.000 150.000 -0.533 -0.302 0.018 0.188 0.403 0.699 0.900 1.161 1.323 1.507 1.583 1.656 1.691 1.724 1.754 1.778 1.780 1.758 1.730 1.679 1.640 1.589 1.471 1.463 3.188 
6.000 175.000 -0.574 -0.344 -0.025 0.144 0.358 0.652 0.851 1.109 1.268 1.446 1.518 1.584 1.614 1.641 1.662 1.672 1.667 1.637 1.609 1.558 1.520 1.472 1.362 1.355 3.121 
6.000 200.000 -0.609 -0.380 -0.063 0.106 0.318 0.610 0.808 1.062 1.219 1.391 1.459 1.519 1.545 1.564 1.577 1.575 1.562 1.527 1.497 1.447 1.411 1.366 1.264 1.257 3.058 
6.000 250.000 -0.668 -0.440 -0.125 0.042 0.253 0.541 0.735 0.984 1.135 1.296 1.356 1.405 1.421 1.428 1.424 1.400 1.375 1.331 1.301 1.255 1.223 1.182 1.096 1.090 2.947 
6.000 300.000 -0.730 -0.504 -0.191 -0.024 0.185 0.471 0.663 0.907 1.054 1.207 1.261 1.299 1.308 1.307 1.290 1.250 1.216 1.166 1.136 1.093 1.063 1.027 0.951 0.946 2.853 
6.000 350.000 -0.772 -0.546 -0.235 -0.069 0.139 0.422 0.611 0.850 0.991 1.134 1.180 1.207 1.208 1.196 1.165 1.108 1.067 1.013 0.985 0.946 0.921 0.890 0.826 0.822 2.772 
6.000 400.000 -0.816 -0.590 -0.279 -0.114 0.093 0.374 0.561 0.795 0.931 1.063 1.103 1.120 1.113 1.092 1.049 0.978 0.931 0.876 0.850 0.816 0.793 0.767 0.713 0.710 2.700 
6.000 450.000 -0.847 -0.622 -0.311 -0.147 0.059 0.338 0.523 0.753 0.884 1.008 1.041 1.048 1.035 1.005 0.952 0.870 0.818 0.762 0.737 0.707 0.688 0.665 0.619 0.616 2.636 
6.000 500.000 -0.883 -0.657 -0.347 -0.182 0.023 0.301 0.483 0.709 0.836 0.952 0.979 0.978 0.959 0.921 0.859 0.768 0.712 0.656 0.633 0.606 0.590 0.570 0.531 0.528 2.577 
6.000 600.000 -0.931 -0.705 -0.394 -0.230 -0.026 0.247 0.425 0.640 0.756 0.851 0.864 0.842 0.810 0.756 0.675 0.565 0.506 0.454 0.437 0.421 0.410 0.398 0.372 0.370 2.472 
6.000 700.000 -0.991 -0.763 -0.451 -0.287 -0.084 0.187 0.361 0.567 0.674 0.752 0.753 0.714 0.671 0.604 0.509 0.388 0.327 0.279 0.267 0.257 0.251 0.243 0.225 0.224 2.373 
6.000 800.000 -1.041 -0.812 -0.498 -0.334 -0.131 0.136 0.306 0.502 0.599 0.657 0.646 0.590 0.535 0.456 0.349 0.219 0.158 0.116 0.109 0.106 0.104 0.101 0.090 0.090 2.286 
6.000 1000.000 -1.169 -0.933 -0.613 -0.447 -0.244 0.019 0.181 0.360 0.439 0.465 0.433 0.349 0.278 0.181 0.057 -0.083 -0.142 -0.174 -0.174 -0.168 -0.164 -0.162 -0.165 -0.165 2.125 
6.000 1200.000 -1.268 -1.025 -0.698 -0.531 -0.328 -0.072 0.079 0.234 0.289 0.272 0.215 0.101 0.012 -0.102 -0.241 -0.384 -0.438 -0.454 -0.446 -0.431 -0.423 -0.417 -0.414 -0.414 1.960 
6.000 1500.000 -1.437 -1.178 -0.836 -0.664 -0.461 -0.215 -0.079 0.040 0.060 -0.013 -0.103 -0.257 -0.367 -0.501 -0.654 -0.800 -0.847 -0.850 -0.835 -0.814 -0.803 -0.794 -0.788 -0.788 1.735 
6.500 0.000 1.166 1.385 1.687 1.848 2.051 2.328 2.516 2.758 2.908 3.085 3.166 3.258 3.312 3.376 3.456 3.558 3.615 3.656 3.653 3.620 3.584 3.532 3.392 3.380 4.892 
6.500 1.000 1.153 1.372 1.674 1.835 2.038 2.316 2.503 2.747 2.898 3.078 3.161 3.256 3.312 3.379 3.463 3.571 3.631 3.675 3.672 3.637 3.600 3.545 3.397 3.385 4.886 
6.500 5.000 1.031 1.250 1.552 1.713 1.915 2.194 2.383 2.628 2.781 2.965 3.051 3.151 3.211 3.284 3.375 3.495 3.562 3.613 3.612 3.577 3.538 3.481 3.324 3.311 4.823 
6.500 10.000 0.888 1.106 1.407 1.568 1.770 2.048 2.236 2.480 2.633 2.816 2.901 3.000 3.059 3.130 3.220 3.336 3.402 3.451 3.450 3.415 3.377 3.321 3.168 3.155 4.688 
6.500 15.000 0.736 0.953 1.254 1.414 1.616 1.893 2.081 2.324 2.477 2.660 2.744 2.843 2.901 2.971 3.060 3.174 3.238 3.284 3.281 3.244 3.206 3.149 2.993 2.980 4.531 
6.500 20.000 0.616 0.833 1.133 1.293 1.494 1.770 1.958 2.201 2.353 2.535 2.619 2.716 2.774 2.843 2.930 3.042 3.104 3.147 3.142 3.104 3.065 3.007 2.851 2.838 4.407 
6.500 25.000 0.518 0.735 1.034 1.193 1.394 1.670 1.857 2.099 2.250 2.430 2.514 2.610 2.666 2.734 2.818 2.925 2.984 3.023 3.017 2.978 2.938 2.881 2.726 2.714 4.302 
6.500 30.000 0.436 0.652 0.950 1.109 1.310 1.585 1.771 2.012 2.163 2.342 2.424 2.519 2.574 2.640 2.722 2.825 2.881 2.918 2.910 2.871 2.831 2.774 2.621 2.608 4.215 
6.500 40.000 0.301 0.516 0.814 0.972 1.172 1.446 1.631 1.871 2.021 2.198 2.279 2.372 2.426 2.489 2.568 2.665 2.717 2.749 2.739 2.698 2.657 2.600 2.448 2.436 4.075 
6.500 50.000 0.197 0.412 0.708 0.866 1.065 1.338 1.522 1.761 1.910 2.085 2.165 2.256 2.308 2.369 2.444 2.537 2.585 2.612 2.601 2.558 2.518 2.461 2.312 2.300 3.966 
6.500 60.000 0.132 0.345 0.641 0.798 0.996 1.268 1.451 1.689 1.837 2.011 2.089 2.178 2.228 2.287 2.359 2.446 2.490 2.512 2.500 2.456 2.415 2.358 2.211 2.200 3.884 
6.500 70.000 0.106 0.319 0.613 0.770 0.967 1.238 1.420 1.656 1.802 1.972 2.049 2.133 2.181 2.236 2.301 2.378 2.416 2.431 2.416 2.371 2.331 2.275 2.134 2.122 3.832 
6.500 80.000 0.091 0.304 0.597 0.753 0.949 1.219 1.401 1.635 1.780 1.948 2.023 2.105 2.151 2.203 2.264 2.335 2.368 2.378 2.361 2.315 2.274 2.219 2.079 2.068 3.794 
6.500 90.000 0.078 0.289 0.582 0.737 0.933 1.202 1.383 1.616 1.760 1.927 2.000 2.079 2.124 2.173 2.230 2.295 2.325 2.330 2.312 2.264 2.223 2.168 2.030 2.020 3.763 
6.500 100.000 0.066 0.276 0.568 0.723 0.919 1.186 1.367 1.599 1.742 1.906 1.978 2.056 2.098 2.145 2.199 2.259 2.284 2.285 2.265 2.216 2.175 2.120 1.985 1.974 3.734 
6.500 110.000 0.054 0.264 0.555 0.710 0.905 1.172 1.352 1.582 1.725 1.887 1.958 2.033 2.074 2.118 2.169 2.223 2.244 2.241 2.219 2.170 2.129 2.074 1.941 1.931 3.709 
6.500 120.000 0.043 0.253 0.543 0.697 0.892 1.158 1.337 1.567 1.708 1.869 1.938 2.011 2.051 2.093 2.140 2.188 2.206 2.199 2.176 2.126 2.085 2.031 1.900 1.890 3.686 
6.500 130.000 0.026 0.235 0.525 0.679 0.873 1.138 1.317 1.546 1.686 1.845 1.913 1.983 2.021 2.061 2.104 2.147 2.162 2.152 2.127 2.077 2.036 1.983 1.855 1.845 3.658 
6.500 140.000 0.008 0.217 0.506 0.660 0.853 1.118 1.296 1.523 1.663 1.820 1.887 1.955 1.991 2.029 2.068 2.107 2.118 2.105 2.080 2.029 1.989 1.936 1.811 1.802 3.630 
6.500 150.000 -0.007 0.202 0.490 0.644 0.836 1.100 1.278 1.504 1.642 1.797 1.862 1.928 1.962 1.996 2.032 2.065 2.072 2.055 2.030 1.979 1.939 1.888 1.766 1.758 3.606 
6.500 175.000 -0.041 0.166 0.453 0.606 0.797 1.059 1.235 1.458 1.594 1.743 1.803 1.863 1.891 1.919 1.945 1.964 1.963 1.939 1.912 1.863 1.825 1.776 1.665 1.657 3.548 
6.500 200.000 -0.074 0.133 0.419 0.570 0.761 1.021 1.195 1.416 1.549 1.692 1.749 1.802 1.826 1.847 1.864 1.871 1.863 1.833 1.805 1.757 1.721 1.675 1.572 1.565 3.493 
6.500 250.000 -0.146 0.060 0.343 0.494 0.684 0.941 1.113 1.330 1.458 1.593 1.644 1.687 1.704 1.716 1.719 1.706 1.688 1.650 1.621 1.575 1.542 1.501 1.410 1.404 3.395 
6.500 300.000 -0.207 -0.003 0.280 0.430 0.618 0.874 1.044 1.256 1.381 1.508 1.553 1.587 1.597 1.599 1.590 1.561 1.534 1.490 1.462 1.419 1.389 1.352 1.273 1.268 3.311 
6.500 350.000 -0.248 -0.043 0.238 0.388 0.575 0.828 0.995 1.203 1.322 1.440 1.477 1.500 1.502 1.493 1.470 1.424 1.390 1.343 1.316 1.278 1.252 1.221 1.156 1.152 3.239 
6.500 400.000 -0.284 -0.080 0.201 0.350 0.536 0.788 0.952 1.155 1.269 1.376 1.407 1.418 1.412 1.393 1.357 1.298 1.257 1.209 1.185 1.152 1.131 1.105 1.051 1.048 3.172 
6.500 450.000 -0.325 -0.121 0.159 0.308 0.494 0.744 0.907 1.106 1.216 1.316 1.340 1.343 1.331 1.305 1.260 1.189 1.145 1.096 1.074 1.045 1.027 1.004 0.958 0.956 3.114 
6.500 500.000 -0.365 -0.160 0.121 0.269 0.455 0.703 0.865 1.060 1.166 1.258 1.277 1.272 1.254 1.220 1.166 1.087 1.039 0.991 0.971 0.946 0.931 0.912 0.873 0.871 3.060 
6.500 600.000 -0.413 -0.208 0.074 0.222 0.406 0.651 0.808 0.993 1.088 1.159 1.164 1.137 1.106 1.055 0.983 0.886 0.835 0.793 0.779 0.766 0.757 0.746 0.722 0.720 2.964 
6.500 700.000 -0.482 -0.275 0.008 0.157 0.341 0.584 0.737 0.914 1.001 1.056 1.049 1.007 0.965 0.903 0.818 0.711 0.659 0.621 0.613 0.606 0.602 0.596 0.580 0.579 2.870 
6.500 800.000 -0.526 -0.317 -0.032 0.118 0.301 0.540 0.689 0.855 0.931 0.965 0.945 0.884 0.831 0.756 0.658 0.543 0.492 0.462 0.460 0.461 0.462 0.460 0.452 0.451 2.790 
6.500 1000.000 -0.641 -0.426 -0.134 0.017 0.200 0.435 0.576 0.723 0.780 0.778 0.736 0.646 0.576 0.483 0.368 0.246 0.199 0.183 0.190 0.202 0.208 0.212 0.212 0.212 2.642 
6.500 1200.000 -0.748 -0.524 -0.225 -0.072 0.112 0.340 0.471 0.595 0.629 0.589 0.524 0.406 0.319 0.211 0.085 -0.038 -0.079 -0.081 -0.067 -0.047 -0.038 -0.030 -0.025 -0.025 2.487 
6.500 1500.000 -0.906 -0.667 -0.352 -0.194 -0.010 0.208 0.323 0.412 0.412 0.314 0.217 0.061 -0.045 -0.170 -0.309 -0.432 -0.464 -0.454 -0.434 -0.408 -0.396 -0.386 -0.379 -0.379 2.279 
7.000 0.000 1.467 1.660 1.926 2.067 2.244 2.485 2.646 2.852 2.980 3.132 3.205 3.293 3.347 3.414 3.498 3.609 3.672 3.719 3.718 3.685 3.650 3.597 3.452 3.440 5.085 
7.000 1.000 1.454 1.647 1.913 2.055 2.232 2.473 2.635 2.842 2.971 3.126 3.201 3.291 3.348 3.417 3.506 3.622 3.689 3.739 3.738 3.705 3.668 3.613 3.461 3.448 5.082 
7.000 5.000 1.358 1.550 1.816 1.957 2.135 2.377 2.539 2.747 2.878 3.036 3.113 3.208 3.268 3.341 3.436 3.562 3.635 3.691 3.692 3.658 3.621 3.564 3.404 3.391 5.033 
7.000 10.000 1.231 1.423 1.688 1.829 2.006 2.248 2.410 2.618 2.749 2.908 2.985 3.081 3.140 3.214 3.310 3.437 3.510 3.566 3.567 3.533 3.495 3.438 3.277 3.264 4.925 
7.000 15.000 1.103 1.295 1.559 1.700 1.877 2.118 2.279 2.487 2.618 2.776 2.853 2.948 3.007 3.081 3.175 3.300 3.371 3.424 3.423 3.388 3.349 3.290 3.127 3.114 4.791 
7.000 20.000 0.998 1.190 1.454 1.594 1.771 2.011 2.173 2.380 2.510 2.668 2.745 2.839 2.898 2.971 3.064 3.187 3.256 3.307 3.305 3.268 3.227 3.168 3.004 2.990 4.685 
7.000 25.000 0.912 1.103 1.366 1.506 1.682 1.922 2.083 2.290 2.419 2.576 2.653 2.745 2.804 2.875 2.966 3.085 3.152 3.200 3.196 3.158 3.118 3.058 2.896 2.882 4.595 
7.000 30.000 0.842 1.032 1.295 1.435 1.611 1.850 2.010 2.217 2.345 2.501 2.576 2.668 2.725 2.794 2.883 2.998 3.062 3.106 3.101 3.062 3.022 2.963 2.802 2.789 4.522 
7.000 40.000 0.724 0.913 1.175 1.314 1.489 1.728 1.887 2.092 2.220 2.374 2.448 2.538 2.593 2.660 2.745 2.855 2.914 2.954 2.947 2.906 2.866 2.807 2.648 2.635 4.402 
7.000 50.000 0.634 0.823 1.084 1.223 1.397 1.634 1.793 1.997 2.124 2.276 2.349 2.436 2.489 2.554 2.636 2.739 2.794 2.829 2.820 2.779 2.738 2.680 2.525 2.512 4.309 
7.000 60.000 0.576 0.764 1.024 1.163 1.336 1.573 1.731 1.934 2.059 2.210 2.281 2.366 2.418 2.480 2.558 2.655 2.706 2.736 2.726 2.684 2.643 2.585 2.434 2.421 4.237 
7.000 70.000 0.554 0.742 1.001 1.139 1.311 1.547 1.704 1.905 2.029 2.177 2.246 2.327 2.376 2.434 2.505 2.593 2.638 2.661 2.649 2.605 2.565 2.508 2.362 2.350 4.188 
7.000 80.000 0.542 0.729 0.987 1.124 1.296 1.531 1.688 1.888 2.011 2.156 2.224 2.303 2.350 2.405 2.473 2.554 2.594 2.613 2.598 2.553 2.513 2.457 2.313 2.302 4.155 
7.000 90.000 0.532 0.718 0.976 1.113 1.284 1.518 1.674 1.873 1.995 2.138 2.205 2.281 2.326 2.379 2.442 2.518 2.554 2.567 2.551 2.505 2.465 2.409 2.268 2.257 4.125 
7.000 100.000 0.521 0.707 0.964 1.101 1.272 1.505 1.660 1.858 1.980 2.121 2.186 2.260 2.304 2.354 2.414 2.484 2.516 2.525 2.507 2.461 2.420 2.365 2.227 2.216 4.098 
7.000 110.000 0.511 0.697 0.953 1.089 1.260 1.492 1.647 1.844 1.964 2.104 2.168 2.240 2.281 2.329 2.386 2.450 2.478 2.483 2.464 2.417 2.376 2.321 2.186 2.175 4.075 
7.000 120.000 0.503 0.688 0.943 1.079 1.249 1.481 1.635 1.831 1.951 2.089 2.151 2.220 2.260 2.306 2.358 2.416 2.441 2.442 2.422 2.374 2.333 2.279 2.147 2.137 4.053 
7.000 130.000 0.487 0.672 0.927 1.062 1.232 1.463 1.617 1.812 1.930 2.066 2.127 2.195 2.233 2.276 2.325 2.378 2.399 2.397 2.375 2.327 2.287 2.234 2.105 2.095 4.028 
7.000 140.000 0.470 0.654 0.909 1.044 1.213 1.444 1.597 1.791 1.909 2.043 2.103 2.169 2.205 2.246 2.292 2.340 2.358 2.353 2.330 2.282 2.243 2.190 2.064 2.055 4.005 
7.000 150.000 0.456 0.640 0.894 1.029 1.198 1.428 1.581 1.774 1.890 2.023 2.081 2.143 2.178 2.216 2.258 2.300 2.315 2.305 2.283 2.235 2.196 2.145 2.023 2.014 3.984 
7.000 175.000 0.422 0.605 0.858 0.992 1.160 1.388 1.540 1.730 1.844 1.971 2.025 2.082 2.112 2.143 2.175 2.204 2.211 2.195 2.171 2.124 2.087 2.039 1.927 1.919 3.934 
7.000 200.000 0.385 0.568 0.820 0.953 1.121 1.348 1.498 1.686 1.798 1.921 1.972 2.023 2.049 2.075 2.099 2.117 2.117 2.096 2.071 2.025 1.990 1.944 1.840 1.832 3.886 
7.000 250.000 0.314 0.495 0.746 0.879 1.045 1.271 1.419 1.604 1.712 1.827 1.872 1.914 1.933 1.949 1.960 1.960 1.950 1.921 1.895 1.852 1.820 1.779 1.688 1.682 3.800 
7.000 300.000 0.265 0.447 0.696 0.829 0.994 1.217 1.364 1.544 1.648 1.754 1.793 1.824 1.835 1.840 1.838 1.819 1.800 1.765 1.740 1.702 1.674 1.639 1.563 1.558 3.729 
7.000 350.000 0.226 0.407 0.656 0.788 0.953 1.174 1.318 1.494 1.593 1.689 1.720 1.740 1.743 1.738 1.721 1.687 1.660 1.622 1.600 1.567 1.544 1.515 1.452 1.448 3.665 
7.000 400.000 0.188 0.369 0.618 0.750 0.913 1.133 1.275 1.447 1.541 1.628 1.652 1.661 1.657 1.642 1.614 1.566 1.534 1.495 1.476 1.448 1.429 1.405 1.354 1.351 3.607 
7.000 450.000 0.143 0.325 0.574 0.706 0.869 1.088 1.229 1.397 1.487 1.566 1.585 1.585 1.575 1.552 1.514 1.456 1.421 1.383 1.365 1.342 1.326 1.306 1.264 1.262 3.553 
7.000 500.000 0.106 0.288 0.537 0.669 0.833 1.050 1.189 1.353 1.439 1.510 1.522 1.514 1.497 1.467 1.420 1.353 1.315 1.278 1.264 1.246 1.233 1.217 1.183 1.181 3.502 
7.000 600.000 0.049 0.233 0.484 0.615 0.778 0.992 1.127 1.282 1.358 1.408 1.406 1.378 1.348 1.302 1.237 1.155 1.114 1.084 1.077 1.069 1.063 1.055 1.035 1.033 3.413 
7.000 700.000 -0.018 0.168 0.421 0.553 0.716 0.928 1.060 1.206 1.273 1.306 1.292 1.247 1.207 1.149 1.071 0.979 0.938 0.915 0.913 0.913 0.912 0.909 0.897 0.896 3.326 
7.000 800.000 -0.063 0.124 0.380 0.513 0.675 0.884 1.011 1.146 1.202 1.213 1.187 1.123 1.071 1.001 0.912 0.814 0.775 0.761 0.766 0.774 0.778 0.779 0.775 0.774 3.249 
7.000 1000.000 -0.178 0.017 0.279 0.414 0.576 0.780 0.899 1.014 1.050 1.025 0.976 0.884 0.815 0.728 0.626 0.524 0.492 0.493 0.507 0.526 0.536 0.542 0.545 0.545 3.114 
7.000 1200.000 -0.273 -0.070 0.200 0.337 0.500 0.697 0.804 0.896 0.908 0.844 0.771 0.651 0.567 0.466 0.354 0.252 0.227 0.242 0.263 0.289 0.302 0.311 0.318 0.318 2.971 
7.000 1500.000 -0.418 -0.199 0.087 0.229 0.391 0.577 0.668 0.722 0.698 0.576 0.472 0.316 0.215 0.099 -0.023 -0.121 -0.137 -0.109 -0.083 -0.052 -0.038 -0.027 -0.019 -0.019 2.778 
7.500 0.000 1.719 1.885 2.114 2.235 2.386 2.591 2.727 2.900 3.008 3.143 3.211 3.297 3.353 3.422 3.512 3.630 3.698 3.751 3.752 3.721 3.685 3.631 3.483 3.470 5.244 
7.500 1.000 1.705 1.871 2.100 2.221 2.372 2.577 2.713 2.888 2.997 3.134 3.204 3.293 3.350 3.422 3.515 3.640 3.711 3.767 3.769 3.737 3.700 3.645 3.490 3.477 5.240 
7.500 5.000 1.626 1.792 2.020 2.141 2.292 2.498 2.635 2.810 2.921 3.060 3.132 3.224 3.283 3.358 3.457 3.588 3.664 3.725 3.728 3.696 3.659 3.602 3.442 3.429 5.200 
7.500 10.000 1.509 1.674 1.902 2.023 2.174 2.379 2.516 2.692 2.804 2.944 3.017 3.111 3.172 3.248 3.349 3.483 3.561 3.624 3.627 3.594 3.556 3.498 3.333 3.318 5.107 
7.500 15.000 1.404 1.570 1.797 1.918 2.069 2.274 2.411 2.587 2.698 2.839 2.912 3.005 3.067 3.143 3.244 3.378 3.455 3.516 3.518 3.483 3.444 3.384 3.216 3.201 5.001 
7.500 20.000 1.318 1.483 1.710 1.830 1.981 2.186 2.322 2.498 2.609 2.749 2.822 2.915 2.976 3.052 3.151 3.283 3.359 3.418 3.418 3.382 3.342 3.282 3.112 3.098 4.915 
7.500 25.000 1.245 1.410 1.637 1.757 1.907 2.111 2.248 2.423 2.534 2.673 2.745 2.838 2.898 2.973 3.070 3.200 3.273 3.329 3.328 3.292 3.251 3.191 3.022 3.007 4.844 
7.500 30.000 1.183 1.347 1.574 1.693 1.844 2.047 2.183 2.358 2.468 2.607 2.679 2.770 2.829 2.903 2.999 3.125 3.196 3.250 3.247 3.210 3.169 3.109 2.941 2.927 4.783 
7.500 40.000 1.081 1.244 1.470 1.589 1.739 1.942 2.077 2.251 2.360 2.498 2.568 2.657 2.715 2.786 2.879 2.999 3.066 3.115 3.111 3.072 3.032 2.972 2.807 2.793 4.685 
7.500 50.000 1.006 1.169 1.393 1.512 1.661 1.863 1.998 2.171 2.279 2.415 2.483 2.570 2.626 2.694 2.782 2.896 2.959 3.002 2.997 2.957 2.917 2.858 2.698 2.685 4.609 
7.500 60.000 0.954 1.117 1.341 1.459 1.608 1.809 1.943 2.115 2.223 2.356 2.424 2.508 2.562 2.628 2.712 2.820 2.879 2.917 2.910 2.870 2.830 2.772 2.616 2.603 4.546 
7.500 70.000 0.937 1.098 1.321 1.440 1.588 1.788 1.922 2.092 2.198 2.329 2.394 2.475 2.526 2.588 2.667 2.766 2.818 2.850 2.841 2.799 2.760 2.703 2.553 2.540 4.504 
7.500 80.000 0.926 1.087 1.310 1.428 1.575 1.775 1.908 2.077 2.183 2.312 2.375 2.454 2.503 2.563 2.638 2.730 2.778 2.805 2.794 2.752 2.712 2.655 2.508 2.496 4.473 
7.500 90.000 0.918 1.079 1.301 1.418 1.565 1.765 1.897 2.065 2.170 2.297 2.359 2.436 2.483 2.540 2.611 2.697 2.741 2.763 2.750 2.707 2.667 2.611 2.467 2.456 4.446 
7.500 100.000 0.911 1.071 1.292 1.410 1.556 1.755 1.887 2.054 2.158 2.283 2.344 2.419 2.464 2.519 2.585 2.666 2.706 2.723 2.709 2.665 2.625 2.570 2.429 2.418 4.421 
7.500 110.000 0.903 1.063 1.284 1.401 1.547 1.745 1.877 2.043 2.146 2.269 2.329 2.401 2.444 2.496 2.559 2.633 2.669 2.682 2.666 2.622 2.582 2.528 2.391 2.380 4.398 
7.500 120.000 0.895 1.055 1.275 1.392 1.538 1.736 1.867 2.032 2.134 2.256 2.314 2.383 2.425 2.474 2.533 2.602 2.634 2.643 2.626 2.581 2.542 2.488 2.355 2.344 4.377 
7.500 130.000 0.880 1.039 1.259 1.376 1.522 1.719 1.849 2.014 2.115 2.235 2.292 2.360 2.400 2.447 2.503 2.566 2.595 2.601 2.583 2.538 2.499 2.446 2.316 2.306 4.357 
7.500 140.000 0.864 1.023 1.243 1.359 1.504 1.701 1.831 1.995 2.096 2.214 2.270 2.335 2.374 2.419 2.471 2.530 2.556 2.559 2.540 2.495 2.457 2.405 2.278 2.268 4.338 
7.500 150.000 0.849 1.008 1.228 1.344 1.489 1.685 1.815 1.978 2.077 2.194 2.248 2.311 2.348 2.390 2.439 2.492 2.514 2.514 2.494 2.449 2.412 2.362 2.239 2.230 4.321 
7.500 175.000 0.815 0.973 1.192 1.308 1.452 1.647 1.776 1.937 2.034 2.146 2.196 2.253 2.286 2.321 2.361 2.402 2.416 2.409 2.388 2.345 2.309 2.262 2.149 2.141 4.279 
7.500 200.000 0.774 0.932 1.150 1.266 1.410 1.604 1.732 1.892 1.987 2.096 2.144 2.196 2.225 2.256 2.289 2.320 2.329 2.316 2.295 2.252 2.218 2.173 2.067 2.060 4.238 
7.500 250.000 0.711 0.869 1.086 1.201 1.345 1.538 1.664 1.820 1.912 2.012 2.054 2.096 2.118 2.139 2.157 2.169 2.167 2.147 2.125 2.086 2.056 2.017 1.928 1.922 4.165 
7.500 300.000 0.669 0.827 1.044 1.159 1.301 1.493 1.617 1.769 1.856 1.947 1.982 2.013 2.026 2.035 2.039 2.032 2.020 1.995 1.975 1.942 1.916 1.883 1.811 1.806 4.105 
7.500 350.000 0.628 0.786 1.003 1.117 1.259 1.449 1.572 1.720 1.803 1.884 1.912 1.932 1.938 1.937 1.928 1.905 1.887 1.860 1.843 1.815 1.794 1.767 1.708 1.705 4.050 
7.500 400.000 0.591 0.749 0.966 1.081 1.223 1.411 1.532 1.676 1.754 1.826 1.847 1.857 1.855 1.845 1.824 1.788 1.764 1.738 1.723 1.701 1.685 1.664 1.617 1.614 3.999 
7.500 450.000 0.550 0.708 0.926 1.041 1.183 1.370 1.490 1.630 1.704 1.767 1.782 1.782 1.773 1.755 1.724 1.678 1.651 1.626 1.614 1.598 1.585 1.569 1.531 1.529 3.949 
7.500 500.000 0.511 0.671 0.890 1.004 1.146 1.333 1.451 1.587 1.657 1.711 1.720 1.711 1.695 1.669 1.629 1.575 1.546 1.523 1.515 1.503 1.494 1.482 1.452 1.450 3.902 
7.500 600.000 0.450 0.611 0.832 0.947 1.088 1.272 1.386 1.513 1.573 1.607 1.602 1.573 1.544 1.503 1.446 1.377 1.347 1.332 1.331 1.331 1.328 1.323 1.307 1.306 3.820 
7.500 700.000 0.386 0.550 0.773 0.889 1.031 1.213 1.323 1.441 1.491 1.507 1.489 1.443 1.404 1.350 1.281 1.204 1.174 1.167 1.172 1.180 1.182 1.182 1.175 1.174 3.739 
7.500 800.000 0.340 0.507 0.733 0.850 0.991 1.170 1.275 1.382 1.420 1.414 1.382 1.317 1.267 1.201 1.122 1.040 1.014 1.017 1.029 1.045 1.052 1.056 1.056 1.055 3.667 
7.500 1000.000 0.228 0.402 0.636 0.754 0.896 1.069 1.166 1.251 1.268 1.224 1.169 1.076 1.009 0.929 0.837 0.755 0.737 0.756 0.777 0.803 0.815 0.825 0.830 0.830 3.544 
7.500 1200.000 0.145 0.328 0.569 0.690 0.832 0.997 1.082 1.142 1.134 1.048 0.970 0.849 0.768 0.675 0.575 0.496 0.486 0.518 0.546 0.577 0.592 0.604 0.612 0.612 3.413 
7.500 1500.000 0.014 0.214 0.471 0.596 0.736 0.889 0.955 0.974 0.929 0.785 0.676 0.522 0.425 0.319 0.214 0.142 0.141 0.186 0.217 0.252 0.268 0.280 0.289 0.290 3.235 
7.800 0.000 1.835 1.986 2.192 2.301 2.437 2.621 2.744 2.900 3.000 3.128 3.195 3.283 3.340 3.412 3.506 3.632 3.704 3.762 3.764 3.733 3.696 3.641 3.487 3.474 5.321 
7.800 1.000 1.820 1.970 2.177 2.286 2.423 2.607 2.730 2.887 2.988 3.117 3.186 3.276 3.335 3.410 3.508 3.638 3.714 3.775 3.777 3.746 3.708 3.652 3.492 3.478 5.316 
7.800 5.000 1.744 1.894 2.100 2.209 2.346 2.531 2.654 2.813 2.914 3.046 3.117 3.210 3.272 3.349 3.452 3.590 3.670 3.736 3.740 3.709 3.672 3.614 3.448 3.434 5.278 
7.800 10.000 1.641 1.790 1.996 2.105 2.242 2.427 2.550 2.709 2.811 2.945 3.016 3.110 3.173 3.252 3.356 3.497 3.579 3.646 3.650 3.618 3.580 3.521 3.351 3.336 5.197 
7.800 15.000 1.545 1.694 1.900 2.009 2.145 2.330 2.453 2.612 2.715 2.849 2.920 3.015 3.078 3.158 3.263 3.403 3.486 3.552 3.555 3.522 3.482 3.421 3.247 3.232 5.106 
7.800 20.000 1.466 1.615 1.820 1.929 2.065 2.250 2.373 2.532 2.634 2.768 2.839 2.934 2.997 3.076 3.180 3.320 3.401 3.465 3.467 3.432 3.392 3.331 3.155 3.139 5.031 
7.800 25.000 1.400 1.548 1.753 1.862 1.998 2.182 2.305 2.463 2.566 2.699 2.770 2.864 2.926 3.004 3.107 3.244 3.324 3.386 3.387 3.351 3.310 3.249 3.073 3.057 4.968 
7.800 30.000 1.344 1.493 1.697 1.806 1.941 2.125 2.248 2.406 2.508 2.640 2.711 2.804 2.865 2.942 3.043 3.177 3.255 3.314 3.314 3.278 3.237 3.175 3.001 2.986 4.916 
7.800 40.000 1.249 1.397 1.601 1.709 1.844 2.027 2.149 2.307 2.408 2.539 2.608 2.699 2.759 2.834 2.932 3.061 3.134 3.189 3.187 3.149 3.108 3.047 2.876 2.862 4.827 
7.800 50.000 1.176 1.323 1.526 1.634 1.769 1.951 2.073 2.230 2.330 2.460 2.528 2.617 2.675 2.748 2.842 2.966 3.035 3.085 3.082 3.043 3.002 2.942 2.775 2.760 4.757 
7.800 60.000 1.126 1.274 1.476 1.583 1.718 1.900 2.021 2.177 2.277 2.405 2.472 2.559 2.615 2.686 2.776 2.894 2.959 3.005 3.000 2.961 2.920 2.860 2.697 2.683 4.701 
7.800 70.000 1.110 1.257 1.459 1.566 1.699 1.881 2.001 2.156 2.255 2.380 2.445 2.529 2.583 2.650 2.735 2.844 2.903 2.942 2.935 2.895 2.854 2.796 2.638 2.625 4.661 
7.800 80.000 1.101 1.247 1.449 1.555 1.689 1.869 1.990 2.144 2.241 2.365 2.428 2.510 2.562 2.626 2.708 2.810 2.865 2.899 2.890 2.848 2.808 2.750 2.596 2.583 4.632 
7.800 90.000 1.093 1.239 1.440 1.546 1.679 1.860 1.979 2.133 2.229 2.351 2.414 2.493 2.543 2.605 2.682 2.779 2.830 2.858 2.848 2.805 2.765 2.707 2.557 2.544 4.605 
7.800 100.000 1.085 1.230 1.431 1.537 1.670 1.850 1.969 2.122 2.218 2.338 2.399 2.476 2.525 2.584 2.658 2.749 2.796 2.820 2.808 2.765 2.724 2.668 2.520 2.508 4.580 
7.800 110.000 1.077 1.222 1.422 1.528 1.661 1.840 1.959 2.111 2.206 2.324 2.384 2.459 2.506 2.563 2.633 2.718 2.760 2.780 2.767 2.723 2.682 2.626 2.483 2.471 4.558 
7.800 120.000 1.068 1.213 1.413 1.519 1.651 1.830 1.948 2.099 2.194 2.311 2.369 2.442 2.487 2.542 2.608 2.688 2.727 2.743 2.728 2.683 2.643 2.588 2.447 2.436 4.538 
7.800 130.000 1.053 1.198 1.397 1.503 1.635 1.814 1.932 2.082 2.176 2.291 2.349 2.420 2.463 2.515 2.579 2.653 2.689 2.702 2.686 2.641 2.601 2.547 2.410 2.399 4.520 
7.800 140.000 1.037 1.182 1.381 1.487 1.619 1.797 1.915 2.065 2.158 2.272 2.328 2.397 2.439 2.489 2.549 2.618 2.651 2.660 2.643 2.599 2.560 2.506 2.373 2.363 4.503 
7.800 150.000 1.024 1.168 1.367 1.473 1.605 1.782 1.900 2.049 2.141 2.253 2.308 2.374 2.414 2.461 2.517 2.581 2.610 2.616 2.599 2.554 2.516 2.464 2.336 2.326 4.488 
7.800 175.000 0.989 1.133 1.332 1.437 1.568 1.745 1.862 2.009 2.099 2.207 2.258 2.319 2.355 2.396 2.443 2.495 2.516 2.515 2.496 2.453 2.416 2.367 2.249 2.241 4.450 
7.800 200.000 0.951 1.095 1.294 1.399 1.530 1.706 1.822 1.968 2.056 2.160 2.209 2.265 2.298 2.334 2.374 2.416 2.430 2.424 2.404 2.362 2.327 2.281 2.171 2.163 4.413 
7.800 250.000 0.891 1.035 1.233 1.338 1.468 1.643 1.758 1.900 1.985 2.081 2.124 2.170 2.194 2.220 2.246 2.267 2.271 2.257 2.237 2.199 2.168 2.129 2.037 2.031 4.351 
7.800 300.000 0.846 0.990 1.188 1.293 1.423 1.597 1.710 1.849 1.930 2.017 2.053 2.088 2.104 2.119 2.130 2.133 2.127 2.108 2.090 2.057 2.032 1.999 1.924 1.919 4.294 
7.800 350.000 0.805 0.949 1.148 1.252 1.382 1.555 1.667 1.802 1.879 1.957 1.986 2.010 2.019 2.024 2.022 2.009 1.997 1.976 1.960 1.933 1.912 1.885 1.825 1.822 4.244 
7.800 400.000 0.767 0.912 1.111 1.216 1.346 1.518 1.628 1.760 1.832 1.901 1.923 1.937 1.939 1.934 1.921 1.895 1.877 1.856 1.844 1.823 1.807 1.786 1.738 1.735 4.200 
7.800 450.000 0.727 0.873 1.073 1.178 1.308 1.479 1.588 1.716 1.784 1.844 1.860 1.865 1.860 1.847 1.823 1.787 1.766 1.746 1.737 1.721 1.709 1.693 1.655 1.653 4.154 
7.800 500.000 0.691 0.838 1.039 1.145 1.275 1.445 1.553 1.677 1.740 1.792 1.801 1.796 1.784 1.764 1.730 1.685 1.662 1.644 1.638 1.628 1.620 1.608 1.579 1.577 4.113 
7.800 600.000 0.633 0.782 0.986 1.092 1.222 1.390 1.494 1.608 1.661 1.692 1.687 1.662 1.637 1.600 1.550 1.491 1.466 1.457 1.459 1.461 1.460 1.456 1.441 1.440 4.035 
7.800 700.000 0.568 0.720 0.927 1.034 1.164 1.331 1.431 1.537 1.581 1.593 1.576 1.534 1.498 1.450 1.388 1.321 1.297 1.296 1.304 1.314 1.318 1.319 1.313 1.312 3.962 
7.800 800.000 0.526 0.681 0.891 0.999 1.129 1.292 1.387 1.481 1.513 1.503 1.471 1.410 1.363 1.302 1.230 1.159 1.139 1.149 1.164 1.183 1.191 1.197 1.197 1.197 3.894 
7.800 1000.000 0.422 0.585 0.802 0.912 1.043 1.200 1.286 1.358 1.367 1.318 1.262 1.171 1.108 1.033 0.948 0.878 0.867 0.894 0.918 0.947 0.961 0.971 0.977 0.977 3.783 
7.800 1200.000 0.336 0.509 0.735 0.847 0.978 1.128 1.203 1.250 1.235 1.145 1.067 0.950 0.873 0.786 0.694 0.627 0.624 0.663 0.693 0.727 0.742 0.754 0.763 0.763 3.658 
7.800 1500.000 0.211 0.400 0.642 0.758 0.888 1.025 1.081 1.087 1.035 0.887 0.779 0.629 0.538 0.438 0.343 0.283 0.289 0.339 0.373 0.409 0.426 0.438 0.447 0.447 3.491 
8.000 0.000 1.903 2.043 2.235 2.337 2.464 2.635 2.749 2.896 2.990 3.114 3.181 3.270 3.328 3.402 3.500 3.629 3.705 3.766 3.768 3.737 3.700 3.644 3.485 3.472 5.368 
8.000 1.000 1.888 2.028 2.220 2.322 2.449 2.620 2.734 2.882 2.977 3.103 3.171 3.262 3.322 3.399 3.499 3.634 3.712 3.776 3.779 3.748 3.710 3.652 3.489 3.475 5.361 
8.000 5.000 1.814 1.954 2.146 2.247 2.374 2.546 2.661 2.810 2.906 3.034 3.104 3.198 3.261 3.340 3.445 3.587 3.671 3.739 3.744 3.713 3.675 3.617 3.448 3.433 5.324 
8.000 10.000 1.721 1.860 2.052 2.153 2.280 2.452 2.567 2.716 2.813 2.942 3.013 3.108 3.171 3.251 3.358 3.502 3.586 3.656 3.661 3.630 3.592 3.532 3.360 3.344 5.252 
8.000 15.000 1.629 1.769 1.960 2.061 2.188 2.360 2.475 2.624 2.722 2.851 2.923 3.018 3.082 3.163 3.271 3.416 3.501 3.571 3.575 3.542 3.502 3.441 3.264 3.248 5.169 
8.000 20.000 1.556 1.695 1.886 1.987 2.114 2.285 2.400 2.549 2.647 2.776 2.848 2.943 3.007 3.088 3.195 3.339 3.423 3.491 3.494 3.460 3.419 3.357 3.178 3.162 5.102 
8.000 25.000 1.495 1.633 1.824 1.925 2.052 2.223 2.338 2.487 2.584 2.713 2.784 2.879 2.942 3.022 3.127 3.269 3.351 3.417 3.419 3.384 3.343 3.281 3.103 3.087 5.046 
8.000 30.000 1.442 1.581 1.771 1.872 1.998 2.169 2.284 2.432 2.529 2.658 2.728 2.822 2.884 2.963 3.068 3.207 3.287 3.351 3.352 3.316 3.275 3.213 3.036 3.020 4.998 
8.000 40.000 1.351 1.489 1.679 1.780 1.905 2.076 2.190 2.338 2.434 2.562 2.631 2.723 2.784 2.861 2.962 3.096 3.173 3.231 3.231 3.194 3.153 3.092 2.918 2.902 4.915 
8.000 50.000 1.280 1.417 1.607 1.707 1.833 2.003 2.116 2.264 2.359 2.486 2.554 2.644 2.704 2.779 2.877 3.006 3.079 3.134 3.132 3.094 3.053 2.992 2.821 2.806 4.849 
8.000 60.000 1.232 1.369 1.558 1.658 1.783 1.953 2.066 2.213 2.308 2.432 2.500 2.588 2.646 2.719 2.814 2.938 3.007 3.057 3.054 3.015 2.974 2.914 2.747 2.732 4.798 
8.000 70.000 1.217 1.354 1.542 1.642 1.767 1.936 2.048 2.194 2.288 2.410 2.476 2.561 2.617 2.686 2.776 2.891 2.955 2.998 2.992 2.952 2.912 2.852 2.691 2.677 4.760 
8.000 80.000 1.208 1.345 1.533 1.632 1.757 1.925 2.038 2.182 2.275 2.396 2.460 2.543 2.597 2.664 2.749 2.858 2.917 2.956 2.948 2.907 2.866 2.808 2.650 2.636 4.731 
8.000 90.000 1.200 1.336 1.524 1.623 1.747 1.915 2.027 2.171 2.264 2.383 2.446 2.527 2.579 2.643 2.725 2.828 2.883 2.917 2.907 2.865 2.825 2.766 2.612 2.599 4.704 
8.000 100.000 1.192 1.328 1.515 1.614 1.738 1.906 2.018 2.161 2.253 2.370 2.432 2.511 2.562 2.624 2.702 2.800 2.851 2.880 2.869 2.826 2.785 2.728 2.576 2.564 4.680 
8.000 110.000 1.183 1.318 1.505 1.604 1.728 1.896 2.007 2.150 2.241 2.357 2.417 2.494 2.543 2.602 2.677 2.769 2.816 2.841 2.828 2.785 2.744 2.687 2.539 2.527 4.659 
8.000 120.000 1.174 1.309 1.496 1.595 1.719 1.886 1.997 2.139 2.229 2.344 2.403 2.477 2.525 2.582 2.653 2.740 2.783 2.803 2.790 2.746 2.705 2.649 2.505 2.493 4.639 
8.000 130.000 1.159 1.295 1.481 1.580 1.704 1.870 1.981 2.123 2.212 2.325 2.383 2.456 2.502 2.557 2.624 2.706 2.746 2.763 2.748 2.704 2.664 2.609 2.468 2.457 4.622 
8.000 140.000 1.144 1.279 1.466 1.565 1.688 1.854 1.965 2.106 2.194 2.306 2.363 2.434 2.478 2.531 2.595 2.672 2.708 2.722 2.707 2.663 2.623 2.569 2.432 2.422 4.607 
8.000 150.000 1.132 1.268 1.454 1.552 1.675 1.842 1.952 2.092 2.180 2.289 2.344 2.413 2.455 2.505 2.565 2.636 2.669 2.679 2.663 2.619 2.580 2.528 2.396 2.386 4.593 
8.000 175.000 1.095 1.230 1.416 1.514 1.637 1.803 1.912 2.051 2.137 2.243 2.295 2.358 2.396 2.441 2.493 2.552 2.577 2.581 2.563 2.520 2.483 2.433 2.312 2.303 4.558 
8.000 200.000 1.060 1.195 1.381 1.479 1.602 1.767 1.876 2.013 2.098 2.200 2.249 2.307 2.342 2.381 2.426 2.474 2.493 2.491 2.472 2.430 2.395 2.348 2.235 2.227 4.523 
8.000 250.000 1.004 1.139 1.325 1.423 1.545 1.709 1.817 1.950 2.031 2.125 2.168 2.216 2.242 2.270 2.300 2.327 2.334 2.324 2.306 2.268 2.238 2.198 2.106 2.099 4.467 
8.000 300.000 0.956 1.091 1.277 1.375 1.497 1.661 1.767 1.897 1.974 2.060 2.096 2.134 2.152 2.170 2.186 2.195 2.193 2.178 2.161 2.129 2.104 2.071 1.995 1.990 4.414 
8.000 350.000 0.914 1.049 1.236 1.334 1.457 1.619 1.724 1.851 1.924 2.001 2.031 2.058 2.069 2.077 2.080 2.074 2.065 2.048 2.033 2.007 1.987 1.960 1.899 1.896 4.369 
8.000 400.000 0.876 1.013 1.200 1.299 1.421 1.583 1.686 1.810 1.879 1.946 1.970 1.986 1.990 1.989 1.980 1.960 1.946 1.929 1.918 1.898 1.883 1.862 1.814 1.811 4.327 
8.000 450.000 0.838 0.976 1.164 1.263 1.386 1.547 1.649 1.769 1.834 1.893 1.909 1.916 1.913 1.903 1.884 1.853 1.836 1.820 1.812 1.798 1.786 1.770 1.733 1.731 4.286 
8.000 500.000 0.803 0.942 1.131 1.231 1.353 1.514 1.615 1.731 1.791 1.841 1.851 1.849 1.839 1.821 1.792 1.752 1.733 1.719 1.714 1.706 1.698 1.687 1.658 1.656 4.247 
8.000 600.000 0.747 0.889 1.081 1.181 1.304 1.462 1.559 1.666 1.716 1.744 1.740 1.716 1.693 1.659 1.613 1.560 1.539 1.534 1.538 1.542 1.542 1.538 1.525 1.524 4.172 
8.000 700.000 0.681 0.826 1.022 1.123 1.246 1.403 1.497 1.595 1.636 1.646 1.629 1.589 1.555 1.510 1.452 1.391 1.372 1.376 1.386 1.399 1.403 1.405 1.399 1.399 4.104 
8.000 800.000 0.642 0.790 0.989 1.091 1.214 1.368 1.456 1.542 1.570 1.557 1.525 1.466 1.421 1.363 1.295 1.231 1.216 1.231 1.249 1.270 1.279 1.285 1.286 1.286 4.039 
8.000 1000.000 0.543 0.699 0.906 1.011 1.134 1.281 1.360 1.423 1.428 1.374 1.319 1.229 1.168 1.095 1.016 0.953 0.947 0.980 1.006 1.037 1.051 1.062 1.069 1.069 3.935 
8.000 1200.000 0.457 0.622 0.838 0.945 1.069 1.209 1.277 1.315 1.296 1.203 1.125 1.011 0.936 0.853 0.767 0.707 0.709 0.753 0.784 0.820 0.836 0.848 0.857 0.857 3.815 
8.000 1500.000 0.335 0.517 0.749 0.860 0.982 1.109 1.158 1.154 1.097 0.947 0.839 0.693 0.604 0.509 0.420 0.368 0.380 0.434 0.469 0.507 0.523 0.536 0.545 0.545 3.655 
8.200 0.000 1.968 2.098 2.276 2.370 2.488 2.647 2.753 2.890 2.980 3.101 3.167 3.257 3.316 3.392 3.491 3.624 3.702 3.765 3.768 3.737 3.700 3.644 3.483 3.470 5.409 
8.200 1.000 1.951 2.081 2.260 2.354 2.471 2.631 2.737 2.876 2.966 3.089 3.156 3.248 3.309 3.386 3.489 3.626 3.707 3.773 3.777 3.746 3.709 3.651 3.485 3.471 5.401 
8.200 5.000 1.879 2.008 2.187 2.281 2.399 2.558 2.665 2.805 2.897 3.022 3.091 3.186 3.249 3.330 3.437 3.582 3.667 3.739 3.744 3.714 3.676 3.617 3.446 3.430 5.365 
8.200 10.000 1.795 1.924 2.102 2.196 2.314 2.474 2.581 2.721 2.813 2.939 3.009 3.104 3.168 3.250 3.358 3.505 3.592 3.664 3.670 3.639 3.601 3.541 3.367 3.351 5.304 
8.200 15.000 1.708 1.837 2.015 2.109 2.227 2.387 2.494 2.634 2.727 2.853 2.924 3.020 3.085 3.168 3.277 3.426 3.514 3.586 3.592 3.559 3.519 3.458 3.278 3.262 5.229 
8.200 20.000 1.638 1.767 1.944 2.038 2.156 2.316 2.423 2.563 2.656 2.782 2.853 2.950 3.014 3.097 3.206 3.354 3.441 3.513 3.517 3.484 3.443 3.381 3.199 3.182 5.168 
8.200 25.000 1.584 1.713 1.890 1.984 2.101 2.261 2.367 2.507 2.600 2.726 2.796 2.892 2.956 3.037 3.145 3.291 3.376 3.445 3.448 3.414 3.373 3.311 3.130 3.113 5.119 
8.200 30.000 1.534 1.662 1.839 1.933 2.050 2.209 2.316 2.456 2.548 2.674 2.744 2.839 2.902 2.983 3.090 3.233 3.317 3.384 3.386 3.351 3.311 3.248 3.068 3.052 5.075 
8.200 40.000 1.448 1.576 1.753 1.846 1.963 2.122 2.228 2.367 2.459 2.583 2.653 2.746 2.808 2.886 2.990 3.128 3.208 3.271 3.272 3.236 3.195 3.133 2.956 2.940 4.998 
8.200 50.000 1.377 1.505 1.681 1.775 1.891 2.050 2.156 2.295 2.386 2.510 2.578 2.670 2.731 2.808 2.909 3.044 3.120 3.179 3.179 3.142 3.101 3.040 2.865 2.850 4.937 
8.200 60.000 1.330 1.458 1.634 1.727 1.843 2.001 2.107 2.245 2.336 2.458 2.526 2.616 2.676 2.751 2.849 2.978 3.052 3.106 3.104 3.067 3.026 2.965 2.793 2.778 4.890 
8.200 70.000 1.317 1.445 1.620 1.713 1.829 1.986 2.092 2.229 2.319 2.439 2.504 2.591 2.649 2.720 2.814 2.935 3.002 3.050 3.046 3.007 2.966 2.906 2.741 2.727 4.854 
8.200 80.000 1.309 1.436 1.611 1.704 1.820 1.977 2.082 2.218 2.307 2.426 2.490 2.575 2.630 2.699 2.789 2.903 2.966 3.009 3.003 2.963 2.922 2.863 2.701 2.687 4.826 
8.200 90.000 1.300 1.427 1.601 1.694 1.810 1.967 2.071 2.207 2.295 2.412 2.476 2.558 2.612 2.679 2.765 2.874 2.933 2.971 2.963 2.922 2.881 2.823 2.664 2.651 4.799 
8.200 100.000 1.292 1.419 1.593 1.686 1.801 1.958 2.062 2.198 2.285 2.401 2.463 2.544 2.596 2.661 2.743 2.846 2.902 2.935 2.926 2.884 2.843 2.785 2.630 2.617 4.775 
8.200 110.000 1.282 1.409 1.583 1.675 1.791 1.947 2.051 2.186 2.273 2.387 2.448 2.526 2.577 2.640 2.718 2.817 2.868 2.897 2.886 2.844 2.803 2.745 2.594 2.581 4.755 
8.200 120.000 1.273 1.400 1.574 1.666 1.781 1.937 2.041 2.175 2.262 2.374 2.434 2.511 2.560 2.620 2.695 2.788 2.835 2.861 2.848 2.805 2.765 2.708 2.560 2.548 4.735 
8.200 130.000 1.259 1.386 1.560 1.652 1.767 1.923 2.026 2.160 2.246 2.357 2.415 2.490 2.538 2.595 2.667 2.755 2.799 2.821 2.807 2.764 2.724 2.668 2.524 2.513 4.720 
8.200 140.000 1.244 1.371 1.544 1.637 1.752 1.907 2.011 2.144 2.229 2.338 2.396 2.469 2.515 2.570 2.639 2.722 2.763 2.781 2.767 2.723 2.684 2.629 2.489 2.478 4.706 
8.200 150.000 1.234 1.361 1.534 1.626 1.741 1.896 1.999 2.132 2.216 2.323 2.379 2.449 2.493 2.546 2.610 2.687 2.724 2.738 2.723 2.680 2.641 2.588 2.454 2.444 4.694 
8.200 175.000 1.195 1.321 1.495 1.586 1.701 1.856 1.959 2.090 2.172 2.276 2.329 2.395 2.435 2.483 2.540 2.605 2.635 2.642 2.626 2.583 2.547 2.496 2.372 2.362 4.661 
8.200 200.000 1.163 1.289 1.463 1.555 1.669 1.824 1.926 2.055 2.136 2.237 2.287 2.347 2.384 2.426 2.475 2.529 2.552 2.553 2.536 2.494 2.459 2.412 2.297 2.289 4.629 
8.200 250.000 1.110 1.237 1.411 1.502 1.617 1.771 1.871 1.998 2.075 2.166 2.210 2.259 2.287 2.318 2.351 2.383 2.394 2.388 2.371 2.334 2.304 2.265 2.172 2.165 4.579 
8.200 300.000 1.058 1.184 1.359 1.451 1.566 1.719 1.819 1.942 2.016 2.100 2.137 2.177 2.198 2.219 2.239 2.254 2.256 2.245 2.229 2.198 2.173 2.140 2.064 2.058 4.529 
8.200 350.000 1.016 1.143 1.319 1.411 1.526 1.679 1.777 1.897 1.967 2.043 2.073 2.103 2.116 2.127 2.135 2.134 2.129 2.116 2.103 2.078 2.058 2.031 1.971 1.967 4.489 
8.200 400.000 0.979 1.107 1.284 1.377 1.491 1.643 1.741 1.858 1.923 1.990 2.014 2.033 2.039 2.041 2.036 2.022 2.012 1.999 1.989 1.971 1.956 1.935 1.888 1.885 4.450 
8.200 450.000 0.943 1.073 1.250 1.344 1.459 1.610 1.706 1.820 1.881 1.938 1.956 1.965 1.964 1.957 1.941 1.916 1.902 1.890 1.883 1.871 1.860 1.845 1.808 1.806 4.413 
8.200 500.000 0.908 1.039 1.218 1.312 1.428 1.579 1.673 1.783 1.840 1.888 1.899 1.898 1.890 1.875 1.850 1.815 1.799 1.790 1.787 1.781 1.774 1.763 1.735 1.733 4.377 
8.200 600.000 0.856 0.989 1.171 1.266 1.382 1.531 1.621 1.721 1.767 1.793 1.789 1.767 1.746 1.714 1.672 1.624 1.608 1.608 1.615 1.621 1.622 1.619 1.607 1.606 4.304 
8.200 700.000 0.789 0.926 1.112 1.208 1.324 1.472 1.559 1.650 1.687 1.695 1.679 1.640 1.608 1.565 1.512 1.457 1.443 1.452 1.465 1.479 1.485 1.488 1.483 1.483 4.241 
8.200 800.000 0.753 0.894 1.083 1.179 1.296 1.439 1.522 1.600 1.623 1.607 1.576 1.517 1.474 1.419 1.355 1.298 1.288 1.309 1.329 1.353 1.363 1.370 1.373 1.372 4.179 
8.200 1000.000 0.660 0.809 1.006 1.105 1.221 1.359 1.431 1.485 1.485 1.428 1.372 1.283 1.224 1.154 1.079 1.023 1.023 1.061 1.090 1.123 1.138 1.149 1.157 1.157 4.082 
8.200 1200.000 0.573 0.731 0.938 1.039 1.156 1.286 1.347 1.377 1.353 1.257 1.179 1.066 0.994 0.914 0.834 0.783 0.789 0.839 0.872 0.909 0.925 0.938 0.948 0.948 3.967 
8.200 1500.000 0.456 0.631 0.853 0.958 1.073 1.190 1.230 1.218 1.155 1.001 0.894 0.750 0.665 0.574 0.492 0.449 0.465 0.525 0.561 0.600 0.617 0.629 0.639 0.639 3.814 
