NCOLS    74
NROWS    75
XLLCORNER    280.860
YLLCORNER      3.395
CELLSIZE      0.099
NODATA_VALUE  0.000
     0.000     0.000     0.000     0.000     0.000     0.000     0.000     0.000     0.000     0.000
     0.000     0.000     0.000     0.000     0.000     0.000     0.000     0.000     0.000     0.000
     0.000     0.000     0.000     0.000     0.000     0.000     0.000     0.000     0.000     0.000
     0.000     0.000     0.000     0.000     0.000     0.000     0.000     0.000     0.000     0.000
     0.000     0.000     0.000     0.000     0.000     0.000     0.000     0.000     0.000     0.000
     0.000     0.000     0.000     0.000     0.000     0.000     0.000     0.000     0.000     0.000
     0.000     0.000     0.000     0.000     0.000     0.000     0.000     0.000     0.000     0.000
     0.000     0.000     0.000     0.000

     0.000     0.000     0.000     0.000     0.000     0.000     0.000     0.000     0.000     0.000
     0.000     0.000     0.000     0.000     0.000     0.000     0.000     0.000     0.000     0.000
     0.000     0.000     0.000     0.000     0.000     0.000     0.000     0.000     0.000     0.000
     0.000     0.000     0.000     0.000     0.000     0.000     0.000     0.000     0.000     0.000
     0.000     0.000     0.000     0.000     0.000     0.000     0.000     0.000     0.000     0.000
     0.000     0.000     0.000     0.000     0.000     0.000     0.000     0.000     0.000     0.000
     0.000     0.000     0.000     0.000     0.000     0.000     0.000     0.000     0.000     0.000
     0.000     0.000     0.000     0.000

     0.000     0.000     0.000     0.000     0.000     0.000     0.000     0.000     0.000     0.000
     0.000     0.000     0.000     0.000     0.000     0.000     0.000     0.000     0.000     0.000
     0.000     0.000     0.000     0.000     0.000     0.000     0.000     0.000     0.000     0.000
     0.000     0.000     0.000     0.000     0.000     0.000     0.000     0.000     0.000     0.000
     0.000     0.000     0.000     0.000     0.000     0.000     0.000     0.000     0.000     0.000
     0.000     0.000     0.000     0.000     0.000     0.000     0.000     0.000     0.000     0.000
     0.000     0.000     0.000     0.000     0.000     0.000     0.000     0.000     0.000     0.000
     0.000     0.000     0.000     0.000

     0.000     0.000     0.000     0.000     0.000     0.000     0.000     0.000     0.000     0.000
     0.000     0.000     0.000     0.000     0.000     0.000     0.000     0.000     0.000     0.000
     0.000     0.000     0.000     0.000     0.000     0.000     0.000     0.000     0.000     0.000
     0.000     0.000     0.000     0.000     0.000     0.000     0.000     0.000     0.000     0.000
     0.000     0.000     0.000     0.000     0.000     0.000     0.000     0.000     0.000     0.000
     0.000     0.000     0.000     0.000     0.000     0.000     0.000     0.000     0.000     0.000
     0.000     0.000     0.000     0.000     0.000     0.000     0.000     0.000     0.000     0.000
     0.000     0.000     0.000     0.000

     0.000     0.000     0.000     0.000     0.000     0.000     0.000     0.000     0.000     0.000
     0.000     0.000     0.000     0.000     0.000     0.000     0.000     0.000     0.000     0.000
     0.000     0.000     0.000     0.000     0.000     0.000     0.001     0.001     0.001     0.001
     0.000     0.000     0.000     0.000     0.000     0.000     0.000     0.000     0.000     0.000
     0.000     0.000     0.000     0.000     0.000     0.000     0.000     0.000     0.000     0.000
     0.000     0.000     0.000     0.000     0.000     0.000     0.000     0.000     0.000     0.000
     0.000     0.000     0.000     0.000     0.000     0.000     0.000     0.000     0.000     0.000
     0.000     0.000     0.000     0.000

     0.000     0.000     0.000     0.000     0.000     0.000     0.000     0.000     0.000     0.000
     0.000     0.000     0.000     0.000     0.000     0.000     0.000     0.000     0.000     0.000
     0.000     0.000     0.000     0.000     0.001     0.001     0.001     0.001     0.001     0.001
     0.001     0.001     0.001     0.000     0.000     0.000     0.000     0.000     0.000     0.000
     0.000     0.000     0.000     0.000     0.000     0.000     0.000     0.000     0.000     0.000
     0.000     0.000     0.000     0.000     0.000     0.000     0.000     0.000     0.000     0.000
     0.000     0.000     0.000     0.000     0.000     0.000     0.000     0.000     0.000     0.000
     0.000     0.000     0.000     0.000

     0.000     0.000     0.000     0.000     0.000     0.000     0.000     0.000     0.000     0.000
     0.000     0.000     0.000     0.000     0.000     0.000     0.000     0.000     0.000     0.000
     0.000     0.000     0.000     0.001     0.001     0.001     0.001     0.002     0.002     0.002
     0.002     0.002     0.001     0.001     0.001     0.000     0.000     0.000     0.000     0.000
     0.000     0.000     0.000     0.000     0.000     0.000     0.000     0.000     0.000     0.000
     0.000     0.000     0.000     0.000     0.000     0.000     0.000     0.000     0.000     0.000
     0.000     0.000     0.000     0.000     0.000     0.000     0.000     0.000     0.000     0.000
     0.000     0.000     0.000     0.000

     0.000     0.000     0.000     0.000     0.000     0.000     0.000     0.000     0.000     0.000
     0.000     0.000     0.000     0.000     0.000     0.000     0.000     0.000     0.000     0.000
     0.000     0.000     0.000     0.001     0.001     0.002     0.002     0.002     0.003     0.003
     0.003     0.002     0.002     0.002     0.001     0.001     0.001     0.000     0.000     0.000
     0.000     0.000     0.000     0.000     0.000     0.000     0.000     0.000     0.000     0.000
     0.000     0.000     0.000     0.000     0.000     0.000     0.000     0.000     0.000     0.000
     0.000     0.000     0.000     0.000     0.000     0.000     0.000     0.000     0.000     0.000
     0.000     0.000     0.000     0.000

     0.000     0.000     0.000     0.000     0.000     0.000     0.000     0.000     0.000     0.000
     0.000     0.000     0.000     0.000     0.000     0.000     0.000     0.000     0.000     0.000
     0.000     0.000     0.001     0.001     0.001     0.002     0.003     0.003     0.003     0.004
     0.004     0.003     0.003     0.002     0.002     0.002     0.001     0.001     0.000     0.000
     0.000     0.000     0.000     0.000     0.000     0.000     0.000     0.000     0.000     0.000
     0.000     0.000     0.000     0.000     0.000     0.000     0.000     0.000     0.000     0.000
     0.000     0.000     0.000     0.000     0.000     0.000     0.000     0.000     0.000     0.000
     0.000     0.000     0.000     0.000

     0.000     0.000     0.000     0.000     0.000     0.000     0.000     0.000     0.000     0.000
     0.000     0.000     0.000     0.000     0.000     0.000     0.000     0.000     0.000     0.000
     0.000     0.000     0.001     0.001     0.002     0.003     0.003     0.004     0.004     0.005
     0.005     0.004     0.004     0.003     0.003     0.002     0.002     0.001     0.001     0.001
     0.000     0.000     0.000     0.000     0.000     0.000     0.000     0.000     0.000     0.000
     0.000     0.000     0.000     0.000     0.000     0.000     0.000     0.000     0.000     0.000
     0.000     0.000     0.000     0.000     0.000     0.000     0.000     0.000     0.000     0.000
     0.000     0.000     0.000     0.000

     0.000     0.000     0.000     0.000     0.000     0.000     0.000     0.000     0.000     0.000
     0.000     0.000     0.000     0.000     0.000     0.000     0.000     0.000     0.000     0.000
     0.000     0.001     0.001     0.002     0.002     0.003     0.004     0.005     0.005     0.006
     0.006     0.005     0.005     0.004     0.003     0.003     0.002     0.002     0.001     0.001
     0.001     0.000     0.000     0.000     0.000     0.000     0.000     0.000     0.000     0.000
     0.000     0.000     0.000     0.000     0.000     0.000     0.000     0.000     0.000     0.000
     0.000     0.000     0.000     0.000     0.000     0.000     0.000     0.000     0.000     0.000
     0.000     0.000     0.000     0.000

     0.000     0.000     0.000     0.000     0.000     0.000     0.000     0.000     0.000     0.000
     0.000     0.000     0.000     0.000     0.000     0.000     0.000     0.000     0.000     0.000
     0.000     0.001     0.001     0.002     0.003     0.004     0.005     0.006     0.006     0.007
     0.007     0.006     0.006     0.005     0.004     0.003     0.003     0.002     0.002     0.001
     0.001     0.001     0.000     0.000     0.000     0.000     0.000     0.000     0.000     0.000
     0.000     0.000     0.000     0.000     0.000     0.000     0.000     0.000     0.000     0.000
     0.000     0.000     0.000     0.000     0.000     0.000     0.000     0.000     0.000     0.000
     0.000     0.000     0.000     0.000

     0.000     0.000     0.000     0.000     0.000     0.000     0.000     0.000     0.000     0.000
     0.000     0.000     0.000     0.000     0.000     0.000     0.000     0.000     0.000     0.000
     0.000     0.001     0.002     0.002     0.004     0.005     0.006     0.007     0.007     0.008
     0.008     0.007     0.007     0.006     0.005     0.004     0.003     0.003     0.002     0.002
     0.001     0.001     0.001     0.000     0.000     0.000     0.000     0.000     0.000     0.000
     0.000     0.000     0.000     0.000     0.000     0.000     0.000     0.000     0.000     0.000
     0.000     0.000     0.000     0.000     0.000     0.000     0.000     0.000     0.000     0.000
     0.000     0.000     0.000     0.000

     0.000     0.000     0.000     0.000     0.000     0.000     0.000     0.000     0.000     0.000
     0.000     0.000     0.000     0.000     0.000     0.000     0.000     0.000     0.000     0.000
     0.001     0.001     0.002     0.003     0.004     0.006     0.007     0.008     0.009     0.009
     0.009     0.008     0.008     0.006     0.005     0.005     0.004     0.003     0.003     0.002
     0.001     0.001     0.001     0.000     0.000     0.000     0.000     0.000     0.000     0.000
     0.000     0.000     0.000     0.000     0.000     0.000     0.000     0.000     0.000     0.000
     0.000     0.000     0.000     0.000     0.000     0.000     0.000     0.000     0.000     0.000
     0.000     0.000     0.000     0.000

     0.000     0.000     0.000     0.000     0.000     0.000     0.000     0.000     0.000     0.000
     0.000     0.000     0.000     0.000     0.000     0.000     0.000     0.000     0.000     0.000
     0.001     0.002     0.003     0.004     0.005     0.007     0.008     0.009     0.010     0.010
     0.010     0.009     0.009     0.008     0.007     0.006     0.005     0.004     0.003     0.002
     0.002     0.001     0.001     0.001     0.000     0.000     0.000     0.000     0.000     0.000
     0.000     0.000     0.000     0.000     0.000     0.000     0.000     0.000     0.000     0.000
     0.000     0.000     0.000     0.000     0.000     0.000     0.000     0.000     0.000     0.000
     0.000     0.000     0.000     0.000

     0.000     0.000     0.000     0.000     0.000     0.000     0.000     0.000     0.000     0.000
     0.000     0.000     0.000     0.000     0.000     0.000     0.000     0.000     0.000     0.001
     0.001     0.002     0.003     0.005     0.007     0.008     0.010     0.011     0.011     0.011
     0.011     0.010     0.010     0.009     0.008     0.007     0.006     0.004     0.004     0.003
     0.002     0.001     0.001     0.001     0.000     0.000     0.000     0.000     0.000     0.000
     0.000     0.000     0.000     0.000     0.000     0.000     0.000     0.000     0.000     0.000
     0.000     0.000     0.000     0.000     0.000     0.000     0.000     0.000     0.000     0.000
     0.000     0.000     0.000     0.000

     0.000     0.000     0.000     0.000     0.000     0.000     0.000     0.000     0.000     0.000
     0.000     0.000     0.000     0.000     0.000     0.000     0.000     0.000     0.000     0.001
     0.001     0.002     0.004     0.006     0.008     0.011     0.012     0.013     0.014     0.013
     0.013     0.012     0.012     0.010     0.009     0.008     0.007     0.005     0.004     0.003
     0.002     0.002     0.001     0.001     0.000     0.000     0.000     0.000     0.000     0.000
     0.000     0.000     0.000     0.000     0.000     0.000     0.000     0.000     0.000     0.000
     0.000     0.000     0.000     0.000     0.000     0.000     0.000     0.000     0.000     0.000
     0.000     0.000     0.000     0.000

     0.000     0.000     0.000     0.000     0.000     0.000     0.000     0.000     0.000     0.000
     0.000     0.000     0.000     0.000     0.000     0.000     0.000     0.000     0.000     0.001
     0.001     0.003     0.005     0.008     0.010     0.013     0.015     0.016     0.016     0.016
     0.015     0.015     0.014     0.013     0.011     0.009     0.008     0.006     0.005     0.004
     0.003     0.002     0.001     0.001     0.000     0.000     0.000     0.000     0.000     0.000
     0.000     0.000     0.000     0.000     0.000     0.000     0.000     0.000     0.000     0.000
     0.000     0.000     0.000     0.000     0.000     0.000     0.000     0.000     0.000     0.000
     0.000     0.000     0.000     0.000

     0.000     0.000     0.000     0.000     0.000     0.000     0.000     0.000     0.000     0.000
     0.000     0.000     0.000     0.000     0.000     0.000     0.000     0.000     0.000     0.001
     0.001     0.003     0.006     0.009     0.013     0.016     0.018     0.020     0.020     0.020
     0.019     0.019     0.018     0.016     0.013     0.011     0.009     0.007     0.006     0.004
     0.003     0.002     0.002     0.001     0.001     0.000     0.000     0.000     0.000     0.000
     0.000     0.000     0.000     0.000     0.000     0.000     0.000     0.000     0.000     0.000
     0.000     0.000     0.000     0.000     0.000     0.000     0.000     0.000     0.000     0.000
     0.000     0.000     0.000     0.000

     0.000     0.000     0.000     0.000     0.000     0.000     0.000     0.000     0.000     0.000
     0.000     0.000     0.000     0.000     0.000     0.000     0.000     0.000     0.000     0.001
     0.002     0.003     0.007     0.011     0.016     0.020     0.022     0.024     0.025     0.024
     0.025     0.025     0.022     0.019     0.016     0.013     0.010     0.008     0.006     0.005
     0.003     0.002     0.002     0.001     0.001     0.000     0.000     0.000     0.000     0.000
     0.000     0.000     0.000     0.000     0.000     0.000     0.000     0.000     0.000     0.000
     0.000     0.000     0.000     0.000     0.000     0.000     0.000     0.000     0.000     0.000
     0.000     0.000     0.000     0.000

     0.000     0.000     0.000     0.000     0.000     0.000     0.000     0.000     0.000     0.000
     0.000     0.000     0.000     0.000     0.000     0.000     0.000     0.000     0.000     0.001
     0.002     0.004     0.007     0.013     0.019     0.024     0.028     0.030     0.031     0.031
     0.032     0.030     0.026     0.022     0.018     0.014     0.010     0.008     0.006     0.004
     0.003     0.002     0.002     0.001     0.001     0.000     0.000     0.000     0.000     0.000
     0.000     0.000     0.000     0.000     0.000     0.000     0.000     0.000     0.000     0.000
     0.000     0.000     0.000     0.000     0.000     0.000     0.000     0.000     0.000     0.000
     0.000     0.000     0.000     0.000

     0.000     0.000     0.000     0.000     0.000     0.000     0.000     0.000     0.000     0.000
     0.000     0.000     0.000     0.000     0.000     0.000     0.000     0.000     0.000     0.001
     0.002     0.004     0.009     0.015     0.023     0.030     0.035     0.038     0.040     0.041
     0.041     0.037     0.031     0.025     0.019     0.015     0.011     0.008     0.006     0.004
     0.003     0.002     0.001     0.001     0.001     0.000     0.000     0.000     0.000     0.000
     0.000     0.000     0.000     0.000     0.000     0.000     0.000     0.000     0.000     0.000
     0.000     0.000     0.000     0.000     0.000     0.000     0.000     0.000     0.000     0.000
     0.000     0.000     0.000     0.000

     0.000     0.000     0.000     0.000     0.000     0.000     0.000     0.000     0.000     0.000
     0.000     0.000     0.000     0.000     0.000     0.000     0.000     0.000     0.000     0.001
     0.002     0.005     0.010     0.019     0.029     0.039     0.046     0.051     0.054     0.054
     0.053     0.046     0.036     0.028     0.022     0.016     0.011     0.008     0.006     0.004
     0.003     0.002     0.002     0.001     0.001     0.000     0.000     0.000     0.000     0.000
     0.000     0.000     0.000     0.000     0.000     0.000     0.000     0.000     0.000     0.000
     0.000     0.000     0.000     0.000     0.000     0.000     0.000     0.000     0.000     0.000
     0.000     0.000     0.000     0.000

     0.000     0.000     0.000     0.000     0.000     0.000     0.000     0.000     0.000     0.000
     0.000     0.000     0.000     0.000     0.000     0.000     0.000     0.000     0.000     0.001
     0.002     0.006     0.013     0.023     0.036     0.049     0.059     0.067     0.072     0.071
     0.066     0.054     0.041     0.031     0.023     0.017     0.012     0.009     0.006     0.005
     0.003     0.002     0.002     0.001     0.001     0.000     0.000     0.000     0.000     0.000
     0.000     0.000     0.000     0.000     0.000     0.000     0.000     0.000     0.000     0.000
     0.000     0.000     0.000     0.000     0.000     0.000     0.000     0.000     0.000     0.000
     0.000     0.000     0.000     0.000

     0.000     0.000     0.000     0.000     0.000     0.000     0.000     0.000     0.000     0.000
     0.000     0.000     0.000     0.000     0.000     0.000     0.000     0.000     0.000     0.001
     0.002     0.007     0.015     0.028     0.044     0.061     0.077     0.089     0.095     0.091
     0.080     0.062     0.045     0.034     0.025     0.018     0.013     0.009     0.007     0.005
     0.003     0.002     0.002     0.001     0.001     0.001     0.000     0.000     0.000     0.000
     0.000     0.000     0.000     0.000     0.000     0.000     0.000     0.000     0.000     0.000
     0.000     0.000     0.000     0.000     0.000     0.000     0.000     0.000     0.000     0.000
     0.000     0.000     0.000     0.000

     0.000     0.000     0.000     0.000     0.000     0.000     0.000     0.000     0.000     0.000
     0.000     0.000     0.000     0.000     0.000     0.000     0.000     0.000     0.000     0.001
     0.003     0.008     0.018     0.033     0.053     0.075     0.098     0.116     0.123     0.116
     0.096     0.070     0.049     0.036     0.026     0.019     0.014     0.010     0.007     0.005
     0.004     0.002     0.002     0.001     0.001     0.001     0.000     0.000     0.000     0.000
     0.000     0.000     0.000     0.000     0.000     0.000     0.000     0.000     0.000     0.000
     0.000     0.000     0.000     0.000     0.000     0.000     0.000     0.000     0.000     0.000
     0.000     0.000     0.000     0.000

     0.000     0.000     0.000     0.000     0.000     0.000     0.000     0.000     0.000     0.000
     0.000     0.000     0.000     0.000     0.000     0.000     0.000     0.000     0.000     0.001
     0.003     0.009     0.021     0.039     0.063     0.092     0.125     0.150     0.159     0.143
     0.112     0.078     0.054     0.039     0.028     0.021     0.015     0.011     0.008     0.006
     0.004     0.003     0.002     0.001     0.001     0.001     0.000     0.000     0.000     0.000
     0.000     0.000     0.000     0.000     0.000     0.000     0.000     0.000     0.000     0.000
     0.000     0.000     0.000     0.000     0.000     0.000     0.000     0.000     0.000     0.000
     0.000     0.000     0.000     0.000

     0.000     0.000     0.000     0.000     0.000     0.000     0.000     0.000     0.000     0.000
     0.000     0.000     0.000     0.000     0.000     0.000     0.000     0.000     0.000     0.001
     0.004     0.012     0.025     0.046     0.075     0.111     0.153     0.187     0.198     0.171
     0.129     0.088     0.061     0.043     0.031     0.022     0.016     0.012     0.009     0.006
     0.004     0.003     0.002     0.001     0.001     0.001     0.001     0.000     0.000     0.000
     0.000     0.000     0.000     0.000     0.000     0.000     0.000     0.000     0.000     0.000
     0.000     0.000     0.000     0.000     0.000     0.000     0.000     0.000     0.000     0.000
     0.000     0.000     0.000     0.000

     0.000     0.000     0.000     0.000     0.000     0.000     0.000     0.000     0.000     0.000
     0.000     0.000     0.000     0.000     0.000     0.000     0.000     0.000     0.000     0.001
     0.005     0.015     0.031     0.056     0.091     0.134     0.187     0.232     0.244     0.207
     0.155     0.106     0.069     0.049     0.034     0.024     0.018     0.013     0.009     0.007
     0.005     0.003     0.002     0.002     0.001     0.001     0.001     0.000     0.000     0.000
     0.000     0.000     0.000     0.000     0.000     0.000     0.000     0.000     0.000     0.000
     0.000     0.000     0.000     0.000     0.000     0.000     0.000     0.000     0.000     0.000
     0.000     0.000     0.000     0.000

     0.000     0.000     0.000     0.000     0.000     0.000     0.000     0.000     0.000     0.000
     0.000     0.000     0.000     0.000     0.000     0.000     0.000     0.000     0.000     0.002
     0.008     0.019     0.039     0.069     0.110     0.161     0.227     0.286     0.303     0.257
     0.192     0.129     0.081     0.055     0.038     0.026     0.018     0.013     0.010     0.007
     0.005     0.004     0.003     0.002     0.001     0.001     0.001     0.000     0.000     0.000
     0.000     0.000     0.000     0.000     0.000     0.000     0.000     0.000     0.000     0.000
     0.000     0.000     0.000     0.000     0.000     0.000     0.000     0.000     0.000     0.000
     0.000     0.000     0.000     0.000

     0.000     0.000     0.000     0.000     0.000     0.000     0.000     0.000     0.000     0.000
     0.000     0.000     0.000     0.000     0.000     0.000     0.000     0.000     0.000     0.003
     0.011     0.026     0.049     0.084     0.132     0.191     0.272     0.353     0.377     0.324
     0.241     0.159     0.097     0.064     0.042     0.028     0.019     0.013     0.010     0.007
     0.006     0.004     0.003     0.002     0.002     0.001     0.001     0.000     0.000     0.000
     0.000     0.000     0.000     0.000     0.000     0.000     0.000     0.000     0.000     0.000
     0.000     0.000     0.000     0.000     0.000     0.000     0.000     0.000     0.000     0.000
     0.000     0.000     0.000     0.000

     0.000     0.000     0.000     0.000     0.000     0.000     0.000     0.000     0.000     0.000
     0.000     0.000     0.000     0.000     0.000     0.000     0.000     0.000     0.001     0.005
     0.014     0.033     0.061     0.102     0.156     0.224     0.321     0.432     0.467     0.408
     0.304     0.201     0.120     0.075     0.048     0.031     0.020     0.014     0.011     0.008
     0.006     0.004     0.003     0.002     0.002     0.001     0.001     0.000     0.000     0.000
     0.000     0.000     0.000     0.000     0.000     0.000     0.000     0.000     0.000     0.000
     0.000     0.000     0.000     0.000     0.000     0.000     0.000     0.000     0.000     0.000
     0.000     0.000     0.000     0.000

     0.000     0.000     0.000     0.000     0.000     0.000     0.000     0.000     0.000     0.000
     0.000     0.000     0.000     0.000     0.000     0.000     0.000     0.000     0.001     0.007
     0.019     0.042     0.075     0.122     0.182     0.259     0.375     0.527     0.583     0.523
     0.393     0.262     0.155     0.094     0.058     0.036     0.022     0.016     0.012     0.009
     0.007     0.005     0.004     0.003     0.002     0.001     0.001     0.001     0.000     0.000
     0.000     0.000     0.000     0.000     0.000     0.000     0.000     0.000     0.000     0.000
     0.000     0.000     0.000     0.000     0.000     0.000     0.000     0.000     0.000     0.000
     0.000     0.000     0.000     0.000

     0.000     0.000     0.000     0.000     0.000     0.000     0.000     0.000     0.000     0.000
     0.000     0.000     0.000     0.000     0.000     0.000     0.000     0.000     0.003     0.010
     0.025     0.052     0.089     0.140     0.207     0.293     0.431     0.633     0.719     0.668
     0.498     0.339     0.205     0.120     0.072     0.042     0.026     0.018     0.014     0.011
     0.008     0.006     0.004     0.003     0.002     0.001     0.001     0.001     0.000     0.000
     0.000     0.000     0.000     0.000     0.000     0.000     0.000     0.000     0.000     0.000
     0.000     0.000     0.000     0.000     0.000     0.000     0.000     0.000     0.000     0.000
     0.000     0.000     0.000     0.000

     0.000     0.000     0.000     0.000     0.000     0.000     0.000     0.000     0.000     0.000
     0.000     0.000     0.000     0.000     0.000     0.000     0.000     0.001     0.004     0.014
     0.031     0.061     0.101     0.155     0.227     0.323     0.482     0.736     0.849     0.802
     0.605     0.432     0.271     0.157     0.091     0.051     0.030     0.021     0.016     0.012
     0.010     0.007     0.005     0.003     0.002     0.002     0.001     0.001     0.000     0.000
     0.000     0.000     0.000     0.000     0.000     0.000     0.000     0.000     0.000     0.000
     0.000     0.000     0.000     0.000     0.000     0.000     0.000     0.000     0.000     0.000
     0.000     0.000     0.000     0.000

     0.000     0.000     0.000     0.000     0.000     0.000     0.000     0.000     0.000     0.000
     0.000     0.000     0.000     0.000     0.000     0.000     0.000     0.002     0.007     0.018
     0.038     0.068     0.108     0.165     0.244     0.359     0.556     0.856     0.978     0.952
     0.760     0.574     0.372     0.214     0.120     0.065     0.036     0.025     0.019     0.014
     0.011     0.008     0.006     0.004     0.003     0.002     0.001     0.001     0.000     0.000
     0.000     0.000     0.000     0.000     0.000     0.000     0.000     0.000     0.000     0.000
     0.000     0.000     0.000     0.000     0.000     0.000     0.000     0.000     0.000     0.000
     0.000     0.000     0.000     0.000

     0.000     0.000     0.000     0.000     0.000     0.000     0.000     0.000     0.000     0.000
     0.000     0.000     0.000     0.000     0.000     0.000     0.001     0.003     0.010     0.023
     0.044     0.073     0.111     0.170     0.262     0.410     0.661     1.019     1.175     1.178
     1.001     0.784     0.524     0.297     0.161     0.084     0.045     0.030     0.023     0.017
     0.013     0.009     0.006     0.004     0.003     0.002     0.001     0.001     0.000     0.000
     0.000     0.000     0.000     0.000     0.000     0.000     0.000     0.000     0.000     0.000
     0.000     0.000     0.000     0.000     0.000     0.000     0.000     0.000     0.000     0.000
     0.000     0.000     0.000     0.000

     0.000     0.000     0.000     0.000     0.000     0.000     0.000     0.000     0.000     0.000
     0.000     0.000     0.000     0.000     0.000     0.000     0.002     0.005     0.014     0.027
     0.047     0.075     0.112     0.174     0.284     0.474     0.790     1.213     1.423     1.451
     1.308     1.058     0.729     0.406     0.209     0.104     0.054     0.035     0.026     0.019
     0.015     0.011     0.007     0.005     0.003     0.002     0.001     0.001     0.000     0.000
     0.000     0.000     0.000     0.000     0.000     0.000     0.000     0.000     0.000     0.000
     0.000     0.000     0.000     0.000     0.000     0.000     0.000     0.000     0.000     0.000
     0.000     0.000     0.000     0.000

     0.000     0.000     0.000     0.000     0.000     0.000     0.000     0.000     0.000     0.000
     0.000     0.000     0.000     0.000     0.000     0.001     0.003     0.008     0.017     0.030
     0.048     0.075     0.113     0.180     0.310     0.545     0.932     1.421     1.711     1.790
     1.678     1.410     1.001     0.545     0.263     0.124     0.062     0.039     0.030     0.022
     0.017     0.012     0.008     0.005     0.003     0.002     0.001     0.001     0.000     0.000
     0.000     0.000     0.000     0.000     0.000     0.000     0.000     0.000     0.000     0.000
     0.000     0.000     0.000     0.000     0.000     0.000     0.000     0.000     0.000     0.000
     0.000     0.000     0.000     0.000

     0.000     0.000     0.000     0.000     0.000     0.000     0.000     0.000     0.000     0.000
     0.000     0.000     0.000     0.000     0.000     0.001     0.004     0.010     0.019     0.031
     0.049     0.077     0.120     0.197     0.349     0.634     1.097     1.644     2.029     2.182
     2.082     1.852     1.356     0.716     0.322     0.143     0.070     0.044     0.033     0.024
     0.019     0.014     0.009     0.006     0.004     0.002     0.001     0.001     0.000     0.000
     0.000     0.000     0.000     0.000     0.000     0.000     0.000     0.000     0.000     0.000
     0.000     0.000     0.000     0.000     0.000     0.000     0.000     0.000     0.000     0.000
     0.000     0.000     0.000     0.000

     0.000     0.000     0.000     0.000     0.000     0.000     0.000     0.000     0.000     0.000
     0.000     0.000     0.000     0.000     0.001     0.002     0.006     0.011     0.018     0.029
     0.047     0.077     0.125     0.215     0.391     0.720     1.224     1.786     2.253     2.507
     2.452     2.318     1.784     0.946     0.415     0.171     0.081     0.050     0.037     0.028
     0.021     0.015     0.010     0.006     0.004     0.002     0.001     0.001     0.000     0.000
     0.000     0.000     0.000     0.000     0.000     0.000     0.000     0.000     0.000     0.000
     0.000     0.000     0.000     0.000     0.000     0.000     0.000     0.000     0.000     0.000
     0.000     0.000     0.000     0.000

     0.000     0.000     0.000     0.000     0.000     0.000     0.000     0.000     0.000     0.000
     0.000     0.000     0.000     0.000     0.001     0.003     0.006     0.010     0.016     0.025
     0.041     0.069     0.121     0.222     0.419     0.774     1.295     1.892     2.460     2.844
     2.898     2.835     2.224     1.203     0.551     0.227     0.104     0.062     0.044     0.032
     0.023     0.016     0.010     0.007     0.004     0.002     0.001     0.001     0.000     0.000
     0.000     0.000     0.000     0.000     0.000     0.000     0.000     0.000     0.000     0.000
     0.000     0.000     0.000     0.000     0.000     0.000     0.000     0.000     0.000     0.000
     0.000     0.000     0.000     0.000

     0.000     0.000     0.000     0.000     0.000     0.000     0.000     0.000     0.000     0.000
     0.000     0.000     0.000     0.000     0.001     0.003     0.005     0.009     0.014     0.022
     0.037     0.065     0.122     0.231     0.445     0.833     1.396     2.067     2.778     3.334
     3.551     3.553     2.822     1.592     0.749     0.320     0.142     0.079     0.052     0.036
     0.024     0.016     0.010     0.007     0.004     0.002     0.001     0.001     0.000     0.000
     0.000     0.000     0.000     0.000     0.000     0.000     0.000     0.000     0.000     0.000
     0.000     0.000     0.000     0.000     0.000     0.000     0.000     0.000     0.000     0.000
     0.000     0.000     0.000     0.000

     0.000     0.000     0.000     0.000     0.000     0.000     0.000     0.000     0.000     0.000
     0.000     0.000     0.000     0.000     0.001     0.003     0.005     0.008     0.013     0.021
     0.036     0.065     0.124     0.245     0.481     0.909     1.523     2.282     3.168     3.955
     4.394     4.501     3.682     2.173     1.041     0.460     0.196     0.099     0.058     0.037
     0.024     0.015     0.010     0.006     0.004     0.002     0.001     0.001     0.000     0.000
     0.000     0.000     0.000     0.000     0.000     0.000     0.000     0.000     0.000     0.000
     0.000     0.000     0.000     0.000     0.000     0.000     0.000     0.000     0.000     0.000
     0.000     0.000     0.000     0.000

     0.000     0.000     0.000     0.000     0.000     0.000     0.000     0.000     0.000     0.000
     0.000     0.000     0.000     0.001     0.001     0.003     0.005     0.008     0.013     0.021
     0.036     0.064     0.125     0.256     0.520     0.994     1.670     2.525     3.610     4.702
     5.472     5.754     5.157     3.152     1.499     0.654     0.263     0.118     0.061     0.036
     0.022     0.013     0.008     0.006     0.004     0.002     0.001     0.001     0.000     0.000
     0.000     0.000     0.000     0.000     0.000     0.000     0.000     0.000     0.000     0.000
     0.000     0.000     0.000     0.000     0.000     0.000     0.000     0.000     0.000     0.000
     0.000     0.000     0.000     0.000

     0.000     0.000     0.000     0.000     0.000     0.000     0.000     0.000     0.000     0.000
     0.000     0.000     0.000     0.001     0.001     0.003     0.005     0.008     0.014     0.023
     0.036     0.062     0.123     0.262     0.552     1.070     1.811     2.786     4.096     5.555
     6.777     7.517     7.300     4.716     2.262     0.930     0.337     0.136     0.064     0.033
     0.019     0.011     0.007     0.005     0.003     0.002     0.001     0.001     0.000     0.000
     0.000     0.000     0.000     0.000     0.000     0.000     0.000     0.000     0.000     0.000
     0.000     0.000     0.000     0.000     0.000     0.000     0.000     0.000     0.000     0.000
     0.000     0.000     0.000     0.000

     0.000     0.000     0.000     0.000     0.000     0.000     0.000     0.000     0.000     0.000
     0.000     0.000     0.000     0.001     0.001     0.003     0.005     0.009     0.015     0.023
     0.035     0.059     0.116     0.248     0.531     1.066     1.878     3.014     4.582     6.542
     8.423     9.926    10.228     7.222     3.727     1.384     0.451     0.163     0.069     0.032
     0.017     0.010     0.006     0.004     0.003     0.002     0.001     0.001     0.000     0.000
     0.000     0.000     0.000     0.000     0.000     0.000     0.000     0.000     0.000     0.000
     0.000     0.000     0.000     0.000     0.000     0.000     0.000     0.000     0.000     0.000
     0.000     0.000     0.000     0.000

     0.000     0.000     0.000     0.000     0.000     0.000     0.000     0.000     0.000     0.000
     0.000     0.000     0.000     0.001     0.002     0.003     0.006     0.010     0.016     0.024
     0.034     0.053     0.097     0.193     0.416     0.883     1.713     3.070     5.136     7.811
    10.919    13.840    14.946    12.570     6.999     2.424     0.704     0.218     0.085     0.035
     0.017     0.009     0.006     0.004     0.003     0.002     0.001     0.001     0.000     0.000
     0.000     0.000     0.000     0.000     0.000     0.000     0.000     0.000     0.000     0.000
     0.000     0.000     0.000     0.000     0.000     0.000     0.000     0.000     0.000     0.000
     0.000     0.000     0.000     0.000

     0.000     0.000     0.000     0.000     0.000     0.000     0.000     0.000     0.000     0.000
     0.000     0.000     0.000     0.001     0.002     0.004     0.007     0.011     0.017     0.023
     0.031     0.043     0.071     0.127     0.272     0.614     1.327     2.781     5.146     8.790
    13.376    18.774    23.153    22.354    14.432     5.488     1.357     0.319     0.111     0.043
     0.019     0.010     0.006     0.004     0.003     0.002     0.001     0.001     0.000     0.000
     0.000     0.000     0.000     0.000     0.000     0.000     0.000     0.000     0.000     0.000
     0.000     0.000     0.000     0.000     0.000     0.000     0.000     0.000     0.000     0.000
     0.000     0.000     0.000     0.000

     0.000     0.000     0.000     0.000     0.000     0.000     0.000     0.000     0.000     0.000
     0.000     0.000     0.001     0.001     0.002     0.004     0.008     0.012     0.016     0.021
     0.026     0.035     0.052     0.084     0.178     0.418     0.949     2.196     4.574     8.467
    14.357    22.804    31.506    34.982    28.601    14.269     3.473     0.596     0.155     0.055
     0.023     0.011     0.006     0.004     0.002     0.002     0.001     0.001     0.000     0.000
     0.000     0.000     0.000     0.000     0.000     0.000     0.000     0.000     0.000     0.000
     0.000     0.000     0.000     0.000     0.000     0.000     0.000     0.000     0.000     0.000
     0.000     0.000     0.000     0.000

     0.000     0.000     0.000     0.000     0.000     0.000     0.000     0.000     0.000     0.000
     0.000     0.000     0.001     0.001     0.003     0.005     0.008     0.011     0.015     0.018
     0.021     0.027     0.041     0.062     0.122     0.279     0.648     1.590     3.590     7.363
    13.398    23.233    38.099    50.524    51.624    35.453    12.028     1.914     0.296     0.076
     0.030     0.013     0.006     0.004     0.002     0.001     0.001     0.001     0.000     0.000
     0.000     0.000     0.000     0.000     0.000     0.000     0.000     0.000     0.000     0.000
     0.000     0.000     0.000     0.000     0.000     0.000     0.000     0.000     0.000     0.000
     0.000     0.000     0.000     0.000

     0.000     0.000     0.000     0.000     0.000     0.000     0.000     0.000     0.000     0.000
     0.000     0.000     0.001     0.002     0.003     0.005     0.007     0.010     0.012     0.014
     0.017     0.022     0.034     0.052     0.095     0.202     0.441     1.083     2.548     5.528
    10.918    21.087    39.331    63.563    79.816    72.615    40.165     9.222     1.124     0.113
     0.040     0.016     0.008     0.004     0.002     0.001     0.001     0.000     0.000     0.000
     0.000     0.000     0.000     0.000     0.000     0.000     0.000     0.000     0.000     0.000
     0.000     0.000     0.000     0.000     0.000     0.000     0.000     0.000     0.000     0.000
     0.000     0.000     0.000     0.000

     0.000     0.000     0.000     0.000     0.000     0.000     0.000     0.000     0.000     0.000
     0.000     0.000     0.001     0.002     0.003     0.005     0.007     0.008     0.010     0.011
     0.014     0.019     0.030     0.046     0.082     0.165     0.326     0.728     1.698     3.794
     7.705    16.093    34.454    64.007    98.722   116.753    95.453    42.333     7.515     0.344
     0.051     0.020     0.009     0.004     0.002     0.001     0.001     0.000     0.000     0.000
     0.000     0.000     0.000     0.000     0.000     0.000     0.000     0.000     0.000     0.000
     0.000     0.000     0.000     0.000     0.000     0.000     0.000     0.000     0.000     0.000
     0.000     0.000     0.000     0.000

     0.000     0.000     0.000     0.000     0.000     0.000     0.000     0.000     0.000     0.000
     0.000     0.001     0.001     0.002     0.003     0.004     0.006     0.007     0.008     0.009
     0.012     0.017     0.028     0.044     0.078     0.152     0.278     0.531     1.132     2.479
     5.019    10.851    24.774    51.660    92.651   139.554   169.037   143.493    52.226     2.702
     0.061     0.020     0.009     0.004     0.002     0.001     0.001     0.000     0.000     0.000
     0.000     0.000     0.000     0.000     0.000     0.000     0.000     0.000     0.000     0.000
     0.000     0.000     0.000     0.000     0.000     0.000     0.000     0.000     0.000     0.000
     0.000     0.000     0.000     0.000

     0.000     0.000     0.000     0.000     0.000     0.000     0.000     0.000     0.000     0.000
     0.000     0.001     0.001     0.002     0.002     0.003     0.005     0.006     0.007     0.008
     0.011     0.017     0.028     0.046     0.082     0.154     0.271     0.482     0.913     1.813
     3.466     7.356    17.016    36.113    71.054   130.851   226.846   316.589   248.406    12.244
     0.078     0.017     0.008     0.004     0.002     0.001     0.001     0.000     0.000     0.000
     0.000     0.000     0.000     0.000     0.000     0.000     0.000     0.000     0.000     0.000
     0.000     0.000     0.000     0.000     0.000     0.000     0.000     0.000     0.000     0.000
     0.000     0.000     0.000     0.000

     0.000     0.000     0.000     0.000     0.000     0.000     0.000     0.000     0.000     0.000
     0.000     0.000     0.001     0.001     0.002     0.003     0.004     0.005     0.006     0.007
     0.010     0.016     0.029     0.048     0.088     0.158     0.266     0.458     0.822     1.482
     2.609     5.183    11.388    23.128    48.806   104.864   231.060   584.644  1392.364    26.455
     0.098     0.013     0.006     0.003     0.002     0.001     0.001     0.000     0.000     0.000
     0.000     0.000     0.000     0.000     0.000     0.000     0.000     0.000     0.000     0.000
     0.000     0.000     0.000     0.000     0.000     0.000     0.000     0.000     0.000     0.000
     0.000     0.000     0.000     0.000

     0.000     0.000     0.000     0.000     0.000     0.000     0.000     0.000     0.000     0.000
     0.000     0.000     0.001     0.001     0.001     0.002     0.003     0.004     0.005     0.007
     0.010     0.016     0.029     0.051     0.091     0.158     0.257     0.427     0.727     1.216
     1.954     3.529     7.034    14.063    32.918    73.984   152.547   318.210   376.065    18.364
     0.125     0.009     0.004     0.002     0.001     0.001     0.000     0.000     0.000     0.000
     0.000     0.000     0.000     0.000     0.000     0.000     0.000     0.000     0.000     0.000
     0.000     0.000     0.000     0.000     0.000     0.000     0.000     0.000     0.000     0.000
     0.000     0.000     0.000     0.000

     0.000     0.000     0.000     0.000     0.000     0.000     0.000     0.000     0.000     0.000
     0.000     0.000     0.001     0.001     0.001     0.002     0.003     0.003     0.005     0.006
     0.009     0.016     0.029     0.053     0.093     0.154     0.239     0.377     0.591     0.903
     1.334     2.246     4.546    10.093    23.991    47.857    76.587   102.058    84.698     7.137
     0.156     0.007     0.003     0.002     0.001     0.001     0.000     0.000     0.000     0.000
     0.000     0.000     0.000     0.000     0.000     0.000     0.000     0.000     0.000     0.000
     0.000     0.000     0.000     0.000     0.000     0.000     0.000     0.000     0.000     0.000
     0.000     0.000     0.000     0.000

     0.000     0.000     0.000     0.000     0.000     0.000     0.000     0.000     0.000     0.000
     0.000     0.000     0.000     0.001     0.001     0.001     0.002     0.003     0.004     0.006
     0.009     0.015     0.029     0.054     0.093     0.146     0.209     0.302     0.435     0.615
     0.892     1.590     3.716     8.452    17.602    29.789    37.394    38.470    25.471     2.683
     0.132     0.006     0.002     0.001     0.001     0.000     0.000     0.000     0.000     0.000
     0.000     0.000     0.000     0.000     0.000     0.000     0.000     0.000     0.000     0.000
     0.000     0.000     0.000     0.000     0.000     0.000     0.000     0.000     0.000     0.000
     0.000     0.000     0.000     0.000

     0.000     0.000     0.000     0.000     0.000     0.000     0.000     0.000     0.000     0.000
     0.000     0.000     0.000     0.000     0.001     0.001     0.002     0.003     0.004     0.005
     0.008     0.015     0.028     0.053     0.088     0.129     0.167     0.228     0.314     0.453
     0.722     1.468     3.457     6.544    11.334    16.651    18.531    16.969     9.827     1.245
     0.088     0.005     0.002     0.001     0.001     0.000     0.000     0.000     0.000     0.000
     0.000     0.000     0.000     0.000     0.000     0.000     0.000     0.000     0.000     0.000
     0.000     0.000     0.000     0.000     0.000     0.000     0.000     0.000     0.000     0.000
     0.000     0.000     0.000     0.000

     0.000     0.000     0.000     0.000     0.000     0.000     0.000     0.000     0.000     0.000
     0.000     0.000     0.000     0.000     0.001     0.001     0.002     0.003     0.003     0.005
     0.008     0.014     0.027     0.049     0.077     0.105     0.134     0.197     0.297     0.472
     0.800     1.573     3.003     4.413     6.209     8.367     9.088     8.028     4.283     0.675
     0.053     0.004     0.002     0.001     0.000     0.000     0.000     0.000     0.000     0.000
     0.000     0.000     0.000     0.000     0.000     0.000     0.000     0.000     0.000     0.000
     0.000     0.000     0.000     0.000     0.000     0.000     0.000     0.000     0.000     0.000
     0.000     0.000     0.000     0.000

     0.000     0.000     0.000     0.000     0.000     0.000     0.000     0.000     0.000     0.000
     0.000     0.000     0.000     0.000     0.001     0.001     0.002     0.002     0.003     0.005
     0.008     0.014     0.025     0.042     0.064     0.088     0.130     0.221     0.374     0.615
     1.000     1.639     2.274     2.589     3.126     3.970     4.492     4.279     2.348     0.419
     0.035     0.003     0.001     0.001     0.000     0.000     0.000     0.000     0.000     0.000
     0.000     0.000     0.000     0.000     0.000     0.000     0.000     0.000     0.000     0.000
     0.000     0.000     0.000     0.000     0.000     0.000     0.000     0.000     0.000     0.000
     0.000     0.000     0.000     0.000

     0.000     0.000     0.000     0.000     0.000     0.000     0.000     0.000     0.000     0.000
     0.000     0.000     0.000     0.000     0.001     0.001     0.001     0.002     0.003     0.005
     0.008     0.014     0.022     0.035     0.055     0.088     0.145     0.255     0.415     0.643
     0.934     1.224     1.388     1.504     1.754     2.145     2.440     2.391     1.415     0.251
     0.023     0.003     0.001     0.001     0.000     0.000     0.000     0.000     0.000     0.000
     0.000     0.000     0.000     0.000     0.000     0.000     0.000     0.000     0.000     0.000
     0.000     0.000     0.000     0.000     0.000     0.000     0.000     0.000     0.000     0.000
     0.000     0.000     0.000     0.000

     0.000     0.000     0.000     0.000     0.000     0.000     0.000     0.000     0.000     0.000
     0.000     0.000     0.000     0.000     0.001     0.001     0.002     0.002     0.003     0.005
     0.008     0.013     0.020     0.033     0.059     0.099     0.154     0.250     0.368     0.504
     0.635     0.739     0.796     0.901     1.057     1.268     1.432     1.410     0.864     0.143
     0.014     0.002     0.001     0.000     0.000     0.000     0.000     0.000     0.000     0.000
     0.000     0.000     0.000     0.000     0.000     0.000     0.000     0.000     0.000     0.000
     0.000     0.000     0.000     0.000     0.000     0.000     0.000     0.000     0.000     0.000
     0.000     0.000     0.000     0.000

     0.000     0.000     0.000     0.000     0.000     0.000     0.000     0.000     0.000     0.000
     0.000     0.000     0.000     0.000     0.001     0.001     0.002     0.003     0.004     0.006
     0.008     0.014     0.023     0.041     0.070     0.105     0.142     0.209     0.273     0.348
     0.414     0.451     0.492     0.576     0.681     0.795     0.889     0.873     0.534     0.087
     0.008     0.002     0.001     0.000     0.000     0.000     0.000     0.000     0.000     0.000
     0.000     0.000     0.000     0.000     0.000     0.000     0.000     0.000     0.000     0.000
     0.000     0.000     0.000     0.000     0.000     0.000     0.000     0.000     0.000     0.000
     0.000     0.000     0.000     0.000

     0.000     0.000     0.000     0.000     0.000     0.000     0.000     0.000     0.000     0.000
     0.000     0.000     0.000     0.000     0.001     0.001     0.002     0.003     0.005     0.007
     0.010     0.018     0.031     0.051     0.074     0.094     0.114     0.153     0.190     0.240
     0.285     0.299     0.329     0.393     0.463     0.522     0.570     0.552     0.336     0.063
     0.006     0.002     0.001     0.000     0.000     0.000     0.000     0.000     0.000     0.000
     0.000     0.000     0.000     0.000     0.000     0.000     0.000     0.000     0.000     0.000
     0.000     0.000     0.000     0.000     0.000     0.000     0.000     0.000     0.000     0.000
     0.000     0.000     0.000     0.000

     0.000     0.000     0.000     0.000     0.000     0.000     0.000     0.000     0.000     0.000
     0.000     0.000     0.000     0.001     0.001     0.002     0.003     0.004     0.007     0.010
     0.016     0.025     0.040     0.054     0.066     0.071     0.080     0.102     0.130     0.168
     0.197     0.203     0.225     0.272     0.323     0.357     0.382     0.357     0.218     0.052
     0.007     0.002     0.001     0.000     0.000     0.000     0.000     0.000     0.000     0.000
     0.000     0.000     0.000     0.000     0.000     0.000     0.000     0.000     0.000     0.000
     0.000     0.000     0.000     0.000     0.000     0.000     0.000     0.000     0.000     0.000
     0.000     0.000     0.000     0.000

     0.000     0.000     0.000     0.000     0.000     0.000     0.000     0.000     0.000     0.000
     0.000     0.000     0.000     0.001     0.002     0.003     0.004     0.007     0.010     0.015
     0.021     0.030     0.039     0.047     0.049     0.047     0.053     0.073     0.099     0.131
     0.151     0.153     0.167     0.199     0.234     0.255     0.271     0.235     0.133     0.036
     0.006     0.001     0.000     0.000     0.000     0.000     0.000     0.000     0.000     0.000
     0.000     0.000     0.000     0.000     0.000     0.000     0.000     0.000     0.000     0.000
     0.000     0.000     0.000     0.000     0.000     0.000     0.000     0.000     0.000     0.000
     0.000     0.000     0.000     0.000

     0.000     0.000     0.000     0.000     0.000     0.000     0.000     0.000     0.000     0.000
     0.000     0.000     0.001     0.001     0.002     0.004     0.006     0.009     0.013     0.018
     0.022     0.027     0.031     0.033     0.032     0.032     0.038     0.058     0.086     0.116
     0.131     0.128     0.135     0.158     0.178     0.186     0.189     0.151     0.074     0.019
     0.003     0.000     0.000     0.000     0.000     0.000     0.000     0.000     0.000     0.000
     0.000     0.000     0.000     0.000     0.000     0.000     0.000     0.000     0.000     0.000
     0.000     0.000     0.000     0.000     0.000     0.000     0.000     0.000     0.000     0.000
     0.000     0.000     0.000     0.000

     0.000     0.000     0.000     0.000     0.000     0.000     0.000     0.000     0.000     0.000
     0.000     0.001     0.001     0.002     0.003     0.005     0.008     0.011     0.014     0.017
     0.018     0.019     0.020     0.020     0.021     0.023     0.030     0.051     0.079     0.108
     0.119     0.111     0.112     0.127     0.137     0.134     0.124     0.088     0.037     0.008
     0.001     0.000     0.000     0.000     0.000     0.000     0.000     0.000     0.000     0.000
     0.000     0.000     0.000     0.000     0.000     0.000     0.000     0.000     0.000     0.000
     0.000     0.000     0.000     0.000     0.000     0.000     0.000     0.000     0.000     0.000
     0.000     0.000     0.000     0.000

     0.000     0.000     0.000     0.000     0.000     0.000     0.000     0.000     0.000     0.000
     0.000     0.001     0.002     0.003     0.004     0.006     0.008     0.011     0.012     0.013
     0.012     0.011     0.012     0.013     0.014     0.017     0.025     0.044     0.071     0.099
     0.107     0.093     0.091     0.101     0.104     0.095     0.078     0.048     0.017     0.003
     0.000     0.000     0.000     0.000     0.000     0.000     0.000     0.000     0.000     0.000
     0.000     0.000     0.000     0.000     0.000     0.000     0.000     0.000     0.000     0.000
     0.000     0.000     0.000     0.000     0.000     0.000     0.000     0.000     0.000     0.000
     0.000     0.000     0.000     0.000

     0.000     0.000     0.000     0.000     0.000     0.000     0.000     0.000     0.000     0.000
     0.001     0.002     0.002     0.003     0.005     0.006     0.007     0.009     0.009     0.009
     0.008     0.007     0.008     0.009     0.011     0.014     0.021     0.037     0.063     0.090
     0.095     0.078     0.074     0.079     0.077     0.065     0.047     0.025     0.007     0.001
     0.000     0.000     0.000     0.000     0.000     0.000     0.000     0.000     0.000     0.000
     0.000     0.000     0.000     0.000     0.000     0.000     0.000     0.000     0.000     0.000
     0.000     0.000     0.000     0.000     0.000     0.000     0.000     0.000     0.000     0.000
     0.000     0.000     0.000     0.000

     0.000     0.000     0.000     0.000     0.000     0.000     0.000     0.000     0.000     0.001
     0.001     0.002     0.003     0.003     0.004     0.005     0.006     0.006     0.006     0.006
     0.005     0.005     0.006     0.007     0.009     0.011     0.017     0.031     0.054     0.082
     0.085     0.065     0.060     0.061     0.055     0.042     0.027     0.012     0.003     0.000
     0.000     0.000     0.000     0.000     0.000     0.000     0.000     0.000     0.000     0.000
     0.000     0.000     0.000     0.000     0.000     0.000     0.000     0.000     0.000     0.000
     0.000     0.000     0.000     0.000     0.000     0.000     0.000     0.000     0.000     0.000
     0.000     0.000     0.000     0.000

     0.000     0.000     0.000     0.000     0.000     0.000     0.000     0.000     0.001     0.001
     0.002     0.002     0.003     0.003     0.003     0.004     0.004     0.004     0.004     0.004
     0.004     0.004     0.005     0.006     0.007     0.009     0.014     0.025     0.046     0.079
     0.081     0.057     0.048     0.046     0.037     0.024     0.013     0.005     0.001     0.000
     0.000     0.000     0.000     0.000     0.000     0.000     0.000     0.000     0.000     0.000
     0.000     0.000     0.000     0.000     0.000     0.000     0.000     0.000     0.000     0.000
     0.000     0.000     0.000     0.000     0.000     0.000     0.000     0.000     0.000     0.000
     0.000     0.000     0.000     0.000

     0.000     0.000     0.000     0.000     0.000     0.000     0.000     0.001     0.001     0.001
     0.001     0.002     0.002     0.002     0.002     0.002     0.002     0.002     0.002     0.002
     0.003     0.003     0.004     0.005     0.006     0.007     0.010     0.016     0.029     0.052
     0.055     0.040     0.032     0.028     0.020     0.011     0.005     0.002     0.000     0.000
     0.000     0.000     0.000     0.000     0.000     0.000     0.000     0.000     0.000     0.000
     0.000     0.000     0.000     0.000     0.000     0.000     0.000     0.000     0.000     0.000
     0.000     0.000     0.000     0.000     0.000     0.000     0.000     0.000     0.000     0.000
     0.000     0.000     0.000     0.000

