-122.1 47.3
0.0 0.0 0.0 0.0 0.0 0.0 0.0 0.0 0.0 0.0 0.0 0.0 0.0 0.0 0.0 0.0 0.0 0.0 0.0
-122.1 47.2
0.0 0.0 0.0 0.0 0.0 0.0 0.0 0.0 0.0 0.0 0.0 0.0 0.0 0.0 0.0 0.0 0.0 0.0 0.0
-122.1 47.4
0.0 0.0 0.0 0.0 0.0 0.0 0.0 0.0 0.0 0.0 0.0 0.0 0.0 0.0 0.0 0.0 0.0 0.0 0.0
-122.0 47.3
0.0 0.0 0.0 0.0 0.0 0.0 0.0 0.0 0.0 0.0 0.0 0.0 0.0 0.0 0.0 0.0 0.0 0.0 0.0
-121.9 47.2
0.0 0.0 0.0 0.0 0.0 0.0 0.0 0.0 0.0 0.0 0.0 0.0 0.0 0.0 0.0 0.0 0.0 0.0 0.0
-121.8 47.4
0.0 0.0 0.0 0.0 0.0 0.0 0.0 0.0 0.0 0.0 0.0 0.0 0.0 0.0 0.0 0.0 0.0 0.0 0.0
-122.2 47.4
0.0 0.0 0.0 0.0 0.0 0.0 0.0 0.0 0.0 0.0 0.0 0.0 0.0 0.0 0.0 0.0 0.0 0.0 0.0
-121.9 47.3
0.0 0.0 0.0 0.0 0.0 0.0 0.0 0.0 0.0 0.0 0.0 0.0 0.0 0.0 0.0 0.0 0.0 0.0 0.0
-122.0 47.4
0.0 0.0 0.0 0.0 0.0 0.0 0.0 0.0 0.0 0.0 0.0 0.0 0.0 0.0 0.0 0.0 0.0 0.0 0.0
-121.8 47.2
0.0 0.0 0.0 0.0 0.0 0.0 0.0 0.0 0.0 0.0 0.0 0.0 0.0 0.0 0.0 0.0 0.0 0.0 0.0
-122.0 47.2
0.0 0.0 0.0 0.0 0.0 0.0 0.0 0.0 0.0 0.0 0.0 0.0 0.0 0.0 0.0 0.0 0.0 0.0 0.0
-121.8 47.3
0.0 0.0 0.0 0.0 0.0 0.0 0.0 0.0 0.0 0.0 0.0 0.0 0.0 0.0 0.0 0.0 0.0 0.0 0.0
-122.2 47.2
0.0635954701926 0.0635954701926 0.0635954701926 0.0635954701926 0.0633366883427 0.0614362024487 0.0587323421384 0.050892174276 0.0325692607704 0.0 0.0 0.0 0.0 0.0 0.0 0.0 0.0 0.0 0.0
-122.2 47.3
0.063027793776 0.063027793776 0.063027793776 0.063027793776 0.0627688550448 0.0609061562881 0.0582007689951 0.0504401513455 0.0323948580962 0.0 0.0 0.0 0.0 0.0 0.0 0.0 0.0 0.0 0.0
-121.9 47.4
0.0 0.0 0.0 0.0 0.0 0.0 0.0 0.0 0.0 0.0 0.0 0.0 0.0 0.0 0.0 0.0 0.0 0.0 0.0
-121.9 47.5
0.0 0.0 0.0 0.0 0.0 0.0 0.0 0.0 0.0 0.0 0.0 0.0 0.0 0.0 0.0 0.0 0.0 0.0 0.0
-122.2 47.0
0.0891827187333 0.0891827187333 0.0891827187333 0.0891827187333 0.0888400932866 0.0865046127886 0.0828363416287 0.0737331365322 0.0523234221292 0.0105913772173 0.0 0.0 0.0 0.0 0.0 0.0 0.0 0.0 0.0
-122.2 47.5
0.0 0.0 0.0 0.0 0.0 0.0 0.0 0.0 0.0 0.0 0.0 0.0 0.0 0.0 0.0 0.0 0.0 0.0 0.0
-121.8 47.5
0.0 0.0 0.0 0.0 0.0 0.0 0.0 0.0 0.0 0.0 0.0 0.0 0.0 0.0 0.0 0.0 0.0 0.0 0.0
-122.2 47.1
0.0885010574252 0.0885010574252 0.0885010574252 0.0885010574252 0.0881581755554 0.0858490800138 0.0821947802831 0.0733399194596 0.0524008050831 0.0105913772173 0.0 0.0 0.0 0.0 0.0 0.0 0.0 0.0 0.0
-122.0 47.0
0.0638705180317 0.0638705180317 0.0638705180317 0.0638705180317 0.0635341564243 0.061340116488 0.0575007693348 0.036918921058 0.006647347322 0.0 0.0 0.0 0.0 0.0 0.0 0.0 0.0 0.0 0.0
-121.9 47.1
0.0 0.0 0.0 0.0 0.0 0.0 0.0 0.0 0.0 0.0 0.0 0.0 0.0 0.0 0.0 0.0 0.0 0.0 0.0
-122.0 47.1
0.0 0.0 0.0 0.0 0.0 0.0 0.0 0.0 0.0 0.0 0.0 0.0 0.0 0.0 0.0 0.0 0.0 0.0 0.0
-122.1 47.1
0.0637304261489 0.0637304261489 0.0637304261489 0.0637304261489 0.0633940142049 0.0614809119082 0.058463653524 0.0457101938668 0.026270916595 0.0 0.0 0.0 0.0 0.0 0.0 0.0 0.0 0.0 0.0
-121.8 47.0
0.0 0.0 0.0 0.0 0.0 0.0 0.0 0.0 0.0 0.0 0.0 0.0 0.0 0.0 0.0 0.0 0.0 0.0 0.0
-122.1 47.0
0.0642588782266 0.0642588782266 0.0642588782266 0.0642588782266 0.0639614687423 0.0619276790594 0.0588676521319 0.0460380760969 0.026270916595 0.0 0.0 0.0 0.0 0.0 0.0 0.0 0.0 0.0 0.0
-122.1 47.5
0.0 0.0 0.0 0.0 0.0 0.0 0.0 0.0 0.0 0.0 0.0 0.0 0.0 0.0 0.0 0.0 0.0 0.0 0.0
-122.0 47.5
0.0 0.0 0.0 0.0 0.0 0.0 0.0 0.0 0.0 0.0 0.0 0.0 0.0 0.0 0.0 0.0 0.0 0.0 0.0
-121.9 47.0
0.0 0.0 0.0 0.0 0.0 0.0 0.0 0.0 0.0 0.0 0.0 0.0 0.0 0.0 0.0 0.0 0.0 0.0 0.0
-121.8 47.1
0.0 0.0 0.0 0.0 0.0 0.0 0.0 0.0 0.0 0.0 0.0 0.0 0.0 0.0 0.0 0.0 0.0 0.0 0.0
-122.1 47.6
0.0 0.0 0.0 0.0 0.0 0.0 0.0 0.0 0.0 0.0 0.0 0.0 0.0 0.0 0.0 0.0 0.0 0.0 0.0
-122.2 47.6
0.0 0.0 0.0 0.0 0.0 0.0 0.0 0.0 0.0 0.0 0.0 0.0 0.0 0.0 0.0 0.0 0.0 0.0 0.0
-122.0 47.6
0.0 0.0 0.0 0.0 0.0 0.0 0.0 0.0 0.0 0.0 0.0 0.0 0.0 0.0 0.0 0.0 0.0 0.0 0.0
-121.9 47.6
0.0 0.0 0.0 0.0 0.0 0.0 0.0 0.0 0.0 0.0 0.0 0.0 0.0 0.0 0.0 0.0 0.0 0.0 0.0
-121.8 47.6
0.0 0.0 0.0 0.0 0.0 0.0 0.0 0.0 0.0 0.0 0.0 0.0 0.0 0.0 0.0 0.0 0.0 0.0 0.0
-122.3 47.3
0.0633776684033 0.0633776684033 0.0633776684033 0.0633776684033 0.0631188263624 0.061485022713 0.0588456106368 0.0533547020679 0.03274363201 0.006647347322 0.0 0.0 0.0 0.0 0.0 0.0 0.0 0.0 0.0
-122.5 47.3
0.0885749200412 0.0885749200412 0.0885749200412 0.0885749200412 0.0882417317566 0.0862385802427 0.0832077035929 0.0797451177906 0.0714900208735 0.0458948827854 0.0105913772173 0.0 0.0 0.0 0.0 0.0 0.0 0.0 0.0
-122.4 47.3
0.0881027733139 0.0881027733139 0.0881027733139 0.0881027733139 0.0878122597768 0.085674676529 0.0825205591989 0.0788022126646 0.0623579528924 0.0246941300582 0.00266326300881 0.0 0.0 0.0 0.0 0.0 0.0 0.0 0.0
-122.6 47.3
0.0890468223084 0.0890468223084 0.0890468223084 0.0890468223084 0.0887188250704 0.0867280691588 0.0837351376989 0.0804987653307 0.0745972345987 0.0540379112888 0.0131598090034 0.0 0.0 0.0 0.0 0.0 0.0 0.0 0.0
-122.7 47.3
0.0891783704969 0.0891783704969 0.0891783704969 0.0891783704969 0.0889737872154 0.0871439381068 0.0844242202802 0.0813060845836 0.077777650552 0.0619007692542 0.0246524553695 0.00266326300881 0.0 0.0 0.0 0.0 0.0 0.0 0.0
-122.3 47.2
0.0883798655518 0.0883798655518 0.0883798655518 0.0883798655518 0.0880894402912 0.0857720850706 0.0823658413632 0.0760559227266 0.0542552187486 0.0147563565501 0.0 0.0 0.0 0.0 0.0 0.0 0.0 0.0 0.0
-122.5 47.0
0.0907931023911 0.0907931023911 0.0907931023911 0.0907931023911 0.0904575285726 0.0882702925158 0.0851148827247 0.0816610723194 0.0726371084916 0.0442771787871 0.0105913772173 0.0 0.0 0.0 0.0 0.0 0.0 0.0 0.0
-122.7 47.5
0.0875277154467 0.0875277154467 0.0875277154467 0.0875277154467 0.0873561075761 0.0855733452458 0.08295739674 0.0798979624684 0.076437219014 0.061109662886 0.0243814111784 0.00266326300881 0.0 0.0 0.0 0.0 0.0 0.0 0.0
-122.4 47.5
0.0625918754314 0.0625918754314 0.0625918754314 0.0625918754314 0.0623379800477 0.0607755328632 0.0583006982464 0.0554545217606 0.0401933224683 0.006647347322 0.0 0.0 0.0 0.0 0.0 0.0 0.0 0.0 0.0
-122.4 47.4
0.087336388963 0.087336388963 0.087336388963 0.087336388963 0.0870027479105 0.0850138656072 0.081802347567 0.0780810902756 0.0619942213987 0.0246524553695 0.00266326300881 0.0 0.0 0.0 0.0 0.0 0.0 0.0 0.0
-122.7 47.1
0.114257744461 0.114257744461 0.114257744461 0.114257744461 0.113894742437 0.111664648178 0.107853030576 0.103727556856 0.0956331001618 0.0723052770585 0.0213876949521 0.0 0.0 0.0 0.0 0.0 0.0 0.0 0.0
-122.6 47.1
0.0905594619782 0.0905594619782 0.0905594619782 0.0905594619782 0.0902697310965 0.0881435703626 0.0851859812299 0.0819254395011 0.075769039501 0.0533761036976 0.0131931213654 0.0 0.0 0.0 0.0 0.0 0.0 0.0 0.0
-122.5 47.4
0.0878089324959 0.0878089324959 0.0878089324959 0.0878089324959 0.0874804895441 0.0855452966323 0.082446005094 0.0791195464947 0.0709944891578 0.0458562802732 0.0105913772173 0.0 0.0 0.0 0.0 0.0 0.0 0.0 0.0
-122.5 47.7
0.061366788385 0.061366788385 0.061366788385 0.061366788385 0.0612396833927 0.0599694337242 0.0577112111819 0.0550236741843 0.047864363253 0.026270916595 0.0 0.0 0.0 0.0 0.0 0.0 0.0 0.0 0.0
-122.5 47.2
0.0893236276843 0.0893236276843 0.0893236276843 0.0893236276843 0.089050145074 0.0869211340052 0.0838933235172 0.0804649385819 0.071947490576 0.0459334837359 0.0105913772173 0.0 0.0 0.0 0.0 0.0 0.0 0.0 0.0
-122.7 47.7
0.0858740689633 0.0858740689633 0.0858740689633 0.0858740689633 0.0857021500929 0.0839855202364 0.0813583543943 0.0784311897871 0.0749270450706 0.0600399049267 0.0240221702141 0.00266326300881 0.0 0.0 0.0 0.0 0.0 0.0 0.0
-122.4 47.0
0.0901926872433 0.0901926872433 0.0901926872433 0.0901926872433 0.0898881792572 0.0877621345193 0.0844961227351 0.0805121421253 0.0630568198435 0.0214082143033 0.00266326300881 0.0 0.0 0.0 0.0 0.0 0.0 0.0 0.0
-122.6 47.6
0.0862877613273 0.0862877613273 0.0862877613273 0.0862877613273 0.0861159202596 0.0844379211495 0.0817302054182 0.0783969552235 0.0727023841359 0.0532519417318 0.0130265483096 0.0 0.0 0.0 0.0 0.0 0.0 0.0 0.0
-122.5 47.6
0.0619795319089 0.0619795319089 0.0619795319089 0.0619795319089 0.0618525098913 0.0606012006835 0.0582962931842 0.0555570405531 0.0484033825775 0.026270916595 0.0 0.0 0.0 0.0 0.0 0.0 0.0 0.0 0.0
-122.3 47.5
0.0 0.0 0.0 0.0 0.0 0.0 0.0 0.0 0.0 0.0 0.0 0.0 0.0 0.0 0.0 0.0 0.0 0.0 0.0
-122.3 47.1
0.0891025889414 0.0891025889414 0.0891025889414 0.0891025889414 0.0888238693401 0.0863897113737 0.0830784090169 0.0765422102582 0.0535223505459 0.0132264326029 0.0 0.0 0.0 0.0 0.0 0.0 0.0 0.0 0.0
-122.6 47.4
0.0879406594446 0.0879406594446 0.0879406594446 0.0879406594446 0.0877357981558 0.0860187675267 0.0831157168292 0.0798568967217 0.0739865528925 0.0537747918756 0.0131264955169 0.0 0.0 0.0 0.0 0.0 0.0 0.0 0.0
-122.4 47.2
0.088851868811 0.088851868811 0.088851868811 0.088851868811 0.0885782445281 0.0863526199741 0.0832172313491 0.0793634042478 0.0626204240084 0.0247153533887 0.00266326300881 0.0 0.0 0.0 0.0 0.0 0.0 0.0 0.0
-122.4 47.7
0.0 0.0 0.0 0.0 0.0 0.0 0.0 0.0 0.0 0.0 0.0 0.0 0.0 0.0 0.0 0.0 0.0 0.0 0.0
-122.5 47.5
0.0867012664728 0.0867012664728 0.0867012664728 0.0867012664728 0.0865128151383 0.0847934826548 0.0817740931859 0.0784135178496 0.0703814299671 0.0457769041167 0.0105913772173 0.0 0.0 0.0 0.0 0.0 0.0 0.0 0.0
-122.7 47.6
0.0867012664728 0.0867012664728 0.0867012664728 0.0867012664728 0.0865295031726 0.0847547183878 0.0821234348571 0.0791573020212 0.0757609069562 0.0605839699225 0.0242399170177 0.00266326300881 0.0 0.0 0.0 0.0 0.0 0.0 0.0
-122.3 47.6
0.0 0.0 0.0 0.0 0.0 0.0 0.0 0.0 0.0 0.0 0.0 0.0 0.0 0.0 0.0 0.0 0.0 0.0 0.0
-122.6 47.2
0.0898117703695 0.0898117703695 0.0898117703695 0.0898117703695 0.0894790342385 0.0874464317604 0.0844897988872 0.0812383468001 0.0750524935048 0.0541116384413 0.0131598090034 0.0 0.0 0.0 0.0 0.0 0.0 0.0 0.0
-122.4 47.1
0.0896169805791 0.0896169805791 0.0896169805791 0.0896169805791 0.0893269494403 0.087012738989 0.0838257120994 0.0799714699874 0.0628372634941 0.0230253017598 0.00266326300881 0.0 0.0 0.0 0.0 0.0 0.0 0.0 0.0
-122.3 47.0
0.0897067153902 0.0897067153902 0.0897067153902 0.0897067153902 0.0893809229995 0.0871249135277 0.0838024787136 0.0770958028994 0.0534844120836 0.0132264326029 0.0 0.0 0.0 0.0 0.0 0.0 0.0 0.0 0.0
-122.3 47.4
0.0628098599487 0.0628098599487 0.0628098599487 0.0628098599487 0.06255086099 0.0609550041232 0.0582625341065 0.0529038519432 0.03274363201 0.006647347322 0.0 0.0 0.0 0.0 0.0 0.0 0.0 0.0 0.0
-122.5 47.1
0.0900883433057 0.0900883433057 0.0900883433057 0.0900883433057 0.0897984623344 0.0876186739047 0.0845136129446 0.0810163038015 0.0723345469859 0.0459231274505 0.0105913772173 0.0 0.0 0.0 0.0 0.0 0.0 0.0 0.0
-122.7 47.4
0.0883534165625 0.0883534165625 0.0883534165625 0.0883534165625 0.0881819639808 0.0863643182272 0.0836959590033 0.0806565244572 0.0770817510477 0.0615817616184 0.0245345868021 0.00266326300881 0.0 0.0 0.0 0.0 0.0 0.0 0.0
-122.6 47.7
0.0854601892959 0.0854601892959 0.0854601892959 0.0854601892959 0.0852881925875 0.0835611808635 0.0809369030044 0.0777408175008 0.0720203553523 0.0528833890794 0.0129599112146 0.0 0.0 0.0 0.0 0.0 0.0 0.0 0.0
-122.6 47.0
0.114839565719 0.114839565719 0.114839565719 0.114839565719 0.114445658759 0.111703625541 0.107742943254 0.102554419533 0.0897397900182 0.0551398675181 0.0105913772173 0.0 0.0 0.0 0.0 0.0 0.0 0.0 0.0
-122.7 47.2
0.113427990374 0.113427990374 0.113427990374 0.113427990374 0.113064648293 0.110749276464 0.107038022904 0.10292890705 0.0951105069254 0.0721100844913 0.022984330443 0.00266326300881 0.0 0.0 0.0 0.0 0.0 0.0 0.0
-122.3 47.7
0.0 0.0 0.0 0.0 0.0 0.0 0.0 0.0 0.0 0.0 0.0 0.0 0.0 0.0 0.0 0.0 0.0 0.0 0.0
-122.6 47.5
0.0871145844843 0.0871145844843 0.0871145844843 0.0871145844843 0.0869428989166 0.0852673428107 0.0824442953415 0.0790861728492 0.0734286502735 0.0535498920711 0.01305986517 0.0 0.0 0.0 0.0 0.0 0.0 0.0 0.0
-122.7 47.0
0.115429121632 0.115429121632 0.115429121632 0.115429121632 0.115066599671 0.112384379666 0.108497444831 0.104492608018 0.0947049248531 0.0650900137016 0.0197858592336 0.0 0.0 0.0 0.0 0.0 0.0 0.0 0.0
-122.4 47.6
0.0619795319089 0.0619795319089 0.0619795319089 0.0619795319089 0.0617695413029 0.0601438831462 0.0577688813357 0.0548249495913 0.0398931441038 0.006647347322 0.0 0.0 0.0 0.0 0.0 0.0 0.0 0.0 0.0
-122.0 47.8
0.0 0.0 0.0 0.0 0.0 0.0 0.0 0.0 0.0 0.0 0.0 0.0 0.0 0.0 0.0 0.0 0.0 0.0 0.0
-122.2 47.7
0.0 0.0 0.0 0.0 0.0 0.0 0.0 0.0 0.0 0.0 0.0 0.0 0.0 0.0 0.0 0.0 0.0 0.0 0.0
-122.6 47.8
0.0610602665408 0.0610602665408 0.0610602665408 0.0610602665408 0.0609331200409 0.0595892178779 0.0575311199647 0.0550856476562 0.0500339892385 0.0317842011072 0.0 0.0 0.0 0.0 0.0 0.0 0.0 0.0 0.0
-122.2 47.8
0.0 0.0 0.0 0.0 0.0 0.0 0.0 0.0 0.0 0.0 0.0 0.0 0.0 0.0 0.0 0.0 0.0 0.0 0.0
-122.1 47.8
0.0 0.0 0.0 0.0 0.0 0.0 0.0 0.0 0.0 0.0 0.0 0.0 0.0 0.0 0.0 0.0 0.0 0.0 0.0
-122.0 47.7
0.0 0.0 0.0 0.0 0.0 0.0 0.0 0.0 0.0 0.0 0.0 0.0 0.0 0.0 0.0 0.0 0.0 0.0 0.0
-122.7 47.8
0.0850461222404 0.0850461222404 0.0850461222404 0.0850461222404 0.0848740476587 0.083215675629 0.0805552332705 0.0776824790127 0.074218113716 0.0594732213438 0.0223650484308 0.00266326300881 0.0 0.0 0.0 0.0 0.0 0.0 0.0
-121.8 47.7
0.0 0.0 0.0 0.0 0.0 0.0 0.0 0.0 0.0 0.0 0.0 0.0 0.0 0.0 0.0 0.0 0.0 0.0 0.0
-121.9 47.8
0.0 0.0 0.0 0.0 0.0 0.0 0.0 0.0 0.0 0.0 0.0 0.0 0.0 0.0 0.0 0.0 0.0 0.0 0.0
-122.3 47.8
0.0 0.0 0.0 0.0 0.0 0.0 0.0 0.0 0.0 0.0 0.0 0.0 0.0 0.0 0.0 0.0 0.0 0.0 0.0
-121.9 47.7
0.0 0.0 0.0 0.0 0.0 0.0 0.0 0.0 0.0 0.0 0.0 0.0 0.0 0.0 0.0 0.0 0.0 0.0 0.0
-122.4 47.8
0.0 0.0 0.0 0.0 0.0 0.0 0.0 0.0 0.0 0.0 0.0 0.0 0.0 0.0 0.0 0.0 0.0 0.0 0.0
-121.8 47.8
0.0 0.0 0.0 0.0 0.0 0.0 0.0 0.0 0.0 0.0 0.0 0.0 0.0 0.0 0.0 0.0 0.0 0.0 0.0
-122.1 47.7
0.0 0.0 0.0 0.0 0.0 0.0 0.0 0.0 0.0 0.0 0.0 0.0 0.0 0.0 0.0 0.0 0.0 0.0 0.0
-122.5 47.8
0.0 0.0 0.0 0.0 0.0 0.0 0.0 0.0 0.0 0.0 0.0 0.0 0.0 0.0 0.0 0.0 0.0 0.0 0.0
