Eastern North America median ground motion, distance is Rhypo (depth 10 km). Log10 hazard values in cgs units  PGA 0.02 PGV 0.01. Original file GMPEt_ENA_med.dat,provided by G Atkinson 20120807
      15      30      11        : nmag, ndist, nperiod
                      10       5       2       1     0.5  0.3003     0.2     0.1    0.05    0.02    0.01
                    0.62    0.62    0.62    0.62    0.58    0.54    0.53    0.53    0.53    0.53    0.62
    4.50   10.05  -1.9164 -0.6043  0.4850  1.1943  1.8474  2.1700  2.4304  2.6659  2.6470  2.3051  1.7961
    4.50   10.08  -1.9253 -0.6132  0.4753  1.1842  1.8368  2.1596  2.4195  2.6535  2.6334  2.2964  1.7837
    4.50   10.12  -1.9313 -0.6220  0.4656  1.1742  1.8261  2.1492  2.4085  2.6410  2.6198  2.2878  1.7713
    4.50   10.20  -1.9296 -0.6310  0.4559  1.1641  1.8155  2.1390  2.3976  2.6286  2.6062  2.2794  1.7588
    4.50   10.31  -1.9395 -0.6513  0.4328  1.1405  1.7916  2.1158  2.3732  2.6015  2.5775  2.2576  1.7310
    4.50   10.49  -1.9399 -0.6786  0.4019  1.1085  1.7596  2.0847  2.3406  2.5654  2.5396  2.2276  1.6937
    4.50   10.76  -1.9420 -0.7059  0.3708  1.0766  1.7277  2.0536  2.3082  2.5294  2.5018  2.1977  1.6564
    4.50   11.18  -1.9511 -0.7398  0.3325  1.0375  1.6886  2.0155  2.2685  2.4858  2.4559  2.1602  1.6113
    4.50   11.82  -1.9734 -0.7952  0.2716  0.9760  1.6271  1.9548  2.2059  2.4186  2.3849  2.0979  1.5407
    4.50   12.77  -1.9911 -0.8510  0.2106  0.9145  1.5655  1.8941  2.1434  2.3514  2.3140  2.0353  1.4703
    4.50   14.14  -2.0091 -0.9066  0.1496  0.8529  1.5039  1.8335  2.0811  2.2843  2.2430  1.9729  1.3999
    4.50   16.08  -2.0585 -0.9961  0.0541  0.7560  1.4066  1.7365  1.9805  2.1771  2.1278  1.8684  1.2904
    4.50   18.74  -2.1129 -1.0910 -0.0471  0.6533  1.3034  1.6335  1.8737  2.0638  2.0057  1.7571  1.1742
    4.50   22.32  -2.1672 -1.1860 -0.1482  0.5508  1.2001  1.5306  1.7669  1.9500  1.8836  1.6459  1.0584
    4.50   27.04  -2.2337 -1.2942 -0.2631  0.4337  1.0815  1.4113  1.6434  1.8186  1.7416  1.5157  0.9265
    4.50   33.16  -2.3152 -1.4166 -0.3927  0.3011  0.9463  1.2746  1.5016  1.6680  1.5783  1.3647  0.7774
    4.50   41.05  -2.3952 -1.5391 -0.5224  0.1688  0.8111  1.1378  1.3600  1.5175  1.4149  1.2140  0.6283
    4.50   51.11  -2.4738 -1.6591 -0.6495  0.0381  0.6776  1.0029  1.2196  1.3684  1.2532  1.0646  0.4812
    4.50   63.89  -2.5333 -1.7583 -0.7565 -0.0741  0.5598  0.8819  1.0932  1.2336  1.1054  0.9291  0.3526
    4.50   80.06  -2.5903 -1.8569 -0.8632 -0.1861  0.4422  0.7609  0.9665  1.0987  0.9580  0.7936  0.2240
    4.50  100.50  -2.6465 -1.9557 -0.9700 -0.2982  0.3245  0.6398  0.8399  0.9637  0.8104  0.6581  0.0951
    4.50  126.29  -2.7053 -2.0545 -1.0745 -0.4111  0.2020  0.5093  0.6996  0.8045  0.6363  0.5006 -0.0416
    4.50  158.81  -2.7624 -2.1533 -1.1780 -0.5241  0.0782  0.3751  0.5540  0.6359  0.4520  0.3347 -0.1816
    4.50  199.78  -2.8194 -2.2521 -1.2816 -0.6371 -0.0458  0.2405  0.4085  0.4672  0.2677  0.1688 -0.3215
    4.50  251.39  -2.8860 -2.3593 -1.3910 -0.7576 -0.1808  0.0914  0.2453  0.2775  0.0619 -0.0175 -0.4741
    4.50  316.39  -2.9677 -2.4827 -1.5117 -0.8929 -0.3373 -0.0867  0.0476  0.0471 -0.1854 -0.2430 -0.6510
    4.50  398.24  -3.0509 -2.6062 -1.6322 -1.0281 -0.4938 -0.2648 -0.1501 -0.1834 -0.4328 -0.4684 -0.8278
    4.50  501.29  -3.1323 -2.7294 -1.7529 -1.1633 -0.6503 -0.4429 -0.3477 -0.4139 -0.6802 -0.6939 -1.0048
    4.50  631.04  -3.2953 -2.9335 -1.9222 -1.3119 -0.7808 -0.5655 -0.4668 -0.5362 -0.8128 -0.8269 -1.1838
    4.50  794.39  -3.4616 -3.1410 -2.0934 -1.4610 -0.9101 -0.6860 -0.5825 -0.6540 -0.9408 -0.9558 -1.3630
    4.75   10.05  -1.5259 -0.3059  0.7331  1.3993  2.0074  2.3084  2.5474  2.7599  2.7350  2.3962  1.9396
    4.75   10.08  -1.5331 -0.3133  0.7249  1.3908  1.9985  2.3000  2.5382  2.7496  2.7237  2.3892  1.9294
    4.75   10.12  -1.5407 -0.3207  0.7168  1.3825  1.9897  2.2915  2.5290  2.7392  2.7125  2.3823  1.9192
    4.75   10.20  -1.5388 -0.3281  0.7087  1.3739  1.9808  2.2827  2.5199  2.7288  2.7013  2.3752  1.9090
    4.75   10.31  -1.5469 -0.3472  0.6871  1.3519  1.9583  2.2611  2.4971  2.7036  2.6748  2.3553  1.8830
    4.75   10.49  -1.5510 -0.3735  0.6572  1.3213  1.9275  2.2310  2.4659  2.6693  2.6390  2.3276  1.8473
    4.75   10.76  -1.5518 -0.3998  0.6273  1.2906  1.8967  2.2011  2.4346  2.6350  2.6032  2.2998  1.8117
    4.75   11.18  -1.5609 -0.4330  0.5903  1.2531  1.8590  2.1645  2.3963  2.5932  2.5595  2.2642  1.7682
    4.75   11.82  -1.5855 -0.4874  0.5312  1.1931  1.7993  2.1052  2.3352  2.5280  2.4907  2.2040  1.6998
    4.75   12.77  -1.6035 -0.5418  0.4721  1.1334  1.7395  2.0460  2.2740  2.4628  2.4218  2.1439  1.6315
    4.75   14.14  -1.6223 -0.5964  0.4128  1.0736  1.6797  1.9868  2.2131  2.3975  2.3531  2.0838  1.5631
    4.75   16.08  -1.6713 -0.6833  0.3202  0.9797  1.5850  1.8923  2.1153  2.2937  2.2415  1.9831  1.4569
    4.75   18.74  -1.7255 -0.7759  0.2219  0.8801  1.4845  1.7920  2.0118  2.1834  2.1229  1.8755  1.3445
    4.75   22.32  -1.7790 -0.8683  0.1237  0.7806  1.3841  1.6916  1.9082  2.0731  2.0042  1.7680  1.2319
    4.75   27.04  -1.8451 -0.9733  0.0126  0.6674  1.2690  1.5760  1.7886  1.9460  1.8667  1.6422  1.1046
    4.75   33.16  -1.9265 -1.0917 -0.1124  0.5395  1.1386  1.4438  1.6514  1.8005  1.7089  1.4969  0.9608
    4.75   41.05  -2.0052 -1.2103 -0.2374  0.4114  1.0076  1.3117  1.5143  1.6549  1.5510  1.3514  0.8170
    4.75   51.11  -2.0825 -1.3264 -0.3601  0.2854  0.8786  1.1810  1.3788  1.5108  1.3948  1.2076  0.6753
    4.75   63.89  -2.1400 -1.4218 -0.4628  0.1776  0.7651  1.0639  1.2562  1.3808  1.2521  1.0773  0.5515
    4.75   80.06  -2.1961 -1.5172 -0.5656  0.0696  0.6516  0.9471  1.1337  1.2506  1.1094  0.9469  0.4278
    4.75  100.50  -2.2533 -1.6127 -0.6681 -0.0385  0.5381  0.8302  1.0112  1.1202  0.9669  0.8166  0.3042
    4.75  126.29  -2.3109 -1.7078 -0.7683 -0.1466  0.4204  0.7040  0.8756  0.9665  0.7986  0.6650  0.1730
    4.75  158.81  -2.3676 -1.8029 -0.8676 -0.2549  0.3011  0.5741  0.7349  0.8035  0.6204  0.5050  0.0393
    4.75  199.78  -2.4248 -1.8981 -0.9669 -0.3633  0.1817  0.4442  0.5943  0.6404  0.4422  0.3450 -0.0945
    4.75  251.39  -2.4873 -2.0014 -1.0719 -0.4790  0.0514  0.2995  0.4361  0.4567  0.2430  0.1652 -0.2408
    4.75  316.39  -2.5694 -2.1205 -1.1880 -0.6092 -0.1001  0.1265  0.2436  0.2327  0.0026 -0.0530 -0.4110
    4.75  398.24  -2.6495 -2.2396 -1.3041 -0.7396 -0.2516 -0.0468  0.0514  0.0085 -0.2376 -0.2713 -0.5814
    4.75  501.29  -2.7304 -2.3587 -1.4203 -0.8700 -0.4030 -0.2200 -0.1409 -0.2156 -0.4779 -0.4896 -0.7517
    4.75  631.04  -2.8822 -2.5493 -1.5774 -1.0079 -0.5245 -0.3346 -0.2524 -0.3306 -0.6032 -0.6149 -0.9214
    4.75  794.39  -3.0378 -2.7430 -1.7363 -1.1462 -0.6445 -0.4467 -0.3605 -0.4409 -0.7237 -0.7363 -1.0912
    5.00   10.05  -1.1394 -0.0074  0.9811  1.6043  2.1674  2.4469  2.6644  2.8539  2.8230  2.4871  2.0831
    5.00   10.08  -1.1453 -0.0133  0.9746  1.5975  2.1605  2.4402  2.6570  2.8456  2.8141  2.4818  2.0751
    5.00   10.12  -1.1512 -0.0192  0.9681  1.5907  2.1530  2.4334  2.6496  2.8374  2.8053  2.4764  2.0671
    5.00   10.20  -1.1563 -0.0251  0.9616  1.5839  2.1463  2.4265  2.6422  2.8291  2.7964  2.4711  2.0592
    5.00   10.31  -1.1610 -0.0431  0.9413  1.5631  2.1250  2.4062  2.6209  2.8057  2.7721  2.4532  2.0350
    5.00   10.49  -1.1702 -0.0686  0.9126  1.5339  2.0955  2.3776  2.5910  2.7732  2.7384  2.4275  2.0010
    5.00   10.76  -1.1690 -0.0940  0.8839  1.5045  2.0659  2.3487  2.5611  2.7407  2.7046  2.4016  1.9669
    5.00   11.18  -1.1763 -0.1262  0.8483  1.4683  2.0295  2.3133  2.5240  2.7007  2.6630  2.3683  1.9252
    5.00   11.82  -1.2031 -0.1795  0.7909  1.4105  1.9715  2.2553  2.4643  2.6374  2.5965  2.3105  1.8589
    5.00   12.77  -1.2215 -0.2327  0.7335  1.3524  1.9135  2.1976  2.4045  2.5741  2.5299  2.2529  1.7926
    5.00   14.14  -1.2408 -0.2860  0.6761  1.2944  1.8555  2.1402  2.3448  2.5108  2.4632  2.1950  1.7263
    5.00   16.08  -1.2904 -0.3708  0.5862  1.2034  1.7635  2.0480  2.2502  2.4100  2.3549  2.0979  1.6235
    5.00   18.74  -1.3441 -0.4607  0.4910  1.1069  1.6658  1.9504  2.1499  2.3032  2.2401  1.9939  1.5146
    5.00   22.32  -1.3975 -0.5506  0.3955  1.0104  1.5682  1.8527  2.0495  2.1965  2.1248  1.8901  1.4057
    5.00   27.04  -1.4643 -0.6524  0.2883  0.9011  1.4568  1.7407  1.9338  2.0735  1.9919  1.7689  1.2825
    5.00   33.16  -1.5422 -0.7668  0.1678  0.7777  1.3304  1.6128  1.8013  1.9329  1.8395  1.6290  1.1443
    5.00   41.05  -1.6200 -0.8813  0.0475  0.6543  1.2042  1.4851  1.6686  1.7924  1.6872  1.4890  1.0057
    5.00   51.11  -1.6991 -0.9936 -0.0708  0.5329  1.0795  1.3586  1.5376  1.6534  1.5363  1.3507  0.8693
    5.00   63.89  -1.7523 -1.0856 -0.1693  0.4290  0.9703  1.2461  1.4193  1.5279  1.3986  1.2254  0.7506
    5.00   80.06  -1.8079 -1.1776 -0.2678  0.3251  0.8612  1.1334  1.3008  1.4025  1.2611  1.1004  0.6319
    5.00  100.50  -1.8658 -1.2696 -0.3663  0.2215  0.7519  1.0205  1.1827  1.2770  1.1237  0.9751  0.5133
    5.00  126.29  -1.9203 -1.3612 -0.4623  0.1177  0.6387  0.8987  1.0516  1.1284  0.9610  0.8294  0.3882
    5.00  158.81  -1.9752 -1.4526 -0.5572  0.0142  0.5240  0.7732  0.9158  0.9712  0.7888  0.6755  0.2604
    5.00  199.78  -2.0310 -1.5441 -0.6523 -0.0893  0.4092  0.6478  0.7800  0.8138  0.6166  0.5216  0.1324
    5.00  251.39  -2.0979 -1.6433 -0.7529 -0.2003  0.2835  0.5077  0.6268  0.6359  0.4237  0.3483 -0.0075
    5.00  316.39  -2.1756 -1.7583 -0.8643 -0.3258  0.1373  0.3393  0.4398  0.4181  0.1905  0.1371 -0.1711
    5.00  398.24  -2.2533 -1.8730 -0.9759 -0.4512 -0.0093  0.1711  0.2528  0.2002 -0.0425 -0.0742 -0.3347
    5.00  501.29  -2.3340 -1.9878 -1.0874 -0.5766 -0.1558  0.0027  0.0659 -0.0174 -0.2757 -0.2854 -0.4984
    5.00  631.04  -2.4754 -2.1652 -1.2326 -0.7040 -0.2682 -0.1037 -0.0380 -0.1251 -0.3934 -0.4032 -0.6589
    5.00  794.39  -2.6195 -2.3452 -1.3791 -0.8312 -0.3792 -0.2075 -0.1385 -0.2281 -0.5065 -0.5172 -0.8192
    5.25   10.05  -0.7894  0.2580  1.1987  1.7803  2.3040  2.5634  2.7609  2.9284  2.8915  2.5591  2.2076
    5.25   10.08  -0.7928  0.2548  1.1951  1.7767  2.3002  2.5600  2.7570  2.9241  2.8869  2.5563  2.2033
    5.25   10.12  -0.7955  0.2519  1.1918  1.7732  2.2966  2.5564  2.7532  2.9198  2.8823  2.5535  2.1992
    5.25   10.20  -0.7989  0.2487  1.1885  1.7696  2.2929  2.5529  2.7494  2.9156  2.8777  2.5506  2.1952
    5.25   10.31  -0.8114  0.2321  1.1700  1.7508  2.2738  2.5341  2.7298  2.8943  2.8556  2.5348  2.1730
    5.25   10.49  -0.8234  0.2072  1.1423  1.7225  2.2453  2.5060  2.7007  2.8626  2.8226  2.5110  2.1401
    5.25   10.76  -0.8242  0.1822  1.1146  1.6942  2.2167  2.4779  2.6716  2.8310  2.7895  2.4873  2.1072
    5.25   11.18  -0.8300  0.1507  1.0803  1.6594  2.1813  2.4432  2.6355  2.7923  2.7492  2.4559  2.0668
    5.25   11.82  -0.8574  0.0993  1.0248  1.6035  2.1250  2.3874  2.5780  2.7313  2.6854  2.4014  2.0029
    5.25   12.77  -0.8757  0.0478  0.9694  1.5476  2.0687  2.3315  2.5205  2.6704  2.6217  2.3469  1.9389
    5.25   14.14  -0.8947 -0.0037  0.9139  1.4915  2.0123  2.2758  2.4629  2.6094  2.5579  2.2922  1.8750
    5.25   16.08  -0.9443 -0.0862  0.8269  1.4033  1.9229  2.1864  2.3710  2.5119  2.4530  2.1987  1.7754
    5.25   18.74  -0.9976 -0.1738  0.7347  1.3101  1.8280  2.0914  2.2734  2.4083  2.3415  2.0987  1.6699
    5.25   22.32  -1.0507 -0.2613  0.6425  1.2166  1.7332  1.9964  2.1756  2.3046  2.2301  1.9986  1.5644
    5.25   27.04  -1.1155 -0.3600  0.5388  1.1106  1.6254  1.8876  2.0634  2.1859  2.1014  1.8820  1.4455
    5.25   33.16  -1.1921 -0.4709  0.4226  0.9916  1.5036  1.7638  1.9351  2.0503  1.9542  1.7474  1.3122
    5.25   41.05  -1.2689 -0.5817  0.3063  0.8725  1.3817  1.6400  1.8068  1.9148  1.8070  1.6128  1.1789
    5.25   51.11  -1.3445 -0.6902  0.1922  0.7553  1.2612  1.5176  1.6800  1.7808  1.6612  1.4795  1.0477
    5.25   63.89  -1.4008 -0.7790  0.0975  0.6557  1.1563  1.4088  1.5659  1.6596  1.5284  1.3593  0.9339
    5.25   80.06  -1.4560 -0.8678  0.0028  0.5558  1.0510  1.2998  1.4519  1.5385  1.3956  1.2390  0.8202
    5.25  100.50  -1.5122 -0.9565 -0.0919  0.4562  0.9458  1.1910  1.3378  1.4173  1.2627  1.1187  0.7064
    5.25  126.29  -1.5667 -1.0444 -0.1836  0.3569  0.8369  1.0735  1.2115  1.2741  1.1058  0.9787  0.5867
    5.25  158.81  -1.6213 -1.1320 -0.2741  0.2576  0.7266  0.9526  1.0803  1.1225  0.9400  0.8309  0.4648
    5.25  199.78  -1.6762 -1.2196 -0.3647  0.1583  0.6163  0.8317  0.9490  0.9706  0.7741  0.6832  0.3427
    5.25  251.39  -1.7384 -1.3150 -0.4608  0.0519  0.4953  0.6964  0.8006  0.7985  0.5877  0.5162  0.2087
    5.25  316.39  -1.8162 -1.4256 -0.5674 -0.0684  0.3539  0.5330  0.6190  0.5871  0.3616  0.3118  0.0518
    5.25  398.24  -1.8933 -1.5363 -0.6743 -0.1886  0.2123  0.3695  0.4374  0.3758  0.1357  0.1074 -0.1052
    5.25  501.29  -1.9722 -1.6470 -0.7812 -0.3088  0.0710  0.2062  0.2557  0.1644 -0.0905 -0.0967 -0.2621
    5.25  631.04  -2.1047 -1.8119 -0.9152 -0.4266 -0.0331  0.1069  0.1589  0.0634 -0.2014 -0.2075 -0.4140
    5.25  794.39  -2.2400 -1.9795 -1.0504 -0.5440 -0.1357  0.0107  0.0653 -0.0329 -0.3075 -0.3144 -0.5657
    5.50   10.05  -0.4444  0.5236  1.4160  1.9563  2.4405  2.6800  2.8574  3.0029  2.9600  2.6311  2.3322
    5.50   10.08  -0.4446  0.5234  1.4158  1.9560  2.4400  2.6797  2.8571  3.0026  2.9597  2.6309  2.3317
    5.50   10.12  -0.4449  0.5230  1.4155  1.9557  2.4398  2.6794  2.8568  3.0023  2.9594  2.6305  2.3314
    5.50   10.20  -0.4453  0.5228  1.4153  1.9554  2.4396  2.6791  2.8565  3.0020  2.9591  2.6302  2.3311
    5.50   10.31  -0.4605  0.5075  1.3986  1.9384  2.4224  2.6619  2.8388  2.9828  2.9390  2.6165  2.3114
    5.50   10.49  -0.4798  0.4828  1.3718  1.9112  2.3948  2.6344  2.8104  2.9520  2.9067  2.5947  2.2795
    5.50   10.76  -0.4903  0.4582  1.3454  1.8840  2.3674  2.6069  2.7820  2.9213  2.8745  2.5728  2.2474
    5.50   11.18  -0.4925  0.4276  1.3122  1.8504  2.3331  2.5730  2.7471  2.8838  2.8354  2.5437  2.2084
    5.50   11.82  -0.5175  0.3780  1.2588  1.7965  2.2785  2.5193  2.6918  2.8252  2.7744  2.4922  2.1468
    5.50   12.77  -0.5375  0.3284  1.2051  1.7427  2.2238  2.4653  2.6365  2.7667  2.7135  2.4408  2.0853
    5.50   14.14  -0.5553  0.2785  1.1516  1.6889  2.1690  2.4115  2.5811  2.7081  2.6526  2.3894  2.0237
    5.50   16.08  -0.6040  0.1984  1.0675  1.6035  2.0823  2.3245  2.4917  2.6137  2.5512  2.2993  1.9273
    5.50   18.74  -0.6567  0.1131  0.9785  1.5128  1.9903  2.2323  2.3967  2.5134  2.4431  2.2033  1.8252
    5.50   22.32  -0.7106  0.0279  0.8894  1.4225  1.8983  2.1398  2.3019  2.4131  2.3350  2.1070  1.7232
    5.50   27.04  -0.7728 -0.0678  0.7892  1.3201  1.7940  2.0345  2.1929  2.2982  2.2109  1.9951  1.6085
    5.50   33.16  -0.8485 -0.1749  0.6772  1.2054  1.6766  1.9146  2.0689  2.1678  2.0690  1.8657  1.4805
    5.50   41.05  -0.9230 -0.2820  0.5651  1.0906  1.5592  1.7949  1.9449  2.0373  1.9268  1.7365  1.3524
    5.50   51.11  -0.9972 -0.3869  0.4550  0.9777  1.4433  1.6765  1.8224  1.9082  1.7862  1.6086  1.2261
    5.50   63.89  -1.0520 -0.4724  0.3642  0.8822  1.3421  1.5714  1.7127  1.7914  1.6581  1.4932  1.1173
    5.50   80.06  -1.1079 -0.5580  0.2733  0.7867  1.2409  1.4664  1.6029  1.6745  1.5300  1.3779  1.0085
    5.50  100.50  -1.1623 -0.6436  0.1827  0.6910  1.1399  1.3615  1.4932  1.5577  1.4019  1.2625  0.8996
    5.50  126.29  -1.2165 -0.7277  0.0951  0.5959  1.0351  1.2483  1.3712  1.4198  1.2510  1.1282  0.7853
    5.50  158.81  -1.2710 -0.8115  0.0090  0.5009  0.9292  1.1318  1.2445  1.2736  1.0913  0.9863  0.6691
    5.50  199.78  -1.3246 -0.8952 -0.0771  0.4060  0.8233  1.0157  1.1181  1.1273  0.9315  0.8446  0.5528
    5.50  251.39  -1.3848 -0.9866 -0.1686  0.3042  0.7071  0.8851  0.9745  0.9612  0.7516  0.6841  0.4250
    5.50  316.39  -1.4623 -1.0931 -0.2707  0.1891  0.5706  0.7265  0.7981  0.7561  0.5326  0.4866  0.2748
    5.50  398.24  -1.5394 -1.1996 -0.3727  0.0740  0.4342  0.5679  0.6217  0.5512  0.3137  0.2895  0.1244
    5.50  501.29  -1.6155 -1.3062 -0.4748 -0.0411  0.2978  0.4094  0.4455  0.3460  0.0946  0.0920 -0.0259
    5.50  631.04  -1.7391 -1.4591 -0.5979 -0.1490  0.2020  0.3177  0.3555  0.2520 -0.0093 -0.0118 -0.1691
    5.50  794.39  -1.8645 -1.6138 -0.7216 -0.2566  0.1077  0.2290  0.2691  0.1624 -0.1086 -0.1118 -0.3120
    5.75   10.05  -0.1374  0.7586  1.6035  2.1083  2.5593  2.7815  2.9429  3.0680  3.0210  2.6946  2.4430
    5.75   10.08  -0.1377  0.7584  1.6034  2.1082  2.5593  2.7813  2.9427  3.0676  3.0209  2.6945  2.4430
    5.75   10.12  -0.1378  0.7583  1.6034  2.1080  2.5592  2.7812  2.9426  3.0676  3.0207  2.6944  2.4428
    5.75   10.20  -0.1379  0.7582  1.6032  2.1079  2.5590  2.7811  2.9424  3.0676  3.0206  2.6941  2.4426
    5.75   10.31  -0.1497  0.7464  1.5905  2.0948  2.5457  2.7678  2.9288  3.0526  3.0050  2.6842  2.4274
    5.75   10.49  -0.1687  0.7274  1.5701  2.0737  2.5243  2.7465  2.9067  3.0288  2.9800  2.6682  2.4027
    5.75   10.76  -0.1815  0.7085  1.5496  2.0528  2.5030  2.7252  2.8846  3.0050  2.9550  2.6523  2.3783
    5.75   11.18  -0.1877  0.6822  1.5216  2.0241  2.4741  2.6962  2.8548  2.9732  2.9218  2.6284  2.3451
    5.75   11.82  -0.2082  0.6330  1.4689  1.9711  2.4202  2.6428  2.8004  2.9161  2.8628  2.5794  2.2846
    5.75   12.77  -0.2314  0.5837  1.4160  1.9181  2.3663  2.5894  2.7460  2.8590  2.8037  2.5303  2.2243
    5.75   14.14  -0.2477  0.5346  1.3634  1.8652  2.3125  2.5360  2.6915  2.8019  2.7448  2.4814  2.1639
    5.75   16.08  -0.2973  0.4548  1.2804  1.7810  2.2267  2.4501  2.6032  2.7090  2.6450  2.3939  2.0692
    5.75   18.74  -0.3501  0.3701  1.1926  1.6917  2.1357  2.3586  2.5093  2.6101  2.5386  2.2998  1.9688
    5.75   22.32  -0.4039  0.2855  1.1048  1.6022  2.0447  2.2673  2.4152  2.5113  2.4322  2.2060  1.8683
    5.75   27.04  -0.4684  0.1914  1.0065  1.5019  1.9422  2.1637  2.3082  2.3987  2.3103  2.0966  1.7561
    5.75   33.16  -0.5447  0.0862  0.8969  1.3897  1.8270  2.0460  2.1867  2.2712  2.1715  1.9710  1.6311
    5.75   41.05  -0.6210 -0.0189  0.7873  1.2772  1.7119  1.9283  2.0652  2.1436  2.0329  1.8452  1.5061
    5.75   51.11  -0.6955 -0.1218  0.6797  1.1670  1.5985  1.8122  1.9452  2.0175  1.8955  1.7209  1.3831
    5.75   63.89  -0.7516 -0.2056  0.5913  1.0740  1.4998  1.7096  1.8378  1.9036  1.7705  1.6086  1.2773
    5.75   80.06  -0.8071 -0.2896  0.5028  0.9809  1.4012  1.6069  1.7304  1.7897  1.6456  1.4962  1.1715
    5.75  100.50  -0.8633 -0.3735  0.4143  0.8878  1.3025  1.5043  1.6229  1.6758  1.5205  1.3840  1.0657
    5.75  126.29  -0.9178 -0.4556  0.3296  0.7958  1.2009  1.3940  1.5043  1.5418  1.3739  1.2541  0.9558
    5.75  158.81  -0.9724 -0.5371  0.2464  0.7040  1.0983  1.2810  1.3815  1.3999  1.2189  1.1175  0.8443
    5.75  199.78  -1.0255 -0.6185  0.1630  0.6123  0.9957  1.1678  1.2585  1.2580  1.0638  0.9808  0.7328
    5.75  251.39  -1.0880 -0.7075  0.0745  0.5138  0.8827  1.0403  1.1188  1.0963  0.8890  0.8255  0.6098
    5.75  316.39  -1.1653 -0.8111 -0.0241  0.4021  0.7499  0.8855  0.9461  0.8964  0.6757  0.6337  0.4648
    5.75  398.24  -1.2405 -0.9144 -0.1228  0.2906  0.6171  0.7305  0.7734  0.6964  0.4624  0.4419  0.3198
    5.75  501.29  -1.3173 -1.0178 -0.2214  0.1788  0.4841  0.5757  0.6009  0.4964  0.2490  0.2503  0.1750
    5.75  631.04  -1.4327 -1.1603 -0.3353  0.0788  0.3950  0.4902  0.5165  0.4077  0.1506  0.1521  0.0390
    5.75  794.39  -1.5497 -1.3044 -0.4497 -0.0206  0.3078  0.4075  0.4359  0.3236  0.0571  0.0582 -0.0964
    6.00   10.05   0.1667  0.9936  1.7911  2.2604  2.6784  2.8830  3.0284  3.1328  3.0822  2.7581  2.5541
    6.00   10.08   0.1667  0.9936  1.7911  2.2604  2.6784  2.8830  3.0284  3.1328  3.0822  2.7581  2.5541
    6.00   10.12   0.1667  0.9936  1.7911  2.2604  2.6784  2.8830  3.0284  3.1328  3.0822  2.7581  2.5541
    6.00   10.20   0.1667  0.9936  1.7911  2.2604  2.6784  2.8830  3.0284  3.1328  3.0822  2.7581  2.5541
    6.00   10.31   0.1583  0.9853  1.7823  2.2510  2.6690  2.8736  3.0187  3.1225  3.0712  2.7519  2.5434
    6.00   10.49   0.1451  0.9720  1.7681  2.2363  2.6540  2.8585  3.0030  3.1057  3.0533  2.7418  2.5264
    6.00   10.76   0.1318  0.9587  1.7539  2.2215  2.6388  2.8434  2.9873  3.0887  3.0355  2.7317  2.5092
    6.00   11.18   0.1140  0.9369  1.7306  2.1979  2.6147  2.8193  2.9626  3.0625  3.0083  2.7129  2.4818
    6.00   11.82   0.0890  0.8881  1.6789  2.1457  2.5618  2.7663  2.9090  3.0069  2.9512  2.6665  2.4228
    6.00   12.77   0.0707  0.8393  1.6271  2.0936  2.5088  2.7134  2.8554  2.9513  2.8941  2.6200  2.3636
    6.00   14.14   0.0516  0.7904  1.5754  2.0416  2.4557  2.6604  2.8019  2.8957  2.8370  2.5736  2.3045
    6.00   16.08   0.0025  0.7113  1.4935  1.9585  2.3712  2.5754  2.7145  2.8042  2.7389  2.4883  2.2112
    6.00   18.74  -0.0518  0.6273  1.4069  1.8703  2.2810  2.4852  2.6216  2.7068  2.6342  2.3966  2.1123
    6.00   22.32  -0.1063  0.5433  1.3202  1.7821  2.1910  2.3949  2.5287  2.6096  2.5294  2.3048  2.0135
    6.00   27.04  -0.1709  0.4503  1.2238  1.6836  2.0903  2.2926  2.4234  2.4991  2.4100  2.1984  1.9036
    6.00   33.16  -0.2474  0.3473  1.1166  1.5738  1.9776  2.1774  2.3044  2.3745  2.2744  2.0762  1.7817
    6.00   41.05  -0.3240  0.2443  1.0095  1.4640  1.8648  2.0618  2.1853  2.2500  2.1390  1.9541  1.6598
    6.00   51.11  -0.3988  0.1434  0.9045  1.3563  1.7538  1.9479  2.0679  2.1269  2.0048  1.8331  1.5399
    6.00   63.89  -0.4549  0.0611  0.8184  1.2658  1.6577  1.8476  1.9629  2.0158  1.8829  1.7240  1.4371
    6.00   80.06  -0.5118 -0.0211  0.7323  1.1751  1.5614  1.7474  1.8579  1.9049  1.7610  1.6149  1.3344
    6.00  100.50  -0.5671 -0.1034  0.6463  1.0847  1.4654  1.6470  1.7528  1.7939  1.6391  1.5057  1.2319
    6.00  126.29  -0.6241 -0.1835  0.5642  0.9956  1.3668  1.5398  1.6375  1.6638  1.4967  1.3803  1.1262
    6.00  158.81  -0.6779 -0.2627  0.4837  0.9072  1.2674  1.4296  1.5183  1.5263  1.3466  1.2485  1.0194
    6.00  199.78  -0.7331 -0.3421  0.4031  0.8186  1.1678  1.3196  1.3992  1.3887  1.1963  1.1171  0.9126
    6.00  251.39  -0.7955 -0.4285  0.3178  0.7235  1.0585  1.1955  1.2630  1.2315  1.0264  0.9668  0.7946
    6.00  316.39  -0.8706 -0.5288  0.2226  0.6152  0.9291  1.0444  1.0941  1.0366  0.8187  0.7807  0.6550
    6.00  398.24  -0.9469 -0.6291  0.1272  0.5068  0.7998  0.8932  0.9251  0.8417  0.6111  0.5947  0.5153
    6.00  501.29  -1.0226 -0.7294  0.0319  0.3986  0.6706  0.7421  0.7561  0.6467  0.4033  0.4086  0.3756
    6.00  631.04  -1.1303 -0.8615 -0.0728  0.3067  0.5882  0.6625  0.6775  0.5635  0.3108  0.3164  0.2470
    6.00  794.39  -1.2396 -0.9949 -0.1779  0.2154  0.5077  0.5861  0.6026  0.4850  0.2229  0.2282  0.1191
    6.25   10.05   0.4358  1.2024  1.9521  2.3897  2.7829  2.9720  3.1054  3.1933  3.1390  2.8186  2.6571
    6.25   10.08   0.4358  1.2024  1.9521  2.3897  2.7829  2.9720  3.1054  3.1933  3.1390  2.8186  2.6571
    6.25   10.12   0.4358  1.2024  1.9521  2.3897  2.7829  2.9720  3.1054  3.1933  3.1390  2.8186  2.6571
    6.25   10.20   0.4358  1.2024  1.9521  2.3897  2.7829  2.9720  3.1054  3.1933  3.1390  2.8186  2.6571
    6.25   10.31   0.4318  1.1984  1.9477  2.3851  2.7783  2.9673  3.1006  3.1882  3.1334  2.8155  2.6517
    6.25   10.49   0.4252  1.1918  1.9406  2.3778  2.7707  2.9598  3.0928  3.1798  3.1248  2.8105  2.6432
    6.25   10.76   0.4187  1.1851  1.9335  2.3704  2.7632  2.9522  3.0849  3.1712  3.1156  2.8054  2.6346
    6.25   11.18   0.4025  1.1691  1.9165  2.3533  2.7455  2.9345  3.0668  3.1524  3.0962  2.7919  2.6148
    6.25   11.82   0.3570  1.1232  1.8683  2.3045  2.6959  2.8848  3.0166  3.1003  3.0429  2.7513  2.5596
    6.25   12.77   0.3397  1.0774  1.8201  2.2562  2.6464  2.8352  2.9663  3.0483  2.9897  2.7108  2.5045
    6.25   14.14   0.3235  1.0315  1.7718  2.2077  2.5968  2.7855  2.9159  2.9962  2.9365  2.6703  2.4493
    6.25   16.08   0.2761  0.9509  1.6888  2.1235  2.5108  2.6990  2.8273  2.9042  2.8383  2.5859  2.3552
    6.25   18.74   0.2199  0.8647  1.6000  2.0335  2.4188  2.6065  2.7325  2.8056  2.7328  2.4942  2.2549
    6.25   22.32   0.1617  0.7785  1.5113  1.9436  2.3267  2.5141  2.6377  2.7071  2.6273  2.4027  2.1542
    6.25   27.04   0.0943  0.6840  1.4138  1.8441  2.2249  2.4105  2.5314  2.5962  2.5077  2.2969  2.0439
    6.25   33.16   0.0182  0.5804  1.3069  1.7346  2.1118  2.2948  2.4126  2.4720  2.3726  2.1759  1.9226
    6.25   41.05  -0.0618  0.4768  1.1999  1.6250  1.9990  2.1792  2.2939  2.3478  2.2374  2.0550  1.8013
    6.25   51.11  -0.1392  0.3753  1.0950  1.5172  1.8878  2.0650  2.1763  2.2248  2.1038  1.9353  1.6820
    6.25   63.89  -0.1992  0.2922  1.0089  1.4267  1.7918  1.9647  2.0713  2.1142  1.9827  1.8272  1.5802
    6.25   80.06  -0.2590  0.2092  0.9228  1.3363  1.6958  1.8644  1.9663  2.0038  1.8616  1.7190  1.4783
    6.25  100.50  -0.3199  0.1263  0.8367  1.2457  1.5998  1.7641  1.8613  1.8934  1.7404  1.6109  1.3766
    6.25  126.29  -0.3775  0.0470  0.7560  1.1581  1.5028  1.6581  1.7476  1.7657  1.6009  1.4883  1.2736
    6.25  158.81  -0.4344 -0.0310  0.6774  1.0717  1.4054  1.5499  1.6307  1.6314  1.4543  1.3602  1.1703
    6.25  199.78  -0.4895 -0.1089  0.5989  0.9853  1.3081  1.4418  1.5137  1.4970  1.3078  1.2322  1.0669
    6.25  251.39  -0.5523 -0.1939  0.5154  0.8923  1.2005  1.3198  1.3798  1.3434  1.1419  1.0856  0.9525
    6.25  316.39  -0.6293 -0.2926  0.4223  0.7862  1.0732  1.1708  1.2134  1.1517  0.9382  0.9038  0.8168
    6.25  398.24  -0.7074 -0.3913  0.3290  0.6800  0.9459  1.0216  1.0470  0.9602  0.7347  0.7218  0.6811
    6.25  501.29  -0.7838 -0.4899  0.2358  0.5741  0.8185  0.8725  0.8806  0.7685  0.5311  0.5398  0.5456
    6.25  631.04  -0.8851 -0.6135  0.1384  0.4883  0.7415  0.7978  0.8064  0.6899  0.4433  0.4526  0.4232
    6.25  794.39  -0.9884 -0.7381  0.0409  0.4036  0.6665  0.7260  0.7362  0.6160  0.3600  0.3692  0.3016
    6.50   10.05   0.7042  1.4116  2.1131  2.5193  2.8874  3.0610  3.1823  3.2539  3.1960  2.8791  2.7601
    6.50   10.08   0.7042  1.4116  2.1131  2.5193  2.8874  3.0610  3.1823  3.2539  3.1960  2.8791  2.7601
    6.50   10.12   0.7042  1.4116  2.1131  2.5193  2.8874  3.0610  3.1823  3.2539  3.1960  2.8791  2.7601
    6.50   10.20   0.7042  1.4116  2.1131  2.5193  2.8874  3.0610  3.1823  3.2539  3.1960  2.8791  2.7601
    6.50   10.31   0.7042  1.4116  2.1131  2.5193  2.8874  3.0610  3.1823  3.2539  3.1960  2.8791  2.7601
    6.50   10.49   0.7042  1.4116  2.1131  2.5193  2.8874  3.0610  3.1823  3.2539  3.1960  2.8791  2.7601
    6.50   10.76   0.7042  1.4116  2.1131  2.5193  2.8874  3.0610  3.1823  3.2539  3.1960  2.8791  2.7601
    6.50   11.18   0.6938  1.4013  2.1024  2.5086  2.8763  3.0498  3.1711  3.2422  3.1843  2.8708  2.7478
    6.50   11.82   0.6510  1.3584  2.0577  2.4636  2.8301  3.0034  3.1242  3.1936  3.1346  2.8361  2.6967
    6.50   12.77   0.6080  1.3155  2.0131  2.4187  2.7840  2.9570  3.0769  3.1454  3.0855  2.8016  2.6454
    6.50   14.14   0.5880  1.2727  1.9683  2.3736  2.7378  2.9105  3.0300  3.0967  3.0359  2.7669  2.5942
    6.50   16.08   0.5400  1.1905  1.8840  2.2883  2.6505  2.8226  2.9402  3.0041  2.9376  2.6835  2.4994
    6.50   18.74   0.4837  1.1021  1.7932  2.1967  2.5564  2.7279  2.8435  2.9045  2.8314  2.5921  2.3971
    6.50   22.32   0.4238  1.0136  1.7023  2.1050  2.4623  2.6333  2.7467  2.8048  2.7253  2.5006  2.2951
    6.50   27.04   0.3548  0.9176  1.6039  2.0048  2.3591  2.5283  2.6394  2.6934  2.6053  2.3955  2.1842
    6.50   33.16   0.2751  0.8135  1.4971  1.8953  2.2460  2.4124  2.5208  2.5695  2.4708  2.2758  2.0635
    6.50   41.05   0.1949  0.7093  1.3901  1.7858  2.1331  2.2965  2.4022  2.4455  2.3362  2.1558  1.9427
    6.50   51.11   0.1140  0.6072  1.2854  1.6782  2.0218  2.1821  2.2850  2.3229  2.2030  2.0374  1.8240
    6.50   63.89   0.0520  0.5236  1.1995  1.5878  1.9260  2.0817  2.1800  2.2128  2.0826  1.9303  1.7232
    6.50   80.06  -0.0133  0.4399  1.1133  1.4972  1.8301  1.9814  2.0747  2.1026  1.9621  1.8232  1.6223
    6.50  100.50  -0.0749  0.3561  1.0272  1.4065  1.7342  1.8811  1.9698  1.9927  1.8417  1.7161  1.5213
    6.50  126.29  -0.1352  0.2775  0.9479  1.3207  1.6388  1.7765  1.8577  1.8675  1.7051  1.5964  1.4210
    6.50  158.81  -0.1915  0.2008  0.8713  1.2363  1.5436  1.6703  1.7430  1.7365  1.5622  1.4718  1.3212
    6.50  199.78  -0.2498  0.1242  0.7947  1.1519  1.4484  1.5640  1.6281  1.6054  1.4193  1.3474  1.2212
    6.50  251.39  -0.3157  0.0406  0.7131  1.0610  1.3427  1.4440  1.4967  1.4548  1.2572  1.2046  1.1103
    6.50  316.39  -0.3932 -0.0564  0.6220  0.9571  1.2174  1.2970  1.3329  1.2667  1.0578  1.0268  0.9787
    6.50  398.24  -0.4709 -0.1534  0.5308  0.8533  1.0918  1.1500  1.1687  1.0785  0.8584  0.8490  0.8470
    6.50  501.29  -0.5499 -0.2505  0.4398  0.7495  0.9664  1.0029  1.0049  0.8904  0.6590  0.6713  0.7154
    6.50  631.04  -0.6465 -0.3655  0.3497  0.6701  0.8947  0.9328  0.9353  0.8162  0.5757  0.5887  0.5992
    6.50  794.39  -0.7438 -0.4813  0.2595  0.5918  0.8252  0.8660  0.8697  0.7467  0.4974  0.5102  0.4837
    6.75   10.05   0.9330  1.5886  2.2387  2.6178  2.9674  3.1314  3.2450  3.3063  3.2456  2.9296  2.8526
    6.75   10.08   0.9330  1.5886  2.2387  2.6178  2.9674  3.1314  3.2450  3.3063  3.2456  2.9296  2.8526
    6.75   10.12   0.9330  1.5886  2.2387  2.6178  2.9674  3.1314  3.2450  3.3063  3.2456  2.9296  2.8526
    6.75   10.20   0.9330  1.5886  2.2387  2.6178  2.9674  3.1314  3.2450  3.3063  3.2456  2.9296  2.8526
    6.75   10.31   0.9330  1.5886  2.2387  2.6178  2.9674  3.1314  3.2450  3.3063  3.2456  2.9296  2.8526
    6.75   10.49   0.9330  1.5886  2.2387  2.6178  2.9674  3.1314  3.2450  3.3063  3.2456  2.9296  2.8526
    6.75   10.76   0.9330  1.5886  2.2387  2.6178  2.9674  3.1314  3.2450  3.3063  3.2456  2.9296  2.8526
    6.75   11.18   0.9273  1.5829  2.2328  2.6119  2.9612  3.1253  3.2386  3.2999  3.2389  2.9251  2.8459
    6.75   11.82   0.9035  1.5591  2.2079  2.5869  2.9355  3.0996  3.2125  3.2731  3.2115  2.9067  2.8176
    6.75   12.77   0.8797  1.5353  2.1831  2.5621  2.9097  3.0738  3.1863  3.2461  3.1839  2.8882  2.7893
    6.75   14.14   0.8558  1.5114  2.1586  2.5373  2.8840  3.0481  3.1600  3.2192  3.1563  2.8697  2.7611
    6.75   16.08   0.7839  1.4268  2.0725  2.4504  2.7948  2.9579  3.0686  3.1258  3.0586  2.7892  2.6644
    6.75   18.74   0.7282  1.3326  1.9765  2.3535  2.6952  2.8571  2.9665  3.0217  2.9494  2.6987  2.5566
    6.75   22.32   0.6673  1.2380  1.8805  2.2566  2.5956  2.7564  2.8645  2.9175  2.8403  2.6082  2.4487
    6.75   27.04   0.5920  1.1369  1.7774  2.1518  2.4876  2.6463  2.7524  2.8021  2.7171  2.5024  2.3328
    6.75   33.16   0.5088  1.0282  1.6666  2.0382  2.3704  2.5260  2.6292  2.6744  2.5786  2.3801  2.2084
    6.75   41.05   0.4212  0.9195  1.5558  1.9245  2.2530  2.4058  2.5062  2.5469  2.4402  2.2576  2.0837
    6.75   51.11   0.3350  0.8130  1.4474  1.8131  2.1377  2.2872  2.3847  2.4207  2.3033  2.1367  1.9614
    6.75   63.89   0.2676  0.7265  1.3595  1.7208  2.0397  2.1846  2.2775  2.3088  2.1806  2.0285  1.8591
    6.75   80.06   0.1988  0.6401  1.2716  1.6284  1.9418  2.0816  2.1704  2.1971  2.0583  1.9202  1.7569
    6.75  100.50   0.1306  0.5539  1.1836  1.5361  1.8438  1.9788  2.0634  2.0851  1.9358  1.8119  1.6547
    6.75  126.29   0.0685  0.4751  1.1049  1.4509  1.7490  1.8748  1.9521  1.9616  1.8010  1.6942  1.5564
    6.75  158.81   0.0104  0.3993  1.0296  1.3683  1.6553  1.7703  1.8393  1.8333  1.6616  1.5729  1.4595
    6.75  199.78  -0.0502  0.3235  0.9543  1.2858  1.5618  1.6660  1.7264  1.7051  1.5221  1.4517  1.3626
    6.75  251.39  -0.1160  0.2410  0.8742  1.1967  1.4580  1.5476  1.5970  1.5575  1.3635  1.3125  1.2549
    6.75  316.39  -0.1964  0.1453  0.7849  1.0947  1.3345  1.4023  1.4355  1.3727  1.1681  1.1386  1.1268
    6.75  398.24  -0.2746  0.0496  0.6955  0.9928  1.2112  1.2572  1.2740  1.1876  0.9724  0.9649  0.9985
    6.75  501.29  -0.3555 -0.0461  0.6062  0.8909  1.0878  1.1120  1.1122  1.0028  0.7768  0.7910  0.8702
    6.75  631.04  -0.4473 -0.1537  0.5221  0.8166  1.0205  1.0457  1.0467  0.9327  0.6980  0.7130  0.7597
    6.75  794.39  -0.5396 -0.2619  0.4382  0.7435  0.9555  0.9829  0.9850  0.8674  0.6240  0.6390  0.6500
    7.00   10.05   1.1579  1.7657  2.3642  2.7163  3.0474  3.2021  3.3074  3.3588  3.2949  2.9801  2.9451
    7.00   10.08   1.1579  1.7657  2.3642  2.7163  3.0474  3.2021  3.3074  3.3588  3.2949  2.9801  2.9451
    7.00   10.12   1.1579  1.7657  2.3642  2.7163  3.0474  3.2021  3.3074  3.3588  3.2949  2.9801  2.9451
    7.00   10.20   1.1579  1.7657  2.3642  2.7163  3.0474  3.2021  3.3074  3.3588  3.2949  2.9801  2.9451
    7.00   10.31   1.1579  1.7657  2.3642  2.7163  3.0474  3.2021  3.3074  3.3588  3.2949  2.9801  2.9451
    7.00   10.49   1.1579  1.7657  2.3642  2.7163  3.0474  3.2021  3.3074  3.3588  3.2949  2.9801  2.9451
    7.00   10.76   1.1579  1.7657  2.3642  2.7163  3.0474  3.2021  3.3074  3.3588  3.2949  2.9801  2.9451
    7.00   11.18   1.1566  1.7644  2.3628  2.7151  3.0461  3.2007  3.3062  3.3577  3.2936  2.9795  2.9438
    7.00   11.82   1.1519  1.7598  2.3581  2.7104  3.0408  3.1959  3.3008  3.3522  3.2879  2.9772  2.9385
    7.00   12.77   1.1473  1.7550  2.3536  2.7057  3.0355  3.1906  3.2955  3.3469  3.2824  2.9748  2.9332
    7.00   14.14   1.1426  1.7503  2.3488  2.7010  3.0302  3.1856  3.2902  3.3416  3.2769  2.9724  2.9279
    7.00   16.08   1.0557  1.6634  2.2609  2.6125  2.9391  3.0931  3.1972  3.2475  3.1796  2.8950  2.8294
    7.00   18.74   0.9573  1.5631  2.1599  2.5105  2.8341  2.9863  3.0895  3.1390  3.0673  2.8054  2.7158
    7.00   22.32   0.8961  1.4629  2.0587  2.4085  2.7290  2.8795  2.9822  3.0304  2.9553  2.7157  2.6022
    7.00   27.04   0.8220  1.3561  1.9510  2.2989  2.6160  2.7642  2.8652  2.9108  2.8287  2.6092  2.4814
    7.00   33.16   0.7339  1.2428  1.8362  2.1809  2.4945  2.6397  2.7377  2.7795  2.6863  2.4844  2.3532
    7.00   41.05   0.6419  1.1296  1.7214  2.0633  2.3729  2.5151  2.6101  2.6481  2.5441  2.3595  2.2247
    7.00   51.11   0.5509  1.0187  1.6092  1.9479  2.2533  2.3925  2.4845  2.5185  2.4035  2.2362  2.0987
    7.00   63.89   0.4796  0.9297  1.5194  1.8538  2.1534  2.2872  2.3753  2.4050  2.2790  2.1266  1.9952
    7.00   80.06   0.4062  0.8406  1.4297  1.7597  2.0534  2.1817  2.2660  2.2914  2.1545  2.0172  1.8917
    7.00  100.50   0.3318  0.7515  1.3402  1.6657  1.9534  2.0765  2.1571  2.1778  2.0299  1.9077  1.7881
    7.00  126.29   0.2686  0.6728  1.2620  1.5811  1.8591  1.9731  2.0465  2.0556  1.8970  1.7921  1.6916
    7.00  158.81   0.2068  0.5979  1.1877  1.5003  1.7671  1.8704  1.9356  1.9302  1.7610  1.6741  1.5978
    7.00  199.78   0.1455  0.5230  1.1139  1.4196  1.6751  1.7677  1.8246  1.8047  1.6248  1.5560  1.5039
    7.00  251.39   0.0773  0.4415  1.0353  1.3322  1.5732  1.6512  1.6973  1.6602  1.4698  1.4204  1.3997
    7.00  316.39  -0.0033  0.3473  0.9478  1.2323  1.4520  1.5077  1.5382  1.4785  1.2782  1.2506  1.2748
    7.00  398.24  -0.0837  0.2527  0.8602  1.1323  1.3306  1.3643  1.3790  1.2967  1.0864  1.0807  1.1501
    7.00  501.29  -0.1657  0.1584  0.7726  1.0323  1.2094  1.2209  1.2196  1.1153  0.8947  0.9109  1.0251
    7.00  631.04  -0.2535  0.0580  0.6945  0.9632  1.1463  1.1584  1.1578  1.0492  0.8201  0.8373  0.9203
    7.00  794.39  -0.3415 -0.0426  0.6168  0.8953  1.0858  1.0998  1.1002  0.9881  0.7505  0.7677  0.8163
    7.25   10.05   1.3397  1.9056  2.4550  2.7838  3.1024  3.2535  3.3539  3.4038  3.3376  3.0186  3.0246
    7.25   10.08   1.3397  1.9056  2.4550  2.7838  3.1024  3.2535  3.3539  3.4038  3.3376  3.0186  3.0246
    7.25   10.12   1.3397  1.9056  2.4550  2.7838  3.1024  3.2535  3.3539  3.4038  3.3376  3.0186  3.0246
    7.25   10.20   1.3397  1.9056  2.4550  2.7838  3.1024  3.2535  3.3539  3.4038  3.3376  3.0186  3.0246
    7.25   10.31   1.3397  1.9056  2.4550  2.7838  3.1024  3.2535  3.3539  3.4038  3.3376  3.0186  3.0246
    7.25   10.49   1.3397  1.9056  2.4550  2.7838  3.1024  3.2535  3.3539  3.4038  3.3376  3.0186  3.0246
    7.25   10.76   1.3397  1.9056  2.4550  2.7838  3.1024  3.2535  3.3539  3.4038  3.3376  3.0186  3.0246
    7.25   11.18   1.3392  1.9050  2.4546  2.7833  3.1017  3.2529  3.3532  3.4033  3.3369  3.0183  3.0240
    7.25   11.82   1.3366  1.9027  2.4521  2.7809  3.0991  3.2504  3.3505  3.4005  3.3341  3.0172  3.0213
    7.25   12.77   1.3344  1.9003  2.4499  2.7785  3.0964  3.2480  3.3480  3.3979  3.3313  3.0159  3.0186
    7.25   14.14   1.3321  1.8979  2.4474  2.7761  3.0938  3.2455  3.3453  3.3954  3.3285  3.0148  3.0160
    7.25   16.08   1.2719  1.8376  2.3870  2.7150  3.0303  3.1806  3.2802  3.3301  3.2616  2.9642  2.9475
    7.25   18.74   1.2018  1.7677  2.3172  2.6443  2.9569  3.1060  3.2052  3.2545  3.1843  2.9056  2.8684
    7.25   22.32   1.1321  1.6980  2.2474  2.5736  2.8836  3.0314  3.1300  3.1791  3.1070  2.8471  2.7892
    7.25   27.04   1.0627  1.5989  2.1483  2.4725  2.7788  2.9242  3.0216  3.0693  2.9913  2.7512  2.6780
    7.25   33.16   0.9649  1.4686  2.0174  2.3386  2.6398  2.7819  2.8772  2.9223  2.8334  2.6152  2.5317
    7.25   41.05   0.8568  1.3379  1.8864  2.2046  2.5010  2.6396  2.7329  2.7752  2.6756  2.4792  2.3855
    7.25   51.11   0.7480  1.2108  1.7589  2.0742  2.3651  2.5002  2.5913  2.6308  2.5202  2.3450  2.2430
    7.25   63.89   0.6665  1.1143  1.6621  1.9730  2.2576  2.3874  2.4747  2.5101  2.3882  2.2298  2.1329
    7.25   80.06   0.5837  1.0177  1.5651  1.8718  2.1505  2.2744  2.3582  2.3893  2.2561  2.1143  2.0226
    7.25  100.50   0.4994  0.9212  1.4682  1.7706  2.0430  2.1615  2.2415  2.2688  2.1240  1.9989  1.9124
    7.25  126.29   0.4308  0.8403  1.3888  1.6850  1.9477  2.0570  2.1300  2.1465  1.9912  1.8837  1.8160
    7.25  158.81   0.3678  0.7657  1.3159  1.6054  1.8572  1.9557  2.0206  2.0237  1.8580  1.7686  1.7249
    7.25  199.78   0.3042  0.6910  1.2431  1.5259  1.7666  1.8543  1.9111  1.9009  1.7249  1.6536  1.6338
    7.25  251.39   0.2340  0.6098  1.1657  1.4399  1.6662  1.7392  1.7853  1.7591  1.5729  1.5210  1.5322
    7.25  316.39   0.1506  0.5164  1.0793  1.3414  1.5463  1.5971  1.6278  1.5800  1.3845  1.3546  1.4109
    7.25  398.24   0.0682  0.4227  0.9930  1.2432  1.4264  1.4549  1.4702  1.4011  1.1960  1.1883  1.2895
    7.25  501.29  -0.0164  0.3293  0.9065  1.1447  1.3067  1.3127  1.3127  1.2221  1.0076  1.0218  1.1679
    7.25  631.04  -0.1002  0.2351  0.8333  1.0796  1.2473  1.2538  1.2542  1.1600  0.9372  0.9522  1.0684
    7.25  794.39  -0.1835  0.1409  0.7605  1.0160  1.1902  1.1986  1.2001  1.1030  0.8717  0.8867  0.9696
    7.50   10.05   1.5163  2.0456  2.5461  2.8513  3.1576  3.3049  3.4004  3.4489  3.3801  3.0571  3.1041
    7.50   10.08   1.5163  2.0456  2.5461  2.8513  3.1576  3.3049  3.4004  3.4489  3.3801  3.0571  3.1041
    7.50   10.12   1.5163  2.0456  2.5461  2.8513  3.1576  3.3049  3.4004  3.4489  3.3801  3.0571  3.1041
    7.50   10.20   1.5163  2.0456  2.5461  2.8513  3.1576  3.3049  3.4004  3.4489  3.3801  3.0571  3.1041
    7.50   10.31   1.5163  2.0456  2.5461  2.8513  3.1576  3.3049  3.4004  3.4489  3.3801  3.0571  3.1041
    7.50   10.49   1.5163  2.0456  2.5461  2.8513  3.1576  3.3049  3.4004  3.4489  3.3801  3.0571  3.1041
    7.50   10.76   1.5163  2.0456  2.5461  2.8513  3.1576  3.3049  3.4004  3.4489  3.3801  3.0571  3.1041
    7.50   11.18   1.5163  2.0456  2.5461  2.8513  3.1576  3.3049  3.4004  3.4489  3.3801  3.0571  3.1041
    7.50   11.82   1.5163  2.0456  2.5461  2.8513  3.1576  3.3049  3.4004  3.4489  3.3801  3.0571  3.1041
    7.50   12.77   1.5163  2.0456  2.5461  2.8513  3.1576  3.3049  3.4004  3.4489  3.3801  3.0571  3.1041
    7.50   14.14   1.5163  2.0456  2.5461  2.8513  3.1576  3.3049  3.4004  3.4489  3.3801  3.0571  3.1041
    7.50   16.08   1.4825  2.0118  2.5130  2.8175  3.1215  3.2685  3.3635  3.4125  3.3436  3.0334  3.0657
    7.50   18.74   1.4431  1.9724  2.4747  2.7781  3.0798  3.2258  3.3206  3.3701  3.3013  3.0059  3.0210
    7.50   22.32   1.4038  1.9331  2.4361  2.7387  3.0381  3.1831  3.2778  3.3278  3.2591  2.9784  2.9764
    7.50   27.04   1.3124  1.8418  2.3457  2.6463  2.9414  3.0842  3.1779  3.2277  3.1538  2.8934  2.8744
    7.50   33.16   1.1770  1.6941  2.1983  2.4964  2.7852  2.9241  3.0168  3.0651  2.9804  2.7461  2.7105
    7.50   41.05   1.0628  1.5464  2.0515  2.3463  2.6290  2.7641  2.8555  2.9024  2.8071  2.5988  2.5466
    7.50   51.11   0.9402  1.4031  1.9087  2.2003  2.4768  2.6080  2.6980  2.7431  2.6370  2.4539  2.3875
    7.50   63.89   0.8497  1.2990  1.8046  2.0922  2.3622  2.4876  2.5741  2.6152  2.4974  2.3328  2.2705
    7.50   80.06   0.7577  1.1951  1.7004  1.9839  2.2473  2.3672  2.4501  2.4875  2.3578  2.2115  2.1538
    7.50  100.50   0.6635  1.0908  1.5963  1.8756  2.1326  2.2467  2.3262  2.3597  2.2180  2.0903  2.0368
    7.50  126.29   0.5897  1.0079  1.5156  1.7888  2.0363  2.1410  2.2137  2.2373  2.0851  1.9754  1.9404
    7.50  158.81   0.5237  0.9334  1.4439  1.7105  1.9472  2.0410  2.1058  2.1172  1.9551  1.8632  1.8520
    7.50  199.78   0.4581  0.8588  1.3724  1.6321  1.8582  1.9410  1.9977  1.9972  1.8249  1.7511  1.7635
    7.50  251.39   0.3853  0.7782  1.2961  1.5474  1.7591  1.8271  1.8734  1.8580  1.6760  1.6217  1.6649
    7.50  316.39   0.2997  0.6855  1.2110  1.4507  1.6409  1.6862  1.7175  1.6816  1.4909  1.4587  1.5469
    7.50  398.24   0.2143  0.5929  1.1257  1.3538  1.5225  1.5454  1.5616  1.5053  1.3055  1.2956  1.4289
    7.50  501.29   0.1292  0.5004  1.0405  1.2573  1.4040  1.4047  1.4057  1.3290  1.1202  1.1325  1.3108
    7.50  631.04   0.0483  0.4121  0.9720  1.1963  1.3483  1.3492  1.3505  1.2707  1.0542  1.0672  1.2166
    7.50  794.39  -0.0323  0.3241  0.9042  1.1366  1.2951  1.2973  1.2998  1.2177  0.9929  1.0058  1.1230
    7.75   10.05   1.6438  2.1411  2.6011  2.8883  3.1868  3.3360  3.4295  3.4788  3.4090  3.0791  3.1615
    7.75   10.08   1.6438  2.1411  2.6011  2.8883  3.1868  3.3360  3.4295  3.4788  3.4090  3.0791  3.1615
    7.75   10.12   1.6438  2.1411  2.6011  2.8883  3.1868  3.3360  3.4295  3.4788  3.4090  3.0791  3.1615
    7.75   10.20   1.6438  2.1411  2.6011  2.8883  3.1868  3.3360  3.4295  3.4788  3.4090  3.0791  3.1615
    7.75   10.31   1.6438  2.1411  2.6011  2.8883  3.1868  3.3360  3.4295  3.4788  3.4090  3.0791  3.1615
    7.75   10.49   1.6438  2.1411  2.6011  2.8883  3.1868  3.3360  3.4295  3.4788  3.4090  3.0791  3.1615
    7.75   10.76   1.6438  2.1411  2.6011  2.8883  3.1868  3.3360  3.4295  3.4788  3.4090  3.0791  3.1615
    7.75   11.18   1.6438  2.1411  2.6011  2.8883  3.1868  3.3360  3.4295  3.4788  3.4090  3.0791  3.1615
    7.75   11.82   1.6438  2.1411  2.6011  2.8883  3.1868  3.3360  3.4295  3.4788  3.4090  3.0791  3.1615
    7.75   12.77   1.6438  2.1411  2.6011  2.8883  3.1868  3.3360  3.4295  3.4788  3.4090  3.0791  3.1615
    7.75   14.14   1.6438  2.1411  2.6011  2.8883  3.1868  3.3360  3.4295  3.4788  3.4090  3.0791  3.1615
    7.75   16.08   1.6270  2.1242  2.5846  2.8714  3.1690  3.3177  3.4110  3.4607  3.3909  3.0673  3.1422
    7.75   18.74   1.6072  2.1045  2.5653  2.8517  3.1480  3.2965  3.3895  3.4396  3.3696  3.0535  3.1200
    7.75   22.32   1.5876  2.0848  2.5461  2.8320  3.1272  3.2752  3.3682  3.4184  3.3484  3.0398  3.0977
    7.75   27.04   1.5161  2.0134  2.4759  2.7602  3.0516  3.1973  3.2900  3.3409  3.2677  2.9764  3.0178
    7.75   33.16   1.3885  1.8859  2.3505  2.6318  2.9165  3.0582  3.1507  3.2024  3.1218  2.8595  2.8757
    7.75   41.05   1.2609  1.7583  2.2249  2.5033  2.7814  2.9191  3.0113  3.0638  2.9761  2.7424  2.7335
    7.75   51.11   1.1613  1.6306  2.0992  2.3744  2.6457  2.7792  2.8708  2.9235  2.8283  2.6227  2.5912
    7.75   63.89   1.0471  1.5008  1.9705  2.2410  2.5049  2.6320  2.7202  2.7700  2.6613  2.4790  2.4485
    7.75   80.06   0.9272  1.3712  1.8419  2.1076  2.3638  2.4845  2.5697  2.6164  2.4943  2.3352  2.3056
    7.75  100.50   0.8038  1.2414  1.7131  1.9741  2.2228  2.3373  2.4191  2.4629  2.3273  2.1913  2.1627
    7.75  126.29   0.7202  1.1506  1.6252  1.8804  2.1192  2.2239  2.2993  2.3345  2.1879  2.0716  2.0599
    7.75  158.81   0.6496  1.0748  1.5530  1.8020  2.0300  2.1237  2.1916  2.2159  2.0589  1.9613  1.9728
    7.75  199.78   0.5792  0.9991  1.4808  1.7235  1.9407  2.0236  2.0841  2.0971  1.9300  1.8510  1.8856
    7.75  251.39   0.5025  0.9175  1.4044  1.6390  1.8418  1.9097  1.9600  1.9593  1.7826  1.7235  1.7888
    7.75  316.39   0.4145  0.8246  1.3196  1.5428  1.7237  1.7692  1.8046  1.7840  1.5990  1.5627  1.6730
    7.75  398.24   0.3255  0.7317  1.2347  1.4464  1.6056  1.6287  1.6490  1.6087  1.4155  1.4018  1.5574
    7.75  501.29   0.2376  0.6388  1.1500  1.3502  1.4876  1.4881  1.4936  1.4335  1.2318  1.2411  1.4418
    7.75  631.04   0.1596  0.5557  1.0854  1.2925  1.4346  1.4357  1.4417  1.3791  1.1695  1.1794  1.3521
    7.75  794.39   0.0810  0.4727  1.0217  1.2363  1.3846  1.3867  1.3941  1.3297  1.1125  1.1223  1.2636
    8.00   10.05   1.7659  2.2366  2.6561  2.9253  3.2163  3.3669  3.4583  3.5088  3.4380  3.1012  3.2191
    8.00   10.08   1.7659  2.2366  2.6561  2.9253  3.2163  3.3669  3.4583  3.5088  3.4380  3.1012  3.2191
    8.00   10.12   1.7659  2.2366  2.6561  2.9253  3.2163  3.3669  3.4583  3.5088  3.4380  3.1012  3.2191
    8.00   10.20   1.7659  2.2366  2.6561  2.9253  3.2163  3.3669  3.4583  3.5088  3.4380  3.1012  3.2191
    8.00   10.31   1.7659  2.2366  2.6561  2.9253  3.2163  3.3669  3.4583  3.5088  3.4380  3.1012  3.2191
    8.00   10.49   1.7659  2.2366  2.6561  2.9253  3.2163  3.3669  3.4583  3.5088  3.4380  3.1012  3.2191
    8.00   10.76   1.7659  2.2366  2.6561  2.9253  3.2163  3.3669  3.4583  3.5088  3.4380  3.1012  3.2191
    8.00   11.18   1.7659  2.2366  2.6561  2.9253  3.2163  3.3669  3.4583  3.5088  3.4380  3.1012  3.2191
    8.00   11.82   1.7659  2.2366  2.6561  2.9253  3.2163  3.3669  3.4583  3.5088  3.4380  3.1012  3.2191
    8.00   12.77   1.7659  2.2366  2.6561  2.9253  3.2163  3.3669  3.4583  3.5088  3.4380  3.1012  3.2191
    8.00   14.14   1.7659  2.2366  2.6561  2.9253  3.2163  3.3669  3.4583  3.5088  3.4380  3.1012  3.2191
    8.00   16.08   1.7659  2.2366  2.6561  2.9253  3.2163  3.3669  3.4583  3.5088  3.4380  3.1012  3.2191
    8.00   18.74   1.7659  2.2366  2.6561  2.9253  3.2163  3.3669  3.4583  3.5088  3.4380  3.1012  3.2191
    8.00   22.32   1.7659  2.2366  2.6561  2.9253  3.2163  3.3669  3.4583  3.5088  3.4380  3.1012  3.2191
    8.00   27.04   1.7144  2.1851  2.6062  2.8740  3.1617  3.3103  3.4020  3.4540  3.3813  3.0595  3.1611
    8.00   33.16   1.6069  2.0776  2.5024  2.7672  3.0478  3.1924  3.2844  3.3395  3.2633  2.9728  3.0409
    8.00   41.05   1.4996  1.9703  2.3986  2.6604  2.9339  3.0742  3.1670  3.2248  3.1452  2.8861  2.9205
    8.00   51.11   1.3873  1.8580  2.2896  2.5485  2.8146  2.9506  3.0437  3.1038  3.0196  2.7915  2.7952
    8.00   63.89   1.2435  1.7027  2.1365  2.3897  2.6475  2.7763  2.8665  2.9247  2.8252  2.6252  2.6263
    8.00   80.06   1.0949  1.5474  1.9833  2.2312  2.4804  2.6020  2.6893  2.7454  2.6308  2.4589  2.4573
    8.00  100.50   0.9439  1.3920  1.8300  2.0727  2.3131  2.4278  2.5121  2.5661  2.4365  2.2927  2.2883
    8.00  126.29   0.8490  1.2931  1.7347  1.9719  2.2020  2.3068  2.3851  2.4315  2.2903  2.1677  2.1793
    8.00  158.81   0.7742  1.2163  1.6619  1.8935  2.1127  2.2065  2.2778  2.3143  2.1626  2.0593  2.0935
    8.00  199.78   0.6969  1.1394  1.5892  1.8150  2.0234  2.1060  2.1704  2.1971  2.0352  1.9507  2.0077
    8.00  251.39   0.6175  1.0569  1.5125  1.7307  1.9244  1.9923  2.0467  2.0608  1.8891  1.8252  1.9126
    8.00  316.39   0.5246  0.9637  1.4281  1.6348  1.8066  1.8520  1.8917  1.8864  1.7072  1.6667  1.7993
    8.00  398.24   0.4329  0.8705  1.3439  1.5390  1.6888  1.7118  1.7366  1.7121  1.5252  1.5080  1.6860
    8.00  501.29   0.3417  0.7773  1.2595  1.4431  1.5711  1.5716  1.5816  1.5379  1.3434  1.3495  1.5726
    8.00  631.04   0.2649  0.6990  1.1987  1.3887  1.5211  1.5221  1.5328  1.4873  1.2851  1.2919  1.4877
    8.00  794.39   0.1886  0.6213  1.1391  1.3360  1.4741  1.4762  1.4885  1.4418  1.2321  1.2386  1.4041
