Eastern North America high ground motion CLASS C, distance is Rhypo (depth 10 km). Log10 hazard values in cgs units  PGA 0.02 PGV 0.01. Original file GMPEt_ENA_med.dat,provided by G Atkinson 20120807
      15      30      11        : nmag, ndist, nperiod
                      10       5       2       1     0.5  0.3003     0.2     0.1    0.05    0.02    0.01
                    0.62    0.62    0.62    0.62    0.58    0.54    0.53    0.53    0.53    0.53    0.62
    4.50   10.05  -1.7065 -0.3944  0.8011  1.5072  2.1294  2.4189  2.6814  2.9459  2.9140  2.6791  2.2212
    4.50   10.08  -1.7169 -0.4047  0.7849  1.4917  2.1152  2.4073  2.6672  2.9255  2.8898  2.6620  2.2015
    4.50   10.12  -1.7242 -0.4151  0.7686  1.4759  2.1010  2.3953  2.6530  2.9051  2.8655  2.6447  2.1819
    4.50   10.20  -1.7242 -0.4256  0.7521  1.4601  2.0867  2.3833  2.6387  2.8845  2.8411  2.6275  2.1623
    4.50   10.31  -1.7371 -0.4490  0.7180  1.4276  2.0580  2.3586  2.6104  2.8454  2.7963  2.5916  2.1210
    4.50   10.49  -1.7414 -0.4803  0.6730  1.3851  2.0203  2.3261  2.5732  2.7947  2.7388  2.5442  2.0662
    4.50   10.76  -1.7482 -0.5120  0.6279  1.3423  1.9826  2.2934  2.5361  2.7439  2.6812  2.4966  2.0113
    4.50   11.18  -1.7624 -0.5511  0.5765  1.2928  1.9381  2.2535  2.4920  2.6868  2.6183  2.4419  1.9485
    4.50   11.82  -1.7921 -0.6140  0.5063  1.2238  1.8732  2.1920  2.4264  2.6104  2.5389  2.3652  1.8614
    4.50   12.77  -1.8174 -0.6771  0.4358  1.1539  1.8079  2.1298  2.3607  2.5336  2.4590  2.2881  1.7740
    4.50   14.14  -1.8434 -0.7409  0.3648  1.0838  1.7424  2.0675  2.2944  2.4564  2.3790  2.2108  1.6861
    4.50   16.08  -1.8966 -0.8342  0.2692  0.9837  1.6415  1.9648  2.1900  2.3460  2.2715  2.0987  1.5665
    4.50   18.74  -1.9549 -0.9330  0.1691  0.8781  1.5343  1.8550  2.0786  2.2298  2.1591  1.9802  1.4409
    4.50   22.32  -2.0138 -1.0327  0.0684  0.7716  1.4264  1.7444  1.9666  2.1127  2.0458  1.8610  1.3148
    4.50   27.04  -2.0848 -1.1453 -0.0472  0.6495  1.3013  1.6165  1.8360  1.9775  1.9115  1.7224  1.1734
    4.50   33.16  -2.1708 -1.2723 -0.1791  0.5105  1.1572  1.4698  1.6851  1.8225  1.7541  1.5627  1.0157
    4.50   41.05  -2.2568 -1.4008 -0.3128  0.3699  1.0114  1.3214  1.5325  1.6657  1.5950  1.4012  0.8564
    4.50   51.11  -2.3441 -1.5295 -0.4470  0.2293  0.8660  1.1737  1.3805  1.5090  1.4343  1.2393  0.6976
    4.50   63.89  -2.4163 -1.6413 -0.5700  0.1078  0.7400  1.0499  1.2485  1.3684  1.2755  1.0903  0.5606
    4.50   80.06  -2.4897 -1.7564 -0.6965 -0.0172  0.6106  0.9226  1.1134  1.2248  1.1133  0.9379  0.4204
    4.50  100.50  -2.5667 -1.8757 -0.8270 -0.1463  0.4770  0.7911  0.9737  1.0764  0.9468  0.7812  0.2758
    4.50  126.29  -2.6142 -1.9635 -0.9278 -0.2442  0.3722  0.6838  0.8547  0.9370  0.7893  0.6416  0.1571
    4.50  158.81  -2.6561 -2.0469 -1.0248 -0.3380  0.2703  0.5778  0.7358  0.7926  0.6271  0.5009  0.0401
    4.50  199.78  -2.6973 -2.1303 -1.1218 -0.4318  0.1686  0.4720  0.6169  0.6482  0.4650  0.3599 -0.0768
    4.50  251.39  -2.7492 -2.2224 -1.2241 -0.5349  0.0535  0.3472  0.4771  0.4803  0.2816  0.1984 -0.2086
    4.50  316.39  -2.8162 -2.3312 -1.3366 -0.6557 -0.0873  0.1864  0.2970  0.2667  0.0567 -0.0037 -0.3696
    4.50  398.24  -2.8850 -2.4402 -1.4490 -0.7770 -0.2281  0.0254  0.1169  0.0531 -0.1682 -0.2058 -0.5305
    4.50  501.29  -2.9520 -2.5490 -1.5614 -0.8978 -0.3690 -0.1355 -0.0634 -0.1606 -0.3930 -0.4078 -0.6915
    4.50  631.04  -3.1081 -2.7463 -1.7233 -1.0364 -0.4887 -0.2466 -0.1716 -0.2731 -0.5145 -0.5296 -0.8586
    4.50  794.39  -3.2676 -2.9469 -1.8874 -1.1757 -0.6076 -0.3556 -0.2768 -0.3815 -0.6319 -0.6479 -1.0262
    4.75   10.05  -1.3039 -0.0839  1.0331  1.6764  2.2553  2.5285  2.7654  3.0089  2.9870  2.7456  2.3387
    4.75   10.08  -1.3132 -0.0933  1.0196  1.6636  2.2443  2.5193  2.7536  2.9907  2.9667  2.7309  2.3218
    4.75   10.12  -1.3227 -0.1028  1.0059  1.6508  2.2330  2.5099  2.7418  2.9725  2.9465  2.7160  2.3048
    4.75   10.20  -1.3232 -0.1124  0.9922  1.6380  2.2217  2.5004  2.7297  2.9542  2.9261  2.7011  2.2880
    4.75   10.31  -1.3351 -0.1356  0.9614  1.6095  2.1963  2.4784  2.7040  2.9171  2.8861  2.6681  2.2497
    4.75   10.49  -1.3447 -0.1671  0.9203  1.5714  2.1629  2.4487  2.6696  2.8683  2.8342  2.6239  2.1989
    4.75   10.76  -1.3509 -0.1989  0.8789  1.5333  2.1290  2.4187  2.6351  2.8194  2.7820  2.5797  2.1476
    4.75   11.18  -1.3651 -0.2374  0.8316  1.4887  2.0886  2.3815  2.5936  2.7646  2.7241  2.5282  2.0886
    4.75   11.82  -1.3950 -0.2970  0.7657  1.4241  2.0275  2.3219  2.5305  2.6911  2.6484  2.4545  2.0059
    4.75   12.77  -1.4186 -0.3569  0.6994  1.3593  1.9661  2.2620  2.4673  2.6173  2.5724  2.3803  1.9229
    4.75   14.14  -1.4431 -0.4173  0.6327  1.2941  1.9043  2.2017  2.4034  2.5430  2.4959  2.3059  1.8395
    4.75   16.08  -1.4918 -0.5039  0.5414  1.1983  1.8066  2.1017  2.3029  2.4387  2.3919  2.1987  1.7260
    4.75   18.74  -1.5447 -0.5951  0.4455  1.0970  1.7027  1.9945  2.1956  2.3290  2.2830  2.0860  1.6071
    4.75   22.32  -1.5982 -0.6876  0.3488  0.9949  1.5979  1.8865  2.0874  2.2183  2.1732  1.9726  1.4874
    4.75   27.04  -1.6642 -0.7924  0.2372  0.8771  1.4759  1.7621  1.9616  2.0903  2.0434  1.8413  1.3534
    4.75   33.16  -1.7465 -0.9116  0.1097  0.7422  1.3353  1.6194  1.8162  1.9428  1.8920  1.6907  1.2040
    4.75   41.05  -1.8271 -1.0324 -0.0197  0.6055  1.1933  1.4751  1.6691  1.7939  1.7390  1.5385  1.0529
    4.75   51.11  -1.9098 -1.1538 -0.1499  0.4691  1.0514  1.3317  1.5222  1.6443  1.5841  1.3853  0.9022
    4.75   63.89  -1.9829 -1.2647 -0.2709  0.3513  0.9292  1.2119  1.3937  1.5065  1.4281  1.2408  0.7712
    4.75   80.06  -2.0579 -1.3790 -0.3954  0.2297  0.8037  1.0888  1.2619  1.3653  1.2688  1.0928  0.6368
    4.75  100.50  -2.1382 -1.4976 -0.5241  0.1042  0.6740  0.9614  1.1258  1.2198  1.1050  0.9405  0.4982
    4.75  126.29  -2.1934 -1.5904 -0.6241  0.0101  0.5730  0.8572  1.0087  1.0802  0.9458  0.8004  0.3824
    4.75  158.81  -2.2457 -1.6811 -0.7210 -0.0797  0.4753  0.7539  0.8911  0.9343  0.7802  0.6571  0.2673
    4.75  199.78  -2.2987 -1.7721 -0.8177 -0.1694  0.3774  0.6506  0.7735  0.7886  0.6148  0.5138  0.1526
    4.75  251.39  -2.3559 -1.8699 -0.9187 -0.2683  0.2664  0.5289  0.6357  0.6204  0.4292  0.3507  0.0231
    4.75  316.39  -2.4307 -1.9818 -1.0283 -0.3846  0.1299  0.3714  0.4585  0.4087  0.2049  0.1492 -0.1342
    4.75  398.24  -2.5035 -2.0936 -1.1379 -0.5010 -0.0066  0.2139  0.2813  0.1971 -0.0193 -0.0520 -0.2913
    4.75  501.29  -2.5771 -2.2054 -1.2475 -0.6175 -0.1431  0.0563  0.1038 -0.0147 -0.2435 -0.2534 -0.4487
    4.75  631.04  -2.7233 -2.3904 -1.3982 -0.7459 -0.2548 -0.0478  0.0019 -0.1219 -0.3599 -0.3696 -0.6071
    4.75  794.39  -2.8732 -2.5785 -1.5506 -0.8748 -0.3653 -0.1496 -0.0972 -0.2249 -0.4716 -0.4824 -0.7657
    5.00   10.05  -0.9053  0.2267  1.2651  1.8453  2.3814  2.6379  2.8494  3.0718  3.0600  2.8121  2.4561
    5.00   10.08  -0.9141  0.2179  1.2542  1.8355  2.3732  2.6312  2.8400  3.0559  3.0438  2.7997  2.4420
    5.00   10.12  -0.9224  0.2096  1.2431  1.8258  2.3648  2.6244  2.8304  3.0399  3.0275  2.7873  2.4276
    5.00   10.20  -0.9304  0.2008  1.2321  1.8159  2.3565  2.6175  2.8209  3.0239  3.0111  2.7747  2.4134
    5.00   10.31  -0.9399  0.1779  1.2047  1.7915  2.3348  2.5982  2.7976  2.9888  2.9760  2.7447  2.3785
    5.00   10.49  -0.9555  0.1461  1.1674  1.7580  2.3052  2.5711  2.7659  2.9420  2.9296  2.7038  2.3311
    5.00   10.76  -0.9607  0.1142  1.1300  1.7243  2.2753  2.5440  2.7340  2.8950  2.8829  2.6627  2.2837
    5.00   11.18  -0.9737  0.0764  1.0866  1.6843  2.2388  2.5094  2.6952  2.8423  2.8300  2.6143  2.2285
    5.00   11.82  -1.0035  0.0201  1.0249  1.6247  2.1817  2.4520  2.6347  2.7717  2.7581  2.5436  2.1505
    5.00   12.77  -1.0253 -0.0366  0.9630  1.5648  2.1242  2.3942  2.5739  2.7008  2.6856  2.4725  2.0718
    5.00   14.14  -1.0486 -0.0937  0.9006  1.5045  2.0662  2.3358  2.5127  2.6295  2.6129  2.4008  1.9928
    5.00   16.08  -1.0932 -0.1735  0.8134  1.4131  1.9718  2.2383  2.4158  2.5313  2.5124  2.2993  1.8856
    5.00   18.74  -1.1408 -0.2575  0.7217  1.3162  1.8710  2.1338  2.3124  2.4280  2.4068  2.1920  1.7732
    5.00   22.32  -1.1892 -0.3424  0.6291  1.2181  1.7693  2.0287  2.2084  2.3238  2.3003  2.0843  1.6600
    5.00   27.04  -1.2516 -0.4399  0.5219  1.1045  1.6507  1.9075  2.0874  2.2030  2.1752  1.9602  1.5334
    5.00   33.16  -1.3264 -0.5511  0.3986  0.9737  1.5137  1.7691  1.9473  2.0634  2.0300  1.8188  1.3922
    5.00   41.05  -1.4027 -0.6639  0.2733  0.8414  1.3749  1.6289  1.8057  1.9219  1.8831  1.6757  1.2493
    5.00   51.11  -1.4837 -0.7782  0.1474  0.7090  1.2368  1.4897  1.6640  1.7795  1.7338  1.5313  1.1068
    5.00   63.89  -1.5551 -0.8882  0.0282  0.5945  1.1184  1.3739  1.5389  1.6444  1.5807  1.3911  0.9817
    5.00   80.06  -1.6319 -1.0016 -0.0944  0.4767  0.9968  1.2550  1.4104  1.5059  1.4241  1.2476  0.8532
    5.00  100.50  -1.7153 -1.1192 -0.2211  0.3546  0.8709  1.1318  1.2778  1.3631  1.2633  1.0996  0.7205
    5.00  126.29  -1.7761 -1.2171 -0.3203  0.2645  0.7739  1.0306  1.1628  1.2230  1.1022  0.9591  0.6077
    5.00  158.81  -1.8379 -1.3154 -0.4168  0.1788  0.6801  0.9300  1.0464  1.0760  0.9334  0.8132  0.4947
    5.00  199.78  -1.9006 -1.4136 -0.5133  0.0929  0.5863  0.8294  0.9301  0.9289  0.7645  0.6673  0.3817
    5.00  251.39  -1.9720 -1.5174 -0.6133 -0.0017  0.4794  0.7106  0.7942  0.7606  0.5769  0.5029  0.2549
    5.00  316.39  -2.0494 -1.6321 -0.7200 -0.1136  0.3473  0.5565  0.6199  0.5508  0.3534  0.3022  0.1013
    5.00  398.24  -2.1272 -1.7470 -0.8270 -0.2254  0.2149  0.4023  0.4457  0.3411  0.1297  0.1016 -0.0522
    5.00  501.29  -2.2080 -1.8618 -0.9336 -0.3372  0.0827  0.2483  0.2713  0.1314 -0.0941 -0.0989 -0.2058
    5.00  631.04  -2.3450 -2.0347 -1.0731 -0.4555 -0.0207  0.1512  0.1752  0.0292 -0.2050 -0.2096 -0.3555
    5.00  794.39  -2.4845 -2.2101 -1.2140 -0.5740 -0.1228  0.0563  0.0824 -0.0683 -0.3113 -0.3166 -0.5051
    5.25   10.05  -0.5329  0.5146  1.4867  2.0208  2.5193  2.7550  2.9424  3.1335  3.1229  2.8716  2.5671
    5.25   10.08  -0.5388  0.5089  1.4798  2.0155  2.5153  2.7517  2.9370  3.1225  3.1125  2.8628  2.5577
    5.25   10.12  -0.5445  0.5030  1.4730  2.0101  2.5111  2.7482  2.9315  3.1119  3.1018  2.8538  2.5482
    5.25   10.20  -0.5505  0.4971  1.4660  2.0047  2.5069  2.7447  2.9259  3.1010  3.0913  2.8449  2.5385
    5.25   10.31  -0.5676  0.4760  1.4421  1.9839  2.4882  2.7270  2.9045  3.0693  3.0602  2.8179  2.5072
    5.25   10.49  -0.5855  0.4450  1.4079  1.9534  2.4605  2.7004  2.8734  3.0251  3.0164  2.7800  2.4626
    5.25   10.76  -0.5922  0.4141  1.3732  1.9230  2.4324  2.6737  2.8421  2.9806  2.9723  2.7419  2.4177
    5.25   11.18  -0.6030  0.3774  1.3328  1.8859  2.3979  2.6397  2.8041  2.9307  2.9224  2.6969  2.3656
    5.25   11.82  -0.6332  0.3235  1.2736  1.8290  2.3419  2.5830  2.7453  2.8638  2.8543  2.6304  2.2919
    5.25   12.77  -0.6542  0.2692  1.2145  1.7718  2.2856  2.5262  2.6860  2.7966  2.7857  2.5635  2.2177
    5.25   14.14  -0.6765  0.2144  1.1547  1.7140  2.2291  2.4687  2.6265  2.7291  2.7169  2.4962  2.1430
    5.25   16.08  -0.7204  0.1377  1.0698  1.6242  2.1357  2.3732  2.5325  2.6358  2.6206  2.4010  2.0416
    5.25   18.74  -0.7671  0.0568  0.9803  1.5285  2.0359  2.2708  2.4323  2.5376  2.5192  2.3006  1.9349
    5.25   22.32  -0.8146 -0.0250  0.8900  1.4318  1.9352  2.1674  2.3314  2.4387  2.4170  2.1997  1.8274
    5.25   27.04  -0.8740 -0.1184  0.7857  1.3207  1.8185  2.0501  2.2153  2.3241  2.2977  2.0838  1.7079
    5.25   33.16  -0.9460 -0.2248  0.6662  1.1931  1.6845  1.9170  2.0824  2.1924  2.1594  1.9520  1.5749
    5.25   41.05  -1.0202 -0.3329  0.5450  1.0639  1.5489  1.7821  1.9482  2.0591  2.0193  1.8186  1.4405
    5.25   51.11  -1.0966 -0.4422  0.4228  0.9350  1.4136  1.6480  1.8135  1.9241  1.8769  1.6834  1.3059
    5.25   63.89  -1.1693 -0.5475  0.3088  0.8248  1.2990  1.5365  1.6933  1.7938  1.7295  1.5500  1.1873
    5.25   80.06  -1.2442 -0.6559  0.1910  0.7112  1.1809  1.4216  1.5698  1.6602  1.5787  1.4133  1.0651
    5.25  100.50  -1.3244 -0.7687  0.0694  0.5935  1.0589  1.3025  1.4420  1.5223  1.4237  1.2724  0.9387
    5.25  126.29  -1.3853 -0.8632 -0.0241  0.5080  0.9658  1.2038  1.3278  1.3820  1.2630  1.1321  0.8305
    5.25  158.81  -1.4482 -0.9588 -0.1147  0.4272  0.8762  1.1052  1.2112  1.2330  1.0925  0.9839  0.7213
    5.25  199.78  -1.5108 -1.0543 -0.2051  0.3463  0.7866  1.0066  1.0945  1.0838  0.9216  0.8358  0.6121
    5.25  251.39  -1.5790 -1.1556 -0.2994  0.2566  0.6841  0.8901  0.9586  0.9141  0.7328  0.6696  0.4895
    5.25  316.39  -1.6589 -1.2683 -0.4009  0.1499  0.5565  0.7387  0.7855  0.7043  0.5086  0.4681  0.3406
    5.25  398.24  -1.7381 -1.3808 -0.5023  0.0432  0.4291  0.5874  0.6124  0.4945  0.2845  0.2665  0.1914
    5.25  501.29  -1.8186 -1.4933 -0.6040 -0.0634  0.3016  0.4361  0.4392  0.2848  0.0604  0.0651  0.0425
    5.25  631.04  -1.9458 -1.6530 -0.7315 -0.1718  0.2061  0.3458  0.3492  0.1882 -0.0450 -0.0398 -0.0982
    5.25  794.39  -2.0754 -1.8149 -0.8600 -0.2802  0.1120  0.2581  0.2627  0.0963 -0.1455 -0.1407 -0.2385
    5.50   10.05  -0.1655  0.8026  1.7081  2.1963  2.6574  2.8720  3.0354  3.1949  3.1859  2.9311  2.6781
    5.50   10.08  -0.1683  0.7997  1.7054  2.1955  2.6574  2.8720  3.0340  3.1892  3.1813  2.9258  2.6734
    5.50   10.12  -0.1713  0.7967  1.7028  2.1947  2.6574  2.8720  3.0324  3.1837  3.1766  2.9204  2.6687
    5.50   10.20  -0.1744  0.7936  1.7000  2.1935  2.6573  2.8719  3.0309  3.1778  3.1719  2.9150  2.6638
    5.50   10.31  -0.1941  0.7740  1.6795  2.1763  2.6413  2.8557  3.0114  3.1500  3.1445  2.8913  2.6360
    5.50   10.49  -0.2186  0.7439  1.6481  2.1490  2.6155  2.8297  2.9808  3.1081  3.1030  2.8563  2.5938
    5.50   10.76  -0.2346  0.7139  1.6165  2.1216  2.5896  2.8034  2.9501  3.0664  3.0618  2.8212  2.5517
    5.50   11.18  -0.2416  0.6785  1.5789  2.0876  2.5567  2.7700  2.9129  3.0190  3.0149  2.7795  2.5028
    5.50   11.82  -0.2686  0.6270  1.5225  2.0333  2.5021  2.7142  2.8557  2.9559  2.9506  2.7172  2.4335
    5.50   12.77  -0.2910  0.5749  1.4658  1.9787  2.4471  2.6581  2.7982  2.8925  2.8859  2.6546  2.3636
    5.50   14.14  -0.3112  0.5226  1.4089  1.9237  2.3919  2.6016  2.7403  2.8286  2.8208  2.5916  2.2936
    5.50   16.08  -0.3536  0.4489  1.3263  1.8354  2.2996  2.5079  2.6492  2.7402  2.7288  2.5029  2.1974
    5.50   18.74  -0.3987  0.3712  1.2391  1.7409  2.2009  2.4077  2.5521  2.6473  2.6317  2.4095  2.0967
    5.50   22.32  -0.4461  0.2925  1.1509  1.6457  2.1011  2.3066  2.4542  2.5536  2.5338  2.3151  1.9949
    5.50   27.04  -0.5021  0.2028  1.0496  1.5366  1.9865  2.1927  2.3432  2.4454  2.4199  2.2076  1.8823
    5.50   33.16  -0.5723  0.1014  0.9339  1.4124  1.8554  2.0649  2.2178  2.3215  2.2887  2.0851  1.7578
    5.50   41.05  -0.6428 -0.0017  0.8165  1.2864  1.7226  1.9354  2.0908  2.1958  2.1556  1.9614  1.6315
    5.50   51.11  -0.7165 -0.1063  0.6983  1.1610  1.5905  1.8065  1.9631  2.0685  2.0200  1.8356  1.5050
    5.50   63.89  -0.7860 -0.2065  0.5892  1.0550  1.4796  1.6991  1.8477  1.9431  1.8783  1.7091  1.3927
    5.50   80.06  -0.8600 -0.3101  0.4768  0.9458  1.3653  1.5884  1.7290  1.8144  1.7333  1.5790  1.2770
    5.50  100.50  -0.9367 -0.4179  0.3601  0.8323  1.2467  1.4735  1.6061  1.6814  1.5840  1.4450  1.1571
    5.50  126.29  -0.9981 -0.5093  0.2723  0.7516  1.1580  1.3774  1.4930  1.5411  1.4237  1.3048  1.0533
    5.50  158.81  -1.0617 -0.6023  0.1877  0.6756  1.0723  1.2807  1.3760  1.3899  1.2513  1.1547  0.9480
    5.50  199.78  -1.1247 -0.6952  0.1030  0.5994  0.9869  1.1839  1.2588  1.2387  1.0788  1.0043  0.8426
    5.50  251.39  -1.1923 -0.7940  0.0144  0.5148  0.8887  1.0695  1.1231  1.0676  0.8886  0.8363  0.7240
    5.50  316.39  -1.2735 -0.9043 -0.0818  0.4134  0.7659  0.9210  0.9510  0.8578  0.6641  0.6339  0.5796
    5.50  398.24  -1.3545 -1.0146 -0.1779  0.3119  0.6430  0.7725  0.7792  0.6481  0.4395  0.4316  0.4352
    5.50  501.29  -1.4344 -1.1250 -0.2741  0.2105  0.5204  0.6239  0.6073  0.4384  0.2149  0.2292  0.2910
    5.50  631.04  -1.5516 -1.2715 -0.3897  0.1119  0.4328  0.5404  0.5233  0.3472  0.1148  0.1302  0.1591
    5.50  794.39  -1.6704 -1.4196 -0.5061  0.0137  0.3470  0.4595  0.4428  0.2610  0.0201  0.0352  0.0280
    5.75   10.05   0.1608  1.0571  1.9076  2.3599  2.7849  2.9780  3.1227  3.2534  3.2421  2.9816  2.7791
    5.75   10.08   0.1587  1.0549  1.9058  2.3593  2.7851  2.9779  3.1219  3.2495  3.2386  2.9774  2.7758
    5.75   10.12   0.1566  1.0527  1.9038  2.3585  2.7852  2.9777  3.1204  3.2458  3.2351  2.9730  2.7723
    5.75   10.20   0.1540  1.0503  1.9017  2.3580  2.7852  2.9774  3.1192  3.2419  3.2315  2.9686  2.7688
    5.75   10.31   0.1385  1.0346  1.8860  2.3448  2.7730  2.9649  3.1038  3.2207  3.2106  2.9501  2.7471
    5.75   10.49   0.1145  1.0106  1.8618  2.3242  2.7531  2.9447  3.0803  3.1888  3.1789  2.9228  2.7142
    5.75   10.76   0.0963  0.9864  1.8375  2.3036  2.7330  2.9244  3.0561  3.1569  3.1470  2.8953  2.6811
    5.75   11.18   0.0856  0.9555  1.8056  2.2749  2.7047  2.8955  3.0242  3.1180  3.1082  2.8603  2.6397
    5.75   11.82   0.0626  0.9037  1.7503  2.2215  2.6508  2.8402  2.9677  3.0573  3.0464  2.8016  2.5723
    5.75   12.77   0.0365  0.8517  1.6948  2.1679  2.5965  2.7846  2.9109  2.9959  2.9843  2.7426  2.5045
    5.75   14.14   0.0169  0.7992  1.6387  2.1136  2.5417  2.7286  2.8537  2.9343  2.9219  2.6832  2.4365
    5.75   16.08  -0.0270  0.7251  1.5562  2.0255  2.4498  2.6358  2.7637  2.8465  2.8313  2.5978  2.3424
    5.75   18.74  -0.0733  0.6470  1.4686  1.9313  2.3512  2.5366  2.6678  2.7539  2.7354  2.5078  2.2437
    5.75   22.32  -0.1215  0.5680  1.3804  1.8362  2.2520  2.4365  2.5710  2.6604  2.6388  2.4168  2.1443
    5.75   27.04  -0.1805  0.4792  1.2797  1.7276  2.1381  2.3243  2.4622  2.5538  2.5273  2.3136  2.0349
    5.75   33.16  -0.2518  0.3790  1.1656  1.6044  2.0084  2.1986  2.3399  2.4327  2.3999  2.1970  1.9146
    5.75   41.05  -0.3248  0.2775  1.0497  1.4794  1.8770  2.0714  2.2159  2.3102  2.2707  2.0788  1.7926
    5.75   51.11  -0.3990  0.1745  0.9331  1.3552  1.7461  1.9445  2.0912  2.1859  2.1390  1.9586  1.6704
    5.75   63.89  -0.4702  0.0758  0.8265  1.2510  1.6364  1.8382  1.9781  2.0638  2.0019  1.8371  1.5615
    5.75   80.06  -0.5436 -0.0262  0.7166  1.1435  1.5233  1.7286  1.8617  1.9382  1.8615  1.7121  1.4493
    5.75  100.50  -0.6223 -0.1324  0.6023  1.0318  1.4059  1.6147  1.7409  1.8085  1.7168  1.5830  1.3330
    5.75  126.29  -0.6838 -0.2216  0.5179  0.9537  1.3191  1.5196  1.6293  1.6719  1.5603  1.4459  1.2329
    5.75  158.81  -0.7472 -0.3121  0.4372  0.8806  1.2361  1.4241  1.5133  1.5248  1.3911  1.2980  1.1311
    5.75  199.78  -0.8098 -0.4027  0.3564  0.8076  1.1530  1.3287  1.3973  1.3775  1.2222  1.1499  1.0293
    5.75  251.39  -0.8795 -0.4990  0.2716  0.7261  1.0578  1.2159  1.2632  1.2107  1.0353  0.9841  0.9145
    5.75  316.39  -0.9606 -0.6064  0.1794  0.6282  0.9382  1.0698  1.0932  1.0053  0.8140  0.7841  0.7746
    5.75  398.24  -1.0399 -0.7138  0.0867  0.5306  0.8187  0.9239  0.9235  0.7999  0.5926  0.5841  0.6346
    5.75  501.29  -1.1209 -0.8212 -0.0057  0.4328  0.6992  0.7779  0.7537  0.5946  0.3714  0.3840  0.4947
    5.75  631.04  -1.2293 -0.9568 -0.1116  0.3423  0.6183  0.6999  0.6750  0.5091  0.2771  0.2905  0.3704
    5.75  794.39  -1.3389 -1.0936 -0.2182  0.2524  0.5388  0.6247  0.6000  0.4287  0.1879  0.2014  0.2467
    6.00   10.05   0.4849  1.3117  2.1071  2.5233  2.9124  3.0840  3.2103  3.3119  3.2980  3.0321  2.8801
    6.00   10.08   0.4833  1.3102  2.1060  2.5231  2.9127  3.0838  3.2096  3.3098  3.2959  3.0289  2.8781
    6.00   10.12   0.4816  1.3086  2.1047  2.5227  2.9130  3.0834  3.2087  3.3078  3.2939  3.0256  2.8760
    6.00   10.20   0.4800  1.3070  2.1034  2.5223  2.9132  3.0830  3.2078  3.3056  3.2916  3.0222  2.8738
    6.00   10.31   0.4681  1.2951  2.0925  2.5136  2.9047  3.0741  3.1965  3.2914  3.2771  3.0089  2.8583
    6.00   10.49   0.4503  1.2771  2.0756  2.4995  2.8907  3.0598  3.1793  3.2696  3.2549  2.9892  2.8346
    6.00   10.76   0.4318  1.2587  2.0585  2.4854  2.8765  3.0454  3.1621  3.2478  3.2324  2.9695  2.8107
    6.00   11.18   0.4095  1.2324  2.0324  2.4621  2.8529  3.0211  3.1352  3.2171  3.2011  2.9412  2.7767
    6.00   11.82   0.3815  1.1805  1.9781  2.4095  2.7995  2.9663  3.0794  3.1583  3.1423  2.8860  2.7112
    6.00   12.77   0.3599  1.1284  1.9235  2.3566  2.7458  2.9111  3.0235  3.0995  3.0830  2.8305  2.6453
    6.00   14.14   0.3369  1.0757  1.8685  2.3036  2.6917  2.8555  2.9670  3.0399  3.0231  2.7747  2.5791
    6.00   16.08   0.2926  1.0014  1.7860  2.2154  2.6001  2.7637  2.8782  2.9527  2.9338  2.6928  2.4874
    6.00   18.74   0.2439  0.9230  1.6985  2.1215  2.5019  2.6655  2.7835  2.8604  2.8391  2.6061  2.3910
    6.00   22.32   0.1941  0.8437  1.6100  2.0266  2.4029  2.5664  2.6880  2.7673  2.7436  2.5186  2.2936
    6.00   27.04   0.1341  0.7553  1.5099  1.9187  2.2899  2.4558  2.5812  2.6622  2.6347  2.4198  2.1873
    6.00   33.16   0.0621  0.6567  1.3973  1.7965  2.1613  2.3325  2.4619  2.5442  2.5110  2.3090  2.0714
    6.00   41.05  -0.0118  0.5566  1.2830  1.6727  2.0313  2.2072  2.3411  2.4244  2.3857  2.1964  1.9538
    6.00   51.11  -0.0872  0.4550  1.1678  1.5492  1.9017  2.0826  2.2196  2.3032  2.2580  2.0816  1.8358
    6.00   63.89  -0.1579  0.3581  1.0638  1.4469  1.7932  1.9774  2.1086  2.1843  2.1256  1.9651  1.7305
    6.00   80.06  -0.2330  0.2577  0.9563  1.3411  1.6813  1.8687  1.9943  2.0621  1.9896  1.8452  1.6218
    6.00  100.50  -0.3107  0.1531  0.8446  1.2312  1.5652  1.7558  1.8758  1.9355  1.8495  1.7211  1.5090
    6.00  126.29  -0.3743  0.0661  0.7637  1.1558  1.4804  1.6621  1.7657  1.8028  1.6967  1.5871  1.4123
    6.00  158.81  -0.4374 -0.0221  0.6868  1.0857  1.4000  1.5676  1.6510  1.6596  1.5311  1.4412  1.3142
    6.00  199.78  -0.5014 -0.1102  0.6098  1.0156  1.3194  1.4733  1.5362  1.5164  1.3653  1.2954  1.2159
    6.00  251.39  -0.5707 -0.2039  0.5290  0.9373  1.2270  1.3622  1.4034  1.3536  1.1819  1.1321  1.1050
    6.00  316.39  -0.6503 -0.3084  0.4403  0.8432  1.1106  1.2186  1.2356  1.1528  0.9638  0.9343  0.9695
    6.00  398.24  -0.7304 -0.4128  0.3514  0.7491  0.9943  1.0752  1.0679  0.9518  0.7458  0.7367  0.8340
    6.00  501.29  -0.8106 -0.5172  0.2627  0.6551  0.8780  0.9317  0.9001  0.7510  0.5276  0.5391  0.6985
    6.00  631.04  -0.9107 -0.6419  0.1665  0.5728  0.8036  0.8593  0.8267  0.6713  0.4391  0.4511  0.5817
    6.00  794.39  -1.0123 -0.7676  0.0698  0.4909  0.7308  0.7898  0.7570  0.5966  0.3558  0.3677  0.4656
    6.25   10.05   0.7690  1.5355  2.2790  2.6608  3.0179  3.1734  3.2889  3.3758  3.3565  3.0881  2.9831
    6.25   10.08   0.7682  1.5348  2.2784  2.6605  3.0180  3.1734  3.2884  3.3748  3.3554  3.0864  2.9820
    6.25   10.12   0.7673  1.5338  2.2777  2.6602  3.0179  3.1730  3.2876  3.3735  3.3542  3.0847  2.9808
    6.25   10.20   0.7664  1.5329  2.2767  2.6598  3.0178  3.1726  3.2871  3.3722  3.3529  3.0825  2.9794
    6.25   10.31   0.7593  1.5259  2.2709  2.6554  3.0137  3.1682  3.2813  3.3646  3.3450  3.0743  2.9704
    6.25   10.49   0.7489  1.5154  2.2616  2.6486  3.0072  3.1611  3.2721  3.3533  3.3332  3.0618  2.9566
    6.25   10.76   0.7381  1.5047  2.2521  2.6416  3.0004  3.1538  3.2627  3.3416  3.3210  3.0491  2.9426
    6.25   11.18   0.7180  1.4845  2.2328  2.6244  2.9832  3.1358  3.2430  3.3196  3.2985  3.0274  2.9170
    6.25   11.82   0.6684  1.4347  2.1819  2.5754  2.9334  3.0849  3.1906  3.2645  3.2432  2.9772  2.8552
    6.25   12.77   0.6466  1.3844  2.1310  2.5261  2.8833  3.0334  3.1378  3.2092  3.1876  2.9268  2.7931
    6.25   14.14   0.6257  1.3338  2.0795  2.4765  2.8327  2.9815  3.0845  3.1535  3.1316  2.8760  2.7306
    6.25   16.08   0.5811  1.2559  1.9950  2.3874  2.7406  2.8894  2.9950  3.0642  3.0406  2.7937  2.6369
    6.25   18.74   0.5280  1.1728  1.9044  2.2916  2.6411  2.7901  2.8991  2.9686  2.9434  2.7059  2.5377
    6.25   22.32   0.4725  1.0891  1.8130  2.1947  2.5409  2.6899  2.8021  2.8723  2.8454  2.6171  2.4375
    6.25   27.04   0.4074  0.9971  1.7109  2.0852  2.4271  2.5783  2.6945  2.7650  2.7350  2.5186  2.3298
    6.25   33.16   0.3341  0.8961  1.5970  1.9621  2.2984  2.4537  2.5747  2.6453  2.6111  2.4093  2.2134
    6.25   41.05   0.2549  0.7933  1.4814  1.8374  2.1678  2.3274  2.4535  2.5239  2.4855  2.2983  2.0956
    6.25   51.11   0.1749  0.6894  1.3653  1.7131  2.0375  2.2014  2.3312  2.4011  2.3576  2.1852  1.9772
    6.25   63.89   0.0991  0.5904  1.2599  1.6086  1.9264  2.0926  2.2181  2.2809  2.2259  2.0697  1.8715
    6.25   80.06   0.0200  0.4882  1.1510  1.5009  1.8120  1.9806  2.1014  2.1576  2.0905  1.9509  1.7624
    6.25  100.50  -0.0645  0.3817  1.0380  1.3890  1.6933  1.8643  1.9805  2.0299  1.9512  1.8278  1.6491
    6.25  126.29  -0.1304  0.2941  0.9566  1.3125  1.6073  1.7684  1.8690  1.8986  1.8018  1.6958  1.5531
    6.25  158.81  -0.1973  0.2060  0.8795  1.2421  1.5257  1.6724  1.7532  1.7579  1.6404  1.5524  1.4559
    6.25  199.78  -0.2625  0.1182  0.8025  1.1713  1.4441  1.5764  1.6373  1.6173  1.4790  1.4088  1.3588
    6.25  251.39  -0.3334  0.0250  0.7218  1.0931  1.3512  1.4646  1.5042  1.4574  1.3000  1.2479  1.2493
    6.25  316.39  -0.4152 -0.0784  0.6340  1.0001  1.2357  1.3217  1.3373  1.2605  1.0872  1.0538  1.1164
    6.25  398.24  -0.4979 -0.1818  0.5463  0.9071  1.1201  1.1788  1.1704  1.0638  0.8740  0.8596  0.9834
    6.25  501.29  -0.5790 -0.2852  0.4586  0.8141  1.0045  1.0362  1.0036  0.8668  0.6611  0.6654  0.8504
    6.25  631.04  -0.6733 -0.4018  0.3694  0.7374  0.9346  0.9675  0.9338  0.7914  0.5773  0.5821  0.7391
    6.25  794.39  -0.7689 -0.5187  0.2800  0.6615  0.8665  0.9020  0.8681  0.7211  0.4990  0.5034  0.6286
    6.50   10.05   1.0522  1.7597  2.4512  2.7983  3.1234  3.2629  3.3675  3.4398  3.4151  3.1439  3.0861
    6.50   10.08   1.0518  1.7593  2.4508  2.7981  3.1231  3.2629  3.3671  3.4396  3.4147  3.1439  3.0859
    6.50   10.12   1.0515  1.7590  2.4505  2.7977  3.1228  3.2626  3.3668  3.4393  3.4145  3.1436  3.0855
    6.50   10.20   1.0512  1.7586  2.4501  2.7973  3.1224  3.2620  3.3664  3.4389  3.4139  3.1432  3.0851
    6.50   10.31   1.0492  1.7566  2.4489  2.7973  3.1228  3.2620  3.3657  3.4380  3.4129  3.1398  3.0826
    6.50   10.49   1.0461  1.7536  2.4476  2.7976  3.1236  3.2623  3.3649  3.4367  3.4114  3.1344  3.0787
    6.50   10.76   1.0429  1.7504  2.4458  2.7977  3.1243  3.2623  3.3635  3.4353  3.4096  3.1286  3.0746
    6.50   11.18   1.0290  1.7364  2.4330  2.7867  3.1136  3.2511  3.3510  3.4218  3.3960  3.1135  3.0575
    6.50   11.82   0.9813  1.6887  2.3859  2.7414  3.0673  3.2035  3.3016  3.3706  3.3443  3.0685  2.9994
    6.50   12.77   0.9331  1.6406  2.3384  2.6956  3.0207  3.1558  3.2520  3.3189  3.2923  3.0231  2.9409
    6.50   14.14   0.9073  1.5920  2.2906  2.6495  2.9737  3.1073  3.2020  3.2670  3.2401  2.9772  2.8821
    6.50   16.08   0.8600  1.5104  2.2039  2.5593  2.8811  3.0150  3.1118  3.1755  3.1473  2.8947  2.7865
    6.50   18.74   0.8046  1.4230  2.1104  2.4614  2.7805  2.9146  3.0145  3.0768  3.0478  2.8056  2.6844
    6.50   22.32   0.7446  1.3344  2.0161  2.3626  2.6791  2.8135  2.9164  2.9775  2.9472  2.7158  2.5816
    6.50   27.04   0.6759  1.2388  1.9119  2.2517  2.5644  2.7006  2.8078  2.8677  2.8354  2.6174  2.4721
    6.50   33.16   0.5970  1.1354  1.7967  2.1278  2.4350  2.5749  2.6876  2.7464  2.7111  2.5097  2.3555
    6.50   41.05   0.5157  1.0301  1.6800  2.0022  2.3040  2.4475  2.5658  2.6235  2.5852  2.4004  2.2373
    6.50   51.11   0.4306  0.9237  1.5626  1.8768  2.1730  2.3198  2.4429  2.4989  2.4571  2.2889  2.1187
    6.50   63.89   0.3513  0.8228  1.4559  1.7704  2.0596  2.2079  2.3274  2.3777  2.3261  2.1745  2.0125
    6.50   80.06   0.2653  0.7186  1.3457  1.6605  1.9427  2.0924  2.2084  2.2531  2.1918  2.0566  1.9030
    6.50  100.50   0.1790  0.6102  1.2313  1.5465  1.8216  1.9727  2.0853  2.1243  2.0530  1.9345  1.7892
    6.50  126.29   0.1098  0.5224  1.1495  1.4691  1.7340  1.8747  1.9722  1.9944  1.9069  1.8045  1.6938
    6.50  158.81   0.0421  0.4345  1.0723  1.3981  1.6515  1.7771  1.8554  1.8562  1.7498  1.6634  1.5978
    6.50  199.78  -0.0273  0.3467  0.9951  1.3272  1.5689  1.6794  1.7385  1.7180  1.5927  1.5222  1.5016
    6.50  251.39  -0.1025  0.2537  0.9146  1.2489  1.4755  1.5667  1.6049  1.5614  1.4184  1.3643  1.3936
    6.50  316.39  -0.1854  0.1514  0.8279  1.1570  1.3607  1.4247  1.4391  1.3684  1.2103  1.1734  1.2632
    6.50  398.24  -0.2685  0.0491  0.7413  1.0650  1.2456  1.2827  1.2729  1.1755  1.0023  0.9826  1.1329
    6.50  501.29  -0.3526 -0.0533  0.6545  0.9729  1.1310  1.1406  1.1070  0.9826  0.7944  0.7917  1.0023
    6.50  631.04  -0.4424 -0.1615  0.5723  0.9020  1.0656  1.0758  1.0410  0.9115  0.7155  0.7130  0.8964
    6.50  794.39  -0.5325 -0.2700  0.4902  0.8320  1.0022  1.0140  0.9790  0.8454  0.6422  0.6390  0.7916
    6.75   10.05   1.2894  1.9451  2.5880  2.9103  3.2152  3.3430  3.4364  3.5009  3.4665  3.1862  3.1765
    6.75   10.08   1.2891  1.9448  2.5879  2.9100  3.2152  3.3428  3.4361  3.5006  3.4662  3.1859  3.1762
    6.75   10.12   1.2888  1.9445  2.5875  2.9097  3.2149  3.3423  3.4359  3.5003  3.4658  3.1856  3.1762
    6.75   10.20   1.2885  1.9441  2.5870  2.9093  3.2145  3.3420  3.4353  3.4998  3.4655  3.1852  3.1758
    6.75   10.31   1.2872  1.9428  2.5864  2.9092  3.2145  3.3418  3.4348  3.4992  3.4646  3.1828  3.1738
    6.75   10.49   1.2850  1.9408  2.5852  2.9091  3.2149  3.3415  3.4340  3.4983  3.4636  3.1794  3.1715
    6.75   10.76   1.2831  1.9386  2.5839  2.9089  3.2149  3.3413  3.4331  3.4972  3.4624  3.1759  3.1687
    6.75   11.18   1.2748  1.9303  2.5764  2.9024  3.2083  3.3345  3.4257  3.4892  3.4543  3.1663  3.1583
    6.75   11.82   1.2470  1.9024  2.5496  2.8767  3.1825  3.3079  3.3980  3.4598  3.4249  3.1390  3.1246
    6.75   12.77   1.2188  1.8743  2.5223  2.8506  3.1559  3.2813  3.3699  3.4304  3.3952  3.1111  3.0906
    6.75   14.14   1.1902  1.8458  2.4947  2.8242  3.1294  3.2541  3.3415  3.4003  3.3649  3.0830  3.0561
    6.75   16.08   1.1172  1.7601  2.4061  2.7330  3.0361  3.1607  3.2500  3.3076  3.2720  3.0016  2.9580
    6.75   18.74   1.0603  1.6646  2.3072  2.6306  2.9313  3.0559  3.1478  3.2043  3.1684  2.9112  2.8490
    6.75   22.32   0.9975  1.5682  2.2075  2.5274  2.8257  2.9503  3.0445  3.0999  3.0638  2.8199  2.7392
    6.75   27.04   0.9202  1.4651  2.0978  2.4119  2.7069  2.8327  2.9306  2.9852  2.9478  2.7196  2.6238
    6.75   33.16   0.8350  1.3544  1.9774  2.2828  2.5738  2.7020  2.8050  2.8587  2.8193  2.6091  2.5021
    6.75   41.05   0.7443  1.2425  1.8553  2.1522  2.4389  2.5695  2.6777  2.7306  2.6890  2.4969  2.3788
    6.75   51.11   0.6512  1.1294  1.7327  2.0217  2.3040  2.4369  2.5494  2.6011  2.5569  2.3829  2.2555
    6.75   63.89   0.5661  1.0250  1.6220  1.9095  2.1848  2.3180  2.4283  2.4765  2.4241  2.2685  2.1468
    6.75   80.06   0.4756  0.9172  1.5077  1.7939  2.0624  2.1955  2.3039  2.3485  2.2879  2.1507  2.0347
    6.75  100.50   0.3820  0.8052  1.3896  1.6741  1.9357  2.0691  2.1752  2.2162  2.1477  2.0285  1.9184
    6.75  126.29   0.3103  0.7169  1.3050  1.5929  1.8430  1.9670  2.0606  2.0879  2.0045  1.9012  1.8227
    6.75  158.81   0.2407  0.6297  1.2260  1.5188  1.7558  1.8663  1.9434  1.9529  1.8525  1.7640  1.7270
    6.75  199.78   0.1688  0.5426  1.1468  1.4446  1.6685  1.7655  1.8262  1.8179  1.7004  1.6267  1.6312
    6.75  251.39   0.0937  0.4507  1.0651  1.3645  1.5714  1.6507  1.6931  1.6648  1.5309  1.4729  1.5245
    6.75  316.39   0.0081  0.3499  0.9782  1.2722  1.4553  1.5089  1.5293  1.4764  1.3277  1.2865  1.3960
    6.75  398.24  -0.0752  0.2491  0.8914  1.1801  1.3392  1.3669  1.3653  1.2879  1.1248  1.1004  1.2677
    6.75  501.29  -0.1613  0.1481  0.8046  1.0880  1.2231  1.2252  1.2014  1.0995  0.9216  0.9140  1.1392
    6.75  631.04  -0.2465  0.0472  0.7277  1.0211  1.1609  1.1633  1.1390  1.0327  0.8476  0.8399  1.0383
    6.75  794.39  -0.3315 -0.0538  0.6511  0.9553  1.1008  1.1048  1.0803  0.9709  0.7789  0.7703  0.9385
    7.00   10.05   1.5229  2.1306  2.7250  3.0223  3.3075  3.4230  3.5054  3.5619  3.5179  3.2282  3.2670
    7.00   10.08   1.5227  2.1304  2.7248  3.0220  3.3072  3.4228  3.5051  3.5616  3.5178  3.2279  3.2667
    7.00   10.12   1.5224  2.1300  2.7246  3.0217  3.3070  3.4224  3.5048  3.5614  3.5175  3.2276  3.2664
    7.00   10.20   1.5218  2.1296  2.7241  3.0213  3.3064  3.4220  3.5043  3.5610  3.5170  3.2270  3.2661
    7.00   10.31   1.5213  2.1289  2.7236  3.0210  3.3061  3.4214  3.5038  3.5604  3.5166  3.2261  3.2651
    7.00   10.49   1.5204  2.1280  2.7229  3.0206  3.3058  3.4208  3.5032  3.5597  3.5158  3.2245  3.2639
    7.00   10.76   1.5193  2.1269  2.7222  3.0201  3.3052  3.4199  3.5024  3.5589  3.5150  3.2229  3.2626
    7.00   11.18   1.5163  2.1240  2.7199  3.0181  3.3034  3.4181  3.5003  3.5564  3.5125  3.2191  3.2591
    7.00   11.82   1.5086  2.1162  2.7131  3.0121  3.2975  3.4126  3.4943  3.5492  3.5053  3.2092  3.2500
    7.00   12.77   1.5004  2.1081  2.7062  3.0058  3.2914  3.4069  3.4879  3.5418  3.4978  3.1990  3.2404
    7.00   14.14   1.4918  2.0995  2.6989  2.9990  3.2850  3.4006  3.4810  3.5337  3.4899  3.1883  3.2302
    7.00   16.08   1.4021  2.0098  2.6084  2.9066  3.1910  3.3063  3.3883  3.4400  3.3966  3.1086  3.1294
    7.00   18.74   1.3003  1.9062  2.5040  2.7999  3.0821  3.1973  3.2807  3.3318  3.2890  3.0167  3.0136
    7.00   22.32   1.2351  1.8018  2.3988  2.6922  2.9723  3.0871  3.1725  3.2224  3.1803  2.9241  2.8967
    7.00   27.04   1.1570  1.6912  2.2837  2.5719  2.8496  2.9648  3.0535  3.1026  3.0602  2.8218  2.7753
    7.00   33.16   1.0648  1.5737  2.1580  2.4381  2.7126  2.8290  2.9225  2.9711  2.9274  2.7084  2.6487
    7.00   41.05   0.9668  1.4546  2.0306  2.3023  2.5740  2.6915  2.7896  2.8377  2.7929  2.5934  2.5204
    7.00   51.11   0.8673  1.3350  1.9028  2.1666  2.4350  2.5536  2.6560  2.7033  2.6567  2.4769  2.3922
    7.00   63.89   0.7770  1.2271  1.7880  2.0487  2.3102  2.4280  2.5293  2.5752  2.5222  2.3625  2.2810
    7.00   80.06   0.6813  1.1157  1.6699  1.9273  2.1821  2.2989  2.3994  2.4438  2.3843  2.2447  2.1663
    7.00  100.50   0.5803  1.0002  1.5476  1.8017  2.0497  2.1656  2.2652  2.3081  2.2421  2.1227  2.0476
    7.00  126.29   0.5071  0.9114  1.4608  1.7167  1.9522  2.0592  2.1489  2.1811  2.1022  1.9980  1.9515
    7.00  158.81   0.4340  0.8250  1.3796  1.6395  1.8601  1.9554  2.0314  2.0495  1.9551  1.8646  1.8562
    7.00  199.78   0.3610  0.7386  1.2987  1.5622  1.7681  1.8515  1.9139  1.9178  1.8080  1.7311  1.7610
    7.00  251.39   0.2838  0.6479  1.2157  1.4799  1.6675  1.7348  1.7814  1.7684  1.6436  1.5814  1.6551
    7.00  316.39   0.1980  0.5485  1.1286  1.3877  1.5500  1.5930  1.6195  1.5843  1.4453  1.3997  1.5288
    7.00  398.24   0.1125  0.4489  1.0416  1.2954  1.4326  1.4514  1.4578  1.4003  1.2473  1.2179  1.4025
    7.00  501.29   0.0255  0.3496  0.9546  1.2031  1.3151  1.3098  1.2960  1.2162  1.0489  1.0363  1.2761
    7.00  631.04  -0.0556  0.2559  0.8829  1.1402  1.2560  1.2508  1.2365  1.1538  0.9796  0.9667  1.1800
    7.00  794.39  -0.1366  0.1623  0.8120  1.0787  1.1994  1.1952  1.1817  1.0963  0.9157  0.9018  1.0855
    7.25   10.05   1.7105  2.2765  2.8291  3.1088  3.3844  3.4925  3.5709  3.6264  3.5809  3.2702  3.3445
    7.25   10.08   1.7105  2.2765  2.8289  3.1085  3.3841  3.4922  3.5706  3.6262  3.5807  3.2699  3.3443
    7.25   10.12   1.7102  2.2761  2.8285  3.1082  3.3839  3.4920  3.5704  3.6258  3.5804  3.2696  3.3440
    7.25   10.20   1.7099  2.2758  2.8281  3.1078  3.3834  3.4915  3.5699  3.6255  3.5800  3.2691  3.3435
    7.25   10.31   1.7092  2.2751  2.8276  3.1074  3.3829  3.4909  3.5694  3.6249  3.5795  3.2682  3.3429
    7.25   10.49   1.7081  2.2741  2.8270  3.1069  3.3824  3.4904  3.5687  3.6243  3.5788  3.2674  3.3419
    7.25   10.76   1.7074  2.2734  2.8261  3.1062  3.3819  3.4895  3.5679  3.6235  3.5780  3.2659  3.3408
    7.25   11.18   1.7054  2.2713  2.8245  3.1048  3.3804  3.4881  3.5665  3.6217  3.5761  3.2628  3.3384
    7.25   11.82   1.7002  2.2661  2.8205  3.1016  3.3777  3.4856  3.5634  3.6173  3.5711  3.2544  3.3325
    7.25   12.77   1.6947  2.2605  2.8162  3.0981  3.3747  3.4826  3.5599  3.6125  3.5658  3.2456  3.3259
    7.25   14.14   1.6886  2.2545  2.8114  3.0941  3.3712  3.4791  3.5561  3.6074  3.5600  3.2362  3.3193
    7.25   16.08   1.6251  2.1910  2.7484  3.0295  3.3055  3.4137  3.4915  3.5415  3.4949  3.1811  3.2487
    7.25   18.74   1.5515  2.1173  2.6752  2.9545  3.2295  3.3373  3.4164  3.4651  3.4197  3.1183  3.1671
    7.25   22.32   1.4768  2.0428  2.6010  2.8786  3.1522  3.2602  3.3404  3.3879  3.3436  3.0546  3.0848
    7.25   27.04   1.4025  1.9387  2.4943  2.7674  3.0391  3.1469  3.2294  3.2765  3.2318  2.9613  2.9729
    7.25   33.16   1.2988  1.8024  2.3519  2.6175  2.8864  2.9949  3.0807  3.1277  3.0814  2.8358  2.8286
    7.25   41.05   1.1834  1.6646  2.2079  2.4659  2.7321  2.8412  2.9301  2.9772  2.9292  2.7084  2.6827
    7.25   51.11   1.0644  1.5272  2.0644  2.3152  2.5781  2.6877  2.7796  2.8266  2.7766  2.5804  2.5379
    7.25   63.89   0.9632  1.4111  1.9408  2.1866  2.4441  2.5532  2.6445  2.6913  2.6358  2.4618  2.4195
    7.25   80.06   0.8574  1.2915  1.8138  2.0547  2.3067  2.4151  2.5062  2.5526  2.4917  2.3398  2.2978
    7.25  100.50   0.7462  1.1680  1.6826  1.9187  2.1650  2.2732  2.3635  2.4097  2.3434  2.2137  2.1715
    7.25  126.29   0.6682  1.0776  1.5908  1.8264  2.0605  2.1630  2.2459  2.2830  2.2046  2.0916  2.0735
    7.25  158.81   0.5945  0.9923  1.5065  1.7431  1.9627  2.0573  2.1303  2.1549  2.0620  1.9630  1.9783
    7.25  199.78   0.5202  0.9069  1.4223  1.6598  1.8649  1.9517  2.0143  2.0265  1.9192  1.8345  1.8830
    7.25  251.39   0.4416  0.8174  1.3364  1.5724  1.7594  1.8338  1.8837  1.8804  1.7588  1.6893  1.7776
    7.25  316.39   0.3537  0.7196  1.2478  1.4776  1.6391  1.6921  1.7242  1.6997  1.5643  1.5122  1.6526
    7.25  398.24   0.2673  0.6218  1.1593  1.3825  1.5186  1.5504  1.5647  1.5188  1.3698  1.3350  1.5276
    7.25  501.29   0.1782  0.5239  1.0707  1.2877  1.3981  1.4086  1.4053  1.3382  1.1752  1.1576  1.4025
    7.25  631.04   0.1014  0.4366  1.0031  1.2279  1.3421  1.3533  1.3501  1.2801  1.1105  1.0924  1.3111
    7.25  794.39   0.0251  0.3496  0.9364  1.1692  1.2884  1.3014  1.2993  1.2272  1.0513  1.0320  1.2212
    7.50   10.05   1.8932  2.4225  2.9331  3.1951  3.4613  3.5619  3.6364  3.6909  3.6440  3.3120  3.4221
    7.50   10.08   1.8929  2.4222  2.9328  3.1951  3.4611  3.5618  3.6361  3.6907  3.6437  3.3118  3.4219
    7.50   10.12   1.8927  2.4220  2.9325  3.1947  3.4609  3.5613  3.6358  3.6903  3.6434  3.3115  3.4215
    7.50   10.20   1.8922  2.4215  2.9321  3.1943  3.4605  3.5610  3.6354  3.6899  3.6430  3.3110  3.4210
    7.50   10.31   1.8917  2.4210  2.9316  3.1939  3.4599  3.5604  3.6348  3.6894  3.6425  3.3105  3.4206
    7.50   10.49   1.8913  2.4205  2.9309  3.1931  3.4592  3.5598  3.6342  3.6887  3.6419  3.3100  3.4199
    7.50   10.76   1.8903  2.4196  2.9301  3.1923  3.4584  3.5591  3.6334  3.6879  3.6411  3.3092  3.4190
    7.50   11.18   1.8891  2.4183  2.9291  3.1915  3.4578  3.5583  3.6327  3.6868  3.6397  3.3066  3.4177
    7.50   11.82   1.8865  2.4159  2.9278  3.1911  3.4580  3.5585  3.6326  3.6852  3.6369  3.2996  3.4150
    7.50   12.77   1.8836  2.4129  2.9261  3.1903  3.4578  3.5583  3.6321  3.6833  3.6337  3.2919  3.4119
    7.50   14.14   1.8804  2.4096  2.9241  3.1891  3.4572  3.5577  3.6313  3.6810  3.6302  3.2840  3.4082
    7.50   16.08   1.8430  2.3723  2.8882  3.1524  3.4202  3.5208  3.5947  3.6429  3.5934  3.2541  3.3679
    7.50   18.74   1.7991  2.3284  2.8462  3.1092  3.3767  3.4773  3.5518  3.5986  3.5504  3.2201  3.3209
    7.50   22.32   1.7546  2.2839  2.8033  3.0651  3.3323  3.4330  3.5080  3.5533  3.5066  3.1852  3.2730
    7.50   27.04   1.6571  2.1864  2.7048  2.9628  3.2288  3.3292  3.4055  3.4503  3.4033  3.1008  3.1703
    7.50   33.16   1.5139  2.0312  2.5459  2.7971  3.0603  3.1607  3.2389  3.2843  3.2354  2.9631  3.0086
    7.50   41.05   1.3908  1.8745  2.3854  2.6297  2.8902  2.9909  3.0708  3.1165  3.0656  2.8235  2.8451
    7.50   51.11   1.2566  1.7194  2.2260  2.4636  2.7212  2.8218  2.9032  2.9498  2.8965  2.6841  2.6837
    7.50   63.89   1.1458  1.5952  2.0935  2.3245  2.5778  2.6784  2.7598  2.8073  2.7495  2.5612  2.5580
    7.50   80.06   1.0301  1.4675  1.9577  2.1821  2.4309  2.5315  2.6130  2.6613  2.5991  2.4352  2.4289
    7.50  100.50   0.9086  1.3358  1.8176  2.0356  2.2800  2.3806  2.4619  2.5111  2.4446  2.3048  2.2957
    7.50  126.29   0.8257  1.2440  1.7211  1.9360  2.1690  2.2667  2.3432  2.3851  2.3073  2.1852  2.1955
    7.50  158.81   0.7498  1.1596  1.6334  1.8467  2.0653  2.1592  2.2291  2.2602  2.1688  2.0614  2.1003
    7.50  199.78   0.6745  1.0753  1.5459  1.7573  1.9618  2.0519  2.1149  2.1354  2.0304  1.9377  2.0050
    7.50  251.39   0.5941  0.9869  1.4575  1.6651  1.8515  1.9328  1.9860  1.9926  1.8741  1.7974  1.9001
    7.50  316.39   0.5048  0.8908  1.3672  1.5675  1.7281  1.7911  1.8289  1.8151  1.6833  1.6246  1.7764
    7.50  398.24   0.4159  0.7946  1.2770  1.4698  1.6047  1.6494  1.6718  1.6375  1.4925  1.4519  1.6528
    7.50  501.29   0.3273  0.6985  1.1869  1.3723  1.4814  1.5077  1.5148  1.4600  1.3015  1.2791  1.5290
    7.50  631.04   0.2532  0.6171  1.1232  1.3152  1.4280  1.4558  1.4634  1.4064  1.2415  1.2185  1.4422
    7.50  794.39   0.1802  0.5366  1.0608  1.2600  1.3774  1.4077  1.4166  1.3581  1.1869  1.1624  1.3568
    7.75   10.05   2.0279  2.5251  2.9956  3.2449  3.5078  3.6056  3.6829  3.7384  3.6930  3.3476  3.4845
    7.75   10.08   2.0277  2.5249  2.9953  3.2446  3.5077  3.6053  3.6827  3.7381  3.6928  3.3474  3.4843
    7.75   10.12   2.0273  2.5245  2.9950  3.2442  3.5073  3.6049  3.6823  3.7378  3.6924  3.3469  3.4839
    7.75   10.20   2.0269  2.5241  2.9946  3.2439  3.5069  3.6045  3.6819  3.7374  3.6920  3.3467  3.4836
    7.75   10.31   2.0263  2.5236  2.9941  3.2432  3.5064  3.6039  3.6814  3.7369  3.6915  3.3460  3.4832
    7.75   10.49   2.0258  2.5230  2.9935  3.2428  3.5058  3.6034  3.6807  3.7362  3.6908  3.3455  3.4824
    7.75   10.76   2.0250  2.5222  2.9926  3.2417  3.5049  3.6026  3.6799  3.7354  3.6900  3.3446  3.4816
    7.75   11.18   2.0238  2.5210  2.9916  3.2410  3.5041  3.6016  3.6790  3.7343  3.6888  3.3429  3.4805
    7.75   11.82   2.0219  2.5191  2.9903  3.2399  3.5036  3.6011  3.6783  3.7329  3.6868  3.3386  3.4783
    7.75   12.77   2.0195  2.5168  2.9887  3.2388  3.5026  3.6002  3.6773  3.7311  3.6844  3.3340  3.4760
    7.75   14.14   2.0170  2.5142  2.9866  3.2374  3.5013  3.5989  3.6758  3.7289  3.6816  3.3291  3.4733
    7.75   16.08   1.9964  2.4936  2.9675  3.2181  3.4824  3.5804  3.6571  3.7081  3.6611  3.3102  3.4518
    7.75   18.74   1.9723  2.4695  2.9450  3.1951  3.4601  3.5585  3.6351  3.6838  3.6371  3.2889  3.4267
    7.75   22.32   1.9473  2.4445  2.9217  3.1713  3.4368  3.5357  3.6122  3.6584  3.6123  3.2665  3.4009
    7.75   27.04   1.8690  2.3662  2.8445  3.0918  3.3560  3.4551  3.5320  3.5773  3.5308  3.2004  3.3198
    7.75   33.16   1.7333  2.2305  2.7088  2.9511  3.2127  3.3117  3.3897  3.4355  3.3876  3.0869  3.1789
    7.75   41.05   1.5956  2.0928  2.5714  2.8087  3.0678  3.1663  3.2459  3.2919  3.2427  2.9713  3.0359
    7.75   51.11   1.4829  1.9523  2.4304  2.6627  2.9189  3.0175  3.0977  3.1443  3.0933  2.8514  2.8907
    7.75   63.89   1.3489  1.8024  2.2733  2.4993  2.7526  2.8508  2.9306  2.9782  2.9213  2.7080  2.7398
    7.75   80.06   1.2053  1.6493  2.1125  2.3328  2.5828  2.6808  2.7600  2.8086  2.7458  2.5612  2.5857
    7.75  100.50   1.0544  1.4920  1.9475  2.1619  2.4089  2.5065  2.5851  2.6349  2.5661  2.4101  2.4272
    7.75  126.29   0.9624  1.3928  1.8404  2.0511  2.2896  2.3856  2.4601  2.5034  2.4241  2.2889  2.3196
    7.75  158.81   0.8834  1.3086  1.7478  1.9557  2.1833  2.2772  2.3464  2.3808  2.2887  2.1709  2.2236
    7.75  199.78   0.8042  1.2241  1.6552  1.8603  2.0774  2.1689  2.2330  2.2580  2.1534  2.0533  2.1274
    7.75  251.39   0.7210  1.1360  1.5625  1.7628  1.9648  2.0490  2.1046  2.1168  1.9995  1.9176  2.0220
    7.75  316.39   0.6303  1.0404  1.4695  1.6613  1.8395  1.9066  1.9480  1.9400  1.8099  1.7470  1.8984
    7.75  398.24   0.5384  0.9446  1.3764  1.5598  1.7142  1.7642  1.7913  1.7633  1.6202  1.5765  1.7747
    7.75  501.29   0.4477  0.8489  1.2834  1.4584  1.5890  1.6217  1.6347  1.5865  1.4306  1.4060  1.6511
    7.75  631.04   0.3769  0.7731  1.2230  1.4043  1.5393  1.5738  1.5877  1.5375  1.3752  1.3497  1.5685
    7.75  794.39   0.3064  0.6980  1.1643  1.3521  1.4928  1.5299  1.5453  1.4937  1.3254  1.2985  1.4876
    8.00   10.05   2.1570  2.6276  3.0581  3.2944  3.5544  3.6490  3.7294  3.7859  3.7420  3.3831  3.5471
    8.00   10.08   2.1566  2.6273  3.0579  3.2941  3.5542  3.6488  3.7292  3.7857  3.7418  3.3829  3.5469
    8.00   10.12   2.1562  2.6270  3.0575  3.2938  3.5539  3.6484  3.7288  3.7853  3.7414  3.3825  3.5466
    8.00   10.20   2.1562  2.6267  3.0571  3.2932  3.5534  3.6480  3.7284  3.7849  3.7410  3.3820  3.5461
    8.00   10.31   2.1553  2.6261  3.0566  3.2928  3.5529  3.6475  3.7279  3.7844  3.7405  3.3816  3.5456
    8.00   10.49   2.1549  2.6254  3.0560  3.2922  3.5522  3.6468  3.7273  3.7837  3.7398  3.3810  3.5449
    8.00   10.76   2.1540  2.6247  3.0551  3.2912  3.5514  3.6460  3.7264  3.7829  3.7390  3.3801  3.5441
    8.00   11.18   2.1528  2.6236  3.0541  3.2903  3.5504  3.6449  3.7253  3.7819  3.7380  3.3790  3.5431
    8.00   11.82   2.1515  2.6222  3.0528  3.2890  3.5490  3.6437  3.7241  3.7806  3.7367  3.3779  3.5417
    8.00   12.77   2.1502  2.6207  3.0512  3.2874  3.5475  3.6421  3.7225  3.7790  3.7350  3.3761  3.5402
    8.00   14.14   2.1479  2.6185  3.0491  3.2854  3.5453  3.6400  3.7204  3.7769  3.7330  3.3741  3.5380
    8.00   16.08   2.1443  2.6150  3.0467  3.2835  3.5446  3.6400  3.7196  3.7733  3.7289  3.3668  3.5358
    8.00   18.74   2.1399  2.6106  3.0438  3.2812  3.5435  3.6397  3.7184  3.7689  3.7238  3.3579  3.5328
    8.00   22.32   2.1347  2.6053  3.0400  3.2779  3.5414  3.6384  3.7164  3.7635  3.7180  3.3481  3.5290
    8.00   27.04   2.0758  2.5464  2.9841  3.2208  3.4835  3.5810  3.6588  3.7044  3.6582  3.3001  3.4693
    8.00   33.16   1.9590  2.4297  2.8717  3.1051  3.3653  3.4625  3.5407  3.5866  3.5399  3.2105  3.3490
    8.00   41.05   1.8405  2.3111  2.7576  2.9878  3.2453  3.3420  3.4210  3.4672  3.4199  3.1191  3.2267
    8.00   51.11   1.7144  2.1851  2.6350  2.8617  3.1166  3.2133  3.2926  3.3391  3.2905  3.0189  3.0977
    8.00   63.89   1.5506  2.0098  2.4528  2.6742  2.9273  3.0233  3.1014  3.1493  3.0933  2.8547  2.9217
    8.00   80.06   1.3787  1.8311  2.2672  2.4834  2.7346  2.8301  2.9069  2.9560  2.8925  2.6872  2.7424
    8.00  100.50   1.1999  1.6480  2.0775  2.2880  2.5378  2.6325  2.7083  2.7585  2.6876  2.5154  2.5588
    8.00  126.29   1.0976  1.5419  1.9598  2.1662  2.4103  2.5043  2.5770  2.6220  2.5408  2.3926  2.4434
    8.00  158.81   1.0154  1.4575  1.8622  2.0648  2.3016  2.3951  2.4640  2.5013  2.4086  2.2808  2.3466
    8.00  199.78   0.9309  1.3734  1.7646  1.9633  2.1929  2.2861  2.3510  2.3806  2.2763  2.1688  2.2500
    8.00  251.39   0.8458  1.2852  1.6676  1.8605  2.0782  2.1652  2.2233  2.2410  2.1248  2.0379  2.1439
    8.00  316.39   0.7510  1.1901  1.5716  1.7551  1.9509  2.0221  2.0671  2.0651  1.9365  1.8695  2.0204
    8.00  398.24   0.6571  1.0947  1.4757  1.6498  1.8238  1.8789  1.9109  1.8890  1.7480  1.7012  1.8967
    8.00  501.29   0.5636  0.9994  1.3799  1.5445  1.6965  1.7357  1.7546  1.7129  1.5596  1.5328  1.7730
    8.00  631.04   0.4949  0.9289  1.3230  1.4934  1.6505  1.6918  1.7120  1.6684  1.5088  1.4814  1.6948
    8.00  794.39   0.4265  0.8594  1.2678  1.4444  1.6081  1.6522  1.6740  1.6294  1.4638  1.4349  1.6185
