Eastern North America low ground motion CLASS C, distance is Rhypo (depth 10 km). Log10 hazard values in cgs units PGA 0.02 PGV 0.01. Original file GMPEt_ENA_low.dat,provided by G Atkinson 20120807
      15      30      11        : nmag, ndist, nperiod
                      10       5       2       1     0.5  0.3003     0.2     0.1    0.05    0.02    0.01
                    0.62    0.62    0.62    0.62    0.58    0.54    0.53    0.53    0.53    0.53    0.62
    4.50   10.05  -2.1273 -0.8153  0.1700  0.8813  1.5644  1.9210  2.1793  2.3869  2.3801  1.9321  1.3701
    4.50   10.08  -2.1346 -0.8225  0.1665  0.8766  1.5572  1.9121  2.1718  2.3822  2.3767  1.9321  1.3654
    4.50   10.12  -2.1388 -0.8296  0.1630  0.8719  1.5502  1.9033  2.1642  2.3775  2.3735  1.9321  1.3606
    4.50   10.20  -2.1352 -0.8366  0.1595  0.8672  1.5433  1.8945  2.1564  2.3729  2.3703  1.9322  1.3560
    4.50   10.31  -2.1417 -0.8536  0.1474  0.8526  1.5243  1.8726  2.1360  2.3577  2.3580  1.9243  1.3419
    4.50   10.49  -2.1378 -0.8766  0.1300  0.8320  1.4985  1.8428  2.1082  2.3361  2.3399  1.9117  1.3221
    4.50   10.76  -2.1355 -0.8994  0.1128  0.8114  1.4727  1.8132  2.0803  2.3148  2.3222  1.8992  1.3025
    4.50   11.18  -2.1396 -0.9283  0.0875  0.7831  1.4392  1.7765  2.0448  2.2845  2.2936  1.8783  1.2748
    4.50   11.82  -2.1549 -0.9767  0.0361  0.7290  1.3814  1.7174  1.9851  2.2266  2.2307  1.8301  1.2208
    4.50   12.77  -2.1649 -1.0248 -0.0149  0.6753  1.3239  1.6587  1.9258  2.1685  2.1681  1.7824  1.1671
    4.50   14.14  -2.1749 -1.0725 -0.0656  0.6220  1.2667  1.6005  1.8669  2.1111  2.1058  1.7350  1.1138
    4.50   16.08  -2.2202 -1.1578 -0.1609  0.5285  1.1726  1.5086  1.7707  2.0075  1.9836  1.6383  1.0140
    4.50   18.74  -2.2705 -1.2486 -0.2630  0.4293  1.0728  1.4118  1.6689  1.8969  1.8519  1.5342  0.9073
    4.50   22.32  -2.3196 -1.3385 -0.3642  0.3307  0.9739  1.3159  1.5680  1.7871  1.7211  1.4310  0.8013
    4.50   27.04  -2.3817 -1.4422 -0.4781  0.2189  0.8619  1.2055  1.4517  1.6597  1.5720  1.3087  0.6788
    4.50   33.16  -2.4593 -1.5606 -0.6058  0.0927  0.7358  1.0795  1.3191  1.5136  1.4031  1.1663  0.5385
    4.50   41.05  -2.5331 -1.6771 -0.7315 -0.0316  0.6115  0.9551  1.1883  1.3691  1.2357  1.0258  0.3999
    4.50   51.11  -2.6038 -1.7892 -0.8521 -0.1522  0.4903  0.8330  1.0601  1.2277  1.0733  0.8888  0.2648
    4.50   63.89  -2.6501 -1.8750 -0.9427 -0.2551  0.3804  0.7146  0.9384  1.0983  0.9368  0.7671  0.1443
    4.50   80.06  -2.6909 -1.9575 -1.0299 -0.3548  0.2741  0.5995  0.8201  0.9725  0.8037  0.6489  0.0273
    4.50  100.50  -2.7265 -2.0357 -1.1129 -0.4503  0.1718  0.4888  0.7061  0.8508  0.6748  0.5348 -0.0855
    4.50  126.29  -2.7962 -2.1455 -1.2211 -0.5780  0.0319  0.3345  0.5442  0.6720  0.4840  0.3593 -0.2401
    4.50  158.81  -2.8685 -2.2593 -1.3312 -0.7100 -0.1145  0.1715  0.3716  0.4792  0.2769  0.1677 -0.4028
    4.50  199.78  -2.9402 -2.3732 -1.4412 -0.8424 -0.2609  0.0086  0.1991  0.2863  0.0699 -0.0236 -0.5655
    4.50  251.39  -3.0221 -2.4953 -1.5579 -0.9805 -0.4160 -0.1653  0.0123  0.0748 -0.1588 -0.2344 -0.7387
    4.50  316.39  -3.1185 -2.6335 -1.6872 -1.1299 -0.5876 -0.3603 -0.2028 -0.1725 -0.4286 -0.4829 -0.9322
    4.50  398.24  -3.2165 -2.7717 -1.8164 -1.2794 -0.7591 -0.5552 -0.4179 -0.4199 -0.6985 -0.7315 -1.1257
    4.50  501.29  -3.3128 -2.9099 -1.9457 -1.4287 -0.9307 -0.7502 -0.6329 -0.6671 -0.9682 -0.9800 -1.3191
    4.50  631.04  -3.4828 -3.1210 -2.1221 -1.5874 -1.0717 -0.8846 -0.7629 -0.7991 -1.1121 -1.1240 -1.5100
    4.50  794.39  -3.6558 -3.3351 -2.3004 -1.7462 -1.2115 -1.0162 -0.8894 -0.9265 -1.2508 -1.2636 -1.7008
    4.75   10.05  -1.7482 -0.5284  0.4330  1.1218  1.7589  2.0885  2.3288  2.5114  2.4835  2.0466  1.5401
    4.75   10.08  -1.7534 -0.5336  0.4304  1.1175  1.7522  2.0806  2.3223  2.5087  2.4808  2.0474  1.5367
    4.75   10.12  -1.7586 -0.5387  0.4278  1.1132  1.7456  2.0728  2.3159  2.5061  2.4781  2.0484  1.5333
    4.75   10.20  -1.7547 -0.5438  0.4252  1.1090  1.7390  2.0651  2.3094  2.5036  2.4756  2.0494  1.5300
    4.75   10.31  -1.7586 -0.5590  0.4126  1.0933  1.7194  2.0434  2.2897  2.4902  2.4625  2.0426  1.5164
    4.75   10.49  -1.7579 -0.5802  0.3940  1.0706  1.6917  2.0133  2.2619  2.4702  2.4433  2.0311  1.4964
    4.75   10.76  -1.7534 -0.6013  0.3753  1.0480  1.6644  1.9834  2.2342  2.4505  2.4241  2.0198  1.4768
    4.75   11.18  -1.7568 -0.6291  0.3488  1.0178  1.6296  1.9466  2.1988  2.4218  2.3948  2.0002  1.4487
    4.75   11.82  -1.7761 -0.6780  0.2964  0.9626  1.5711  1.8882  2.1397  2.3648  2.3327  1.9538  1.3943
    4.75   12.77  -1.7887 -0.7270  0.2446  0.9076  1.5130  1.8301  2.0807  2.3081  2.2707  1.9079  1.3406
    4.75   14.14  -1.8012 -0.7752  0.1930  0.8532  1.4553  1.7724  2.0224  2.2517  2.2093  1.8623  1.2868
    4.75   16.08  -1.8507 -0.8627  0.0990  0.7613  1.3633  1.6833  1.9280  2.1479  2.0901  1.7674  1.1877
    4.75   18.74  -1.9056 -0.9560 -0.0015  0.6638  1.2664  1.5897  1.8283  2.0374  1.9623  1.6650  1.0819
    4.75   22.32  -1.9589 -1.0483 -0.1010  0.5672  1.1706  1.4969  1.7294  1.9276  1.8352  1.5635  0.9768
    4.75   27.04  -2.0250 -1.1531 -0.2118  0.4586  1.0624  1.3900  1.6161  1.8014  1.6901  1.4433  0.8558
    4.75   33.16  -2.1060 -1.2712 -0.3344  0.3374  0.9415  1.2682  1.4874  1.6578  1.5257  1.3030  0.7176
    4.75   41.05  -2.1824 -1.3875 -0.4553  0.2181  0.8223  1.1481  1.3604  1.5158  1.3631  1.1645  0.5811
    4.75   51.11  -2.2546 -1.4986 -0.5710  0.1023  0.7062  1.0304  1.2359  1.3775  1.2056  1.0298  0.4482
    4.75   63.89  -2.2969 -1.5787 -0.6549  0.0040  0.6015  0.9163  1.1196  1.2550  1.0763  0.9138  0.3319
    4.75   80.06  -2.3341 -1.6553 -0.7356 -0.0909  0.5000  0.8056  1.0062  1.1357  0.9507  0.8012  0.2191
    4.75  100.50  -2.3686 -1.7280 -0.8123 -0.1815  0.4029  0.6991  0.8972  1.0208  0.8293  0.6928  0.1103
    4.75  126.29  -2.4283 -1.8251 -0.9127 -0.3040  0.2683  0.5507  0.7428  0.8531  0.6518  0.5294 -0.0358
    4.75  158.81  -2.4890 -1.9244 -1.0144 -0.4308  0.1269  0.3940  0.5788  0.6727  0.4605  0.3528 -0.1885
    4.75  199.78  -2.5501 -2.0235 -1.1162 -0.5576 -0.0144  0.2374  0.4146  0.4924  0.2693  0.1762 -0.3412
    4.75  251.39  -2.6177 -2.1319 -1.2252 -0.6903 -0.1640  0.0699  0.2359  0.2929  0.0559 -0.0204 -0.5044
    4.75  316.39  -2.7074 -2.2584 -1.3479 -0.8342 -0.3300 -0.1187  0.0285  0.0564 -0.2002 -0.2556 -0.6878
    4.75  398.24  -2.7947 -2.3849 -1.4707 -0.9780 -0.4961 -0.3074 -0.1789 -0.1801 -0.4562 -0.4907 -0.8715
    4.75  501.29  -2.8831 -2.5113 -1.5936 -1.1219 -0.6619 -0.4960 -0.3863 -0.4166 -0.7123 -0.7259 -1.0551
    4.75  631.04  -3.0408 -2.7078 -1.7569 -1.2693 -0.7932 -0.6210 -0.5072 -0.5393 -0.8466 -0.8602 -1.2362
    4.75  794.39  -3.2019 -2.9072 -1.9223 -1.4170 -0.9229 -0.7431 -0.6242 -0.6571 -0.9757 -0.9906 -1.4172
    5.00   10.05  -1.3733 -0.2414  0.6960  1.3623  1.9534  2.2559  2.4785  2.6359  2.5870  2.1609  1.7100
    5.00   10.08  -1.3768 -0.2447  0.6942  1.3585  1.9472  2.2492  2.4730  2.6353  2.5849  2.1627  1.7080
    5.00   10.12  -1.3798 -0.2479  0.6926  1.3546  1.9409  2.2424  2.4678  2.6347  2.5828  2.1645  1.7059
    5.00   10.20  -1.3823 -0.2511  0.6909  1.3508  1.9348  2.2358  2.4626  2.6343  2.5809  2.1667  1.7040
    5.00   10.31  -1.3822 -0.2644  0.6777  1.3339  1.9144  2.2143  2.4433  2.6226  2.5673  2.1609  1.6907
    5.00   10.49  -1.3854 -0.2838  0.6577  1.3091  1.8851  2.1839  2.4156  2.6044  2.5466  2.1507  1.6707
    5.00   10.76  -1.3781 -0.3032  0.6378  1.2845  1.8561  2.1535  2.3880  2.5863  2.5261  2.1405  1.6508
    5.00   11.18  -1.3798 -0.3297  0.6100  1.2524  1.8199  2.1166  2.3530  2.5592  2.4959  2.1219  1.6227
    5.00   11.82  -1.4031 -0.3796  0.5569  1.1959  1.7609  2.0589  2.2942  2.5030  2.4345  2.0776  1.5681
    5.00   12.77  -1.4178 -0.4290  0.5042  1.1400  1.7021  2.0014  2.2359  2.4473  2.3735  2.0333  1.5137
    5.00   14.14  -1.4330 -0.4782  0.4517  1.0844  1.6439  1.9443  2.1779  2.3920  2.3127  1.9895  1.4599
    5.00   16.08  -1.4876 -0.5679  0.3589  0.9939  1.5542  1.8579  2.0853  2.2886  2.1970  1.8964  1.3616
    5.00   18.74  -1.5466 -0.6633  0.2602  0.8983  1.4603  1.7674  1.9876  2.1778  2.0725  1.7958  1.2565
    5.00   22.32  -1.6048 -0.7579  0.1621  0.8036  1.3668  1.6777  1.8908  2.0680  1.9493  1.6960  1.1522
    5.00   27.04  -1.6756 -0.8639  0.0546  0.6985  1.2629  1.5747  1.7804  1.9432  1.8083  1.5778  1.0328
    5.00   33.16  -1.7572 -0.9817 -0.0632  0.5822  1.1471  1.4572  1.6556  1.8021  1.6485  1.4397  0.8967
    5.00   41.05  -1.8366 -1.0977 -0.1792  0.4677  1.0332  1.3413  1.5325  1.6625  1.4904  1.3030  0.7623
    5.00   51.11  -1.9134 -1.2080 -0.2898  0.3569  0.9222  1.2278  1.4120  1.5272  1.3376  1.1709  0.6318
    5.00   63.89  -1.9493 -1.2824 -0.3673  0.2631  0.8225  1.1179  1.3006  1.4114  1.2161  1.0605  0.5196
    5.00   80.06  -1.9834 -1.3533 -0.4416  0.1730  0.7261  1.0116  1.1923  1.2989  1.0978  0.9534  0.4107
    5.00  100.50  -2.0161 -1.4200 -0.5115  0.0871  0.6340  0.9094  1.0883  1.1911  0.9837  0.8507  0.3062
    5.00  126.29  -2.0642 -1.5051 -0.6042 -0.0301  0.5045  0.7668  0.9413  1.0341  0.8197  0.6996  0.1683
    5.00  158.81  -2.1120 -1.5894 -0.6978 -0.1513  0.3684  0.6165  0.7857  0.8664  0.6442  0.5377  0.0258
    5.00  199.78  -2.1607 -1.6738 -0.7913 -0.2726  0.2323  0.4662  0.6301  0.6986  0.4688  0.3759 -0.1168
    5.00  251.39  -2.2229 -1.7683 -0.8924 -0.3998  0.0879  0.3049  0.4596  0.5111  0.2707  0.1937 -0.2699
    5.00  316.39  -2.3006 -1.8832 -1.0087 -0.5382 -0.0725  0.1228  0.2599  0.2853  0.0283 -0.0283 -0.4436
    5.00  398.24  -2.3782 -1.9980 -1.1250 -0.6766 -0.2329 -0.0595  0.0601  0.0595 -0.2140 -0.2502 -0.6174
    5.00  501.29  -2.4590 -2.1128 -1.2413 -0.8150 -0.3932 -0.2417 -0.1396 -0.1660 -0.4563 -0.4720 -0.7909
    5.00  631.04  -2.6048 -2.2946 -1.3920 -0.9515 -0.5147 -0.3574 -0.2514 -0.2793 -0.5809 -0.5969 -0.9623
    5.00  794.39  -2.7534 -2.4792 -1.5443 -1.0877 -0.6344 -0.4702 -0.3594 -0.3879 -0.7005 -0.7176 -1.1335
    5.25   10.05  -1.0460  0.0016  0.9101  1.5393  2.0884  2.3725  2.5789  2.7234  2.6609  2.2462  1.8486
    5.25   10.08  -1.0466  0.0010  0.9102  1.5375  2.0850  2.3686  2.5768  2.7256  2.6617  2.2494  1.8493
    5.25   10.12  -1.0472  0.0004  0.9104  1.5357  2.0816  2.3648  2.5747  2.7278  2.6625  2.2527  1.8501
    5.25   10.20  -1.0477 -0.0001  0.9106  1.5340  2.0783  2.3610  2.5728  2.7302  2.6634  2.2559  1.8509
    5.25   10.31  -1.0557 -0.0122  0.8978  1.5172  2.0589  2.3413  2.5551  2.7191  2.6501  2.2512  1.8382
    5.25   10.49  -1.0620 -0.0314  0.8770  1.4913  2.0297  2.3117  2.5280  2.7000  2.6283  2.2417  1.8172
    5.25   10.76  -1.0567 -0.0504  0.8564  1.4655  2.0006  2.2824  2.5010  2.6810  2.6066  2.2322  1.7965
    5.25   11.18  -1.0570 -0.0764  0.8283  1.4328  1.9649  2.2471  2.4671  2.6534  2.5759  2.2150  1.7679
    5.25   11.82  -1.0819 -0.1252  0.7762  1.3778  1.9081  2.1920  2.4110  2.5984  2.5164  2.1724  1.7140
    5.25   12.77  -1.0972 -0.1738  0.7244  1.3234  1.8517  2.1370  2.3553  2.5436  2.4573  2.1302  1.6605
    5.25   14.14  -1.1128 -0.2218  0.6730  1.2692  1.7956  2.0829  2.2998  2.4892  2.3984  2.0881  1.6074
    5.25   16.08  -1.1681 -0.3100  0.5837  1.1826  1.7101  1.9996  2.2096  2.3875  2.2853  1.9961  1.5098
    5.25   18.74  -1.2279 -0.4040  0.4887  1.0916  1.6204  1.9122  2.1145  2.2783  2.1640  1.8964  1.4055
    5.25   22.32  -1.2867 -0.4974  0.3948  1.0013  1.5317  1.8256  2.0201  2.1702  2.0433  1.7976  1.3019
    5.25   27.04  -1.3567 -0.6013  0.2913  0.9011  1.4326  1.7254  1.9116  2.0472  1.9054  1.6802  1.1839
    5.25   33.16  -1.4380 -0.7168  0.1785  0.7903  1.3225  1.6108  1.7881  1.9081  1.7489  1.5431  1.0499
    5.25   41.05  -1.5177 -0.8304  0.0670  0.6812  1.2141  1.4978  1.6662  1.7707  1.5940  1.4076  0.9178
    5.25   51.11  -1.5926 -0.9383 -0.0391  0.5756  1.1087  1.3871  1.5474  1.6375  1.4446  1.2766  0.7895
    5.25   63.89  -1.6327 -1.0108 -0.1140  0.4862  1.0134  1.2810  1.4392  1.5255  1.3268  1.1692  0.6808
    5.25   80.06  -1.6684 -1.0801 -0.1855  0.4003  0.9214  1.1781  1.3345  1.4169  1.2124  1.0652  0.5754
    5.25  100.50  -1.7006 -1.1450 -0.2527  0.3186  0.8337  1.0794  1.2339  1.3124  1.1022  0.9653  0.4743
    5.25  126.29  -1.7482 -1.2261 -0.3427  0.2054  0.7088  0.9430  1.0949  1.1661  0.9492  0.8254  0.3429
    5.25  158.81  -1.7947 -1.3055 -0.4334  0.0878  0.5775  0.7999  0.9490  1.0118  0.7876  0.6779  0.2084
    5.25  199.78  -1.8417 -1.3850 -0.5241 -0.0297  0.4460  0.6569  0.8032  0.8573  0.6261  0.5305  0.0735
    5.25  251.39  -1.8976 -1.4743 -0.6220 -0.1527  0.3067  0.5028  0.6422  0.6830  0.4420  0.3627 -0.0715
    5.25  316.39  -1.9737 -1.5831 -0.7342 -0.2866  0.1513  0.3274  0.4521  0.4702  0.2143  0.1558 -0.2366
    5.25  398.24  -2.0488 -1.6917 -0.8463 -0.4204 -0.0040  0.1519  0.2619  0.2572 -0.0133 -0.0511 -0.4016
    5.25  501.29  -2.1256 -1.8004 -0.9584 -0.5542 -0.1594 -0.0235  0.0717  0.0444 -0.2409 -0.2581 -0.5668
    5.25  631.04  -2.2638 -1.9710 -1.0990 -0.6811 -0.2723 -0.1311 -0.0324 -0.0609 -0.3572 -0.3748 -0.7298
    5.25  794.39  -2.4045 -2.1441 -1.2407 -0.8077 -0.3834 -0.2359 -0.1325 -0.1616 -0.4689 -0.4877 -0.8927
    5.50   10.05  -0.7233  0.2447  1.1241  1.7163  2.2235  2.4890  2.6794  2.8109  2.7350  2.3311  1.9871
    5.50   10.08  -0.7213  0.2465  1.1261  1.7166  2.2228  2.4881  2.6805  2.8159  2.7385  2.3357  1.9906
    5.50   10.12  -0.7194  0.2487  1.1282  1.7169  2.2220  2.4872  2.6818  2.8209  2.7421  2.3405  1.9942
    5.50   10.20  -0.7172  0.2509  1.1304  1.7173  2.2217  2.4865  2.6831  2.8261  2.7458  2.3455  1.9979
    5.50   10.31  -0.7281  0.2399  1.1179  1.7006  2.2035  2.4683  2.6670  2.8156  2.7328  2.3417  1.9857
    5.50   10.49  -0.7417  0.2210  1.0963  1.6734  2.1742  2.4397  2.6405  2.7955  2.7098  2.3330  1.9639
    5.50   10.76  -0.7461  0.2024  1.0750  1.6464  2.1450  2.4113  2.6141  2.7757  2.6870  2.3244  1.9421
    5.50   11.18  -0.7434  0.1766  1.0466  1.6132  2.1100  2.3772  2.5812  2.7476  2.6558  2.3079  1.9131
    5.50   11.82  -0.7667  0.1290  0.9955  1.5597  2.0554  2.3248  2.5278  2.6936  2.5982  2.2674  1.8599
    5.50   12.77  -0.7846  0.0815  0.9448  1.5066  2.0011  2.2729  2.4747  2.6399  2.5411  2.2270  1.8071
    5.50   14.14  -0.7993  0.0345  0.8945  1.4540  1.9472  2.2216  2.4220  2.5866  2.4843  2.1869  1.7547
    5.50   16.08  -0.8547 -0.0523  0.8086  1.3715  1.8659  2.1414  2.3343  2.4863  2.3737  2.0958  1.6578
    5.50   18.74  -0.9147 -0.1448  0.7174  1.2848  1.7807  2.0570  2.2415  2.3789  2.2552  1.9971  1.5543
    5.50   22.32  -0.9752 -0.2366  0.6271  1.1991  1.6963  1.9735  2.1492  2.2723  2.1375  1.8991  1.4516
    5.50   27.04  -1.0435 -0.3386  0.5282  1.1037  1.6022  1.8763  2.0427  2.1510  2.0024  1.7828  1.3349
    5.50   33.16  -1.1254 -0.4517  0.4199  0.9984  1.4978  1.7645  1.9206  2.0142  1.8492  1.6466  1.2033
    5.50   41.05  -1.2040 -0.5629  0.3132  0.8947  1.3950  1.6544  1.8001  1.8789  1.6976  1.5122  1.0733
    5.50   51.11  -1.2789 -0.6686  0.2118  0.7946  1.2951  1.5465  1.6828  1.7479  1.5514  1.3825  0.9474
    5.50   63.89  -1.3191 -0.7395  0.1395  0.7094  1.2042  1.4438  1.5780  1.6395  1.4374  1.2780  0.8420
    5.50   80.06  -1.3569 -0.8070  0.0706  0.6275  1.1168  1.3445  1.4766  1.5346  1.3268  1.1769  0.7400
    5.50  100.50  -1.3887 -0.8700  0.0060  0.5499  1.0335  1.2495  1.3794  1.4338  1.2204  1.0800  0.6422
    5.50  126.29  -1.4360 -0.9471 -0.0812  0.4406  0.9132  1.1191  1.2485  1.2982  1.0788  0.9512  0.5178
    5.50  158.81  -1.4811 -1.0217 -0.1691  0.3269  0.7866  0.9834  1.1122  1.1573  0.9310  0.8181  0.3908
    5.50  199.78  -1.5257 -1.0962 -0.2569  0.2131  0.6600  0.8476  0.9762  1.0160  0.7834  0.6849  0.2639
    5.50  251.39  -1.5785 -1.1803 -0.3516  0.0944  0.5252  0.7006  0.8249  0.8549  0.6135  0.5319  0.1269
    5.50  316.39  -1.6522 -1.2830 -0.4595 -0.0349  0.3749  0.5320  0.6442  0.6549  0.4007  0.3398 -0.0296
    5.50  398.24  -1.7255 -1.3857 -0.5677 -0.1643  0.2245  0.3634  0.4634  0.4548  0.1876  0.1477 -0.1862
    5.50  501.29  -1.7978 -1.4884 -0.6755 -0.2935  0.0744  0.1948  0.2826  0.2550 -0.0255 -0.0442 -0.3426
    5.50  631.04  -1.9276 -1.6476 -0.8057 -0.4109 -0.0300  0.0951  0.1867  0.1576 -0.1336 -0.1527 -0.4973
    5.50  794.39  -2.0597 -1.8090 -0.9372 -0.5279 -0.1325 -0.0016  0.0941  0.0646 -0.2372 -0.2576 -0.6521
    5.75   10.05  -0.4359  0.4602  1.2996  1.8563  2.3340  2.5854  2.7629  2.8829  2.8005  2.4076  2.1071
    5.75   10.08  -0.4342  0.4620  1.3012  1.8565  2.3334  2.5850  2.7639  2.8864  2.8033  2.4115  2.1099
    5.75   10.12  -0.4322  0.4640  1.3031  1.8569  2.3331  2.5846  2.7650  2.8900  2.8061  2.4155  2.1127
    5.75   10.20  -0.4302  0.4659  1.3050  1.8573  2.3326  2.5843  2.7661  2.8937  2.8090  2.4198  2.1156
    5.75   10.31  -0.4379  0.4582  1.2955  1.8442  2.3185  2.5703  2.7539  2.8850  2.7989  2.4184  2.1067
    5.75   10.49  -0.4518  0.4443  1.2790  1.8230  2.2957  2.5481  2.7335  2.8690  2.7807  2.4137  2.0907
    5.75   10.76  -0.4593  0.4307  1.2627  1.8020  2.2731  2.5259  2.7134  2.8531  2.7628  2.4090  2.0748
    5.75   11.18  -0.4609  0.4091  1.2383  1.7734  2.2433  2.4969  2.6855  2.8283  2.7356  2.3964  2.0501
    5.75   11.82  -0.4787  0.3623  1.1877  1.7209  2.1899  2.4456  2.6332  2.7748  2.6791  2.3572  1.9971
    5.75   12.77  -0.4994  0.3158  1.1379  1.6686  2.1368  2.3945  2.5811  2.7217  2.6229  2.3181  1.9444
    5.75   14.14  -0.5123  0.2699  1.0883  1.6169  2.0841  2.3438  2.5295  2.6690  2.5671  2.2797  1.8922
    5.75   16.08  -0.5673  0.1847  1.0047  1.5364  2.0045  2.2644  2.4424  2.5710  2.4587  2.1896  1.7962
    5.75   18.74  -0.6269  0.0934  0.9161  1.4520  1.9210  2.1810  2.3503  2.4662  2.3422  2.0920  1.6937
    5.75   22.32  -0.6865  0.0031  0.8283  1.3683  1.8384  2.0981  2.2590  2.3620  2.2268  1.9951  1.5920
    5.75   27.04  -0.7565 -0.0968  0.7323  1.2762  1.7470  2.0025  2.1535  2.2436  2.0942  1.8799  1.4770
    5.75   33.16  -0.8379 -0.2070  0.6273  1.1747  1.6461  1.8932  2.0334  2.1096  1.9438  1.7451  1.3474
    5.75   41.05  -0.9177 -0.3155  0.5242  1.0752  1.5468  1.7856  1.9148  1.9772  1.7951  1.6120  1.2194
    5.75   51.11  -0.9920 -0.4185  0.4259  0.9789  1.4505  1.6804  1.7996  1.8492  1.6516  1.4837  1.0956
    5.75   63.89  -1.0338 -0.4878  0.3559  0.8967  1.3630  1.5812  1.6976  1.7434  1.5388  1.3805  0.9931
    5.75   80.06  -1.0710 -0.5536  0.2890  0.8180  1.2788  1.4851  1.5989  1.6409  1.4294  1.2808  0.8939
    5.75  100.50  -1.1051 -0.6154  0.2264  0.7434  1.1990  1.3934  1.5046  1.5426  1.3242  1.1852  0.7990
    5.75  126.29  -1.1527 -0.6905  0.1414  0.6374  1.0828  1.2679  1.3790  1.4112  1.1872  1.0624  0.6794
    5.75  158.81  -1.1979 -0.7627  0.0558  0.5272  0.9605  1.1374  1.2491  1.2749  1.0463  0.9371  0.5582
    5.75  199.78  -1.2421 -0.8352 -0.0299  0.4170  0.8381  1.0067  1.1192  1.1382  0.9052  0.8118  0.4371
    5.75  251.39  -1.2971 -0.9167 -0.1221  0.3017  0.7076  0.8648  0.9738  0.9823  0.7423  0.6668  0.3059
    5.75  316.39  -1.3703 -1.0161 -0.2270  0.1759  0.5613  0.7011  0.7985  0.7878  0.5373  0.4835  0.1559
    5.75  398.24  -1.4416 -1.1155 -0.3319  0.0504  0.4152  0.5373  0.6232  0.5932  0.3322  0.3001  0.0054
    5.75  501.29  -1.5145 -1.2149 -0.4367 -0.0752  0.2687  0.3735  0.4479  0.3987  0.1271  0.1171 -0.1449
    5.75  631.04  -1.6366 -1.3642 -0.5584 -0.1847  0.1714  0.2804  0.3580  0.3068  0.0249  0.0146 -0.2923
    5.75  794.39  -1.7607 -1.5155 -0.6810 -0.2935  0.0761  0.1903  0.2718  0.2192 -0.0732 -0.0844 -0.4396
    6.00   10.05  -0.1513  0.6756  1.4751  1.9963  2.4443  2.6819  2.8464  2.9549  2.8660  2.4840  2.2271
    6.00   10.08  -0.1495  0.6774  1.4766  1.9966  2.4441  2.6819  2.8472  2.9569  2.8680  2.4873  2.2292
    6.00   10.12  -0.1478  0.6791  1.4781  1.9969  2.4439  2.6819  2.8482  2.9590  2.8701  2.4907  2.2312
    6.00   10.20  -0.1459  0.6810  1.4795  1.9973  2.4437  2.6821  2.8492  2.9612  2.8723  2.4939  2.2333
    6.00   10.31  -0.1506  0.6763  1.4732  1.9879  2.4335  2.6723  2.8407  2.9545  2.8649  2.4949  2.2278
    6.00   10.49  -0.1595  0.6674  1.4617  1.9725  2.4172  2.6563  2.8266  2.9424  2.8516  2.4944  2.2177
    6.00   10.76  -0.1681  0.6587  1.4503  1.9574  2.4012  2.6406  2.8127  2.9306  2.8385  2.4941  2.2073
    6.00   11.18  -0.1817  0.6413  1.4300  1.9336  2.3764  2.6165  2.7898  2.9089  2.8153  2.4847  2.1873
    6.00   11.82  -0.2034  0.5956  1.3804  1.8819  2.3242  2.5661  2.7384  2.8561  2.7599  2.4470  2.1341
    6.00   12.77  -0.2184  0.5501  1.3310  1.8307  2.2725  2.5160  2.6874  2.8035  2.7047  2.4097  2.0818
    6.00   14.14  -0.2335  0.5053  1.2824  1.7797  2.2210  2.4662  2.6367  2.7515  2.6500  2.3726  2.0297
    6.00   16.08  -0.2875  0.4213  1.2007  1.7014  2.1429  2.3876  2.5506  2.6557  2.5436  2.2838  1.9346
    6.00   18.74  -0.3474  0.3317  1.1148  1.6191  2.0613  2.3047  2.4592  2.5533  2.4294  2.1869  1.8331
    6.00   22.32  -0.4067  0.2428  1.0295  1.5377  1.9805  2.2229  2.3686  2.4517  2.3159  2.0911  1.7325
    6.00   27.04  -0.4762  0.1451  0.9364  1.4487  1.8917  2.1286  2.2646  2.3359  2.1862  1.9770  1.6189
    6.00   33.16  -0.5571  0.0377  0.8349  1.3513  1.7943  2.0219  2.1463  2.2049  2.0385  1.8436  1.4913
    6.00   41.05  -0.6364 -0.0681  0.7351  1.2555  1.6987  1.9168  2.0296  2.0756  1.8925  1.7118  1.3656
    6.00   51.11  -0.7106 -0.1683  0.6402  1.1632  1.6058  1.8142  1.9163  1.9504  1.7517  1.5848  1.2440
    6.00   63.89  -0.7523 -0.2361  0.5720  1.0842  1.5218  1.7184  1.8172  1.8471  1.6400  1.4830  1.1443
    6.00   80.06  -0.7913 -0.3006  0.5073  1.0085  1.4411  1.6258  1.7214  1.7472  1.5318  1.3844  1.0478
    6.00  100.50  -0.8247 -0.3608  0.4469  0.9371  1.3645  1.5374  1.6298  1.6514  1.4279  1.2903  0.9557
    6.00  126.29  -0.8744 -0.4339  0.3639  0.8344  1.2523  1.4166  1.5094  1.5241  1.2962  1.1734  0.8410
    6.00  158.81  -0.9194 -0.5041  0.2807  0.7276  1.1344  1.2912  1.3857  1.3924  1.1615  1.0561  0.7257
    6.00  199.78  -0.9652 -0.5741  0.1971  0.6208  1.0163  1.1660  1.2621  1.2607  1.0269  0.9386  0.6103
    6.00  251.39  -1.0199 -0.6530  0.1075  0.5088  0.8900  1.0290  1.1227  1.1096  0.8710  0.8018  0.4851
    6.00  316.39  -1.0910 -0.7491  0.0057  0.3869  0.7477  0.8701  0.9528  0.9206  0.6740  0.6272  0.3411
    6.00  398.24  -1.1631 -0.8454 -0.0961  0.2652  0.6053  0.7112  0.7830  0.7315  0.4769  0.4526  0.1970
    6.00  501.29  -1.2348 -0.9416 -0.1978  0.1432  0.4631  0.5524  0.6132  0.5425  0.2798  0.2780  0.0528
    6.00  631.04  -1.3498 -1.0811 -0.3109  0.0415  0.3727  0.4659  0.5295  0.4559  0.1833  0.1818 -0.0873
    6.00  794.39  -1.4669 -1.2223 -0.4246 -0.0592  0.2847  0.3824  0.4493  0.3735  0.0909  0.0890 -0.2273
    6.25   10.05   0.1030  0.8696  1.6246  2.1183  2.5479  2.7710  2.9224  3.0119  2.9215  2.5491  2.3311
    6.25   10.08   0.1041  0.8706  1.6255  2.1186  2.5479  2.7711  2.9229  3.0131  2.9227  2.5509  2.3322
    6.25   10.12   0.1051  0.8716  1.6264  2.1189  2.5479  2.7713  2.9236  3.0143  2.9239  2.5527  2.3336
    6.25   10.20   0.1062  0.8728  1.6273  2.1193  2.5480  2.7715  2.9243  3.0156  2.9251  2.5546  2.3347
    6.25   10.31   0.1048  0.8714  1.6246  2.1145  2.5428  2.7666  2.9204  3.0126  2.9220  2.5568  2.3333
    6.25   10.49   0.1020  0.8685  1.6197  2.1066  2.5342  2.7585  2.9138  3.0072  2.9161  2.5591  2.3300
    6.25   10.76   0.0993  0.8658  1.6148  2.0988  2.5259  2.7506  2.9074  3.0020  2.9104  2.5617  2.3270
    6.25   11.18   0.0872  0.8537  1.6003  2.0815  2.5078  2.7332  2.8910  2.9862  2.8939  2.5563  2.3131
    6.25   11.82   0.0453  0.8117  1.5546  2.0335  2.4586  2.6850  2.8428  2.9368  2.8425  2.5254  2.2645
    6.25   12.77   0.0322  0.7699  1.5091  1.9859  2.4099  2.6373  2.7948  2.8877  2.7915  2.4947  2.2162
    6.25   14.14   0.0206  0.7287  1.4641  1.9387  2.3615  2.5900  2.7474  2.8390  2.7409  2.4647  2.1687
    6.25   16.08  -0.0293  0.6454  1.3825  1.8595  2.2813  2.5087  2.6597  2.7443  2.6357  2.3779  2.0739
    6.25   18.74  -0.0888  0.5558  1.2955  1.7756  2.1967  2.4226  2.5661  2.6427  2.5222  2.2827  1.9721
    6.25   22.32  -0.1494  0.4673  1.2091  1.6926  2.1130  2.3373  2.4732  2.5419  2.4096  2.1883  1.8711
    6.25   27.04  -0.2193  0.3704  1.1161  1.6030  2.0228  2.2421  2.3682  2.4276  2.2808  2.0755  1.7579
    6.25   33.16  -0.2978  0.2644  1.0161  1.5068  1.9258  2.1354  2.2502  2.2989  2.1346  1.9429  1.6316
    6.25   41.05  -0.3785  0.1601  0.9178  1.4122  1.8304  2.0309  2.1337  2.1718  1.9902  1.8121  1.5070
    6.25   51.11  -0.4532  0.0612  0.8242  1.3210  1.7381  1.9291  2.0211  2.0491  1.8508  1.6858  1.3867
    6.25   63.89  -0.4971 -0.0059  0.7575  1.2446  1.6570  1.8367  1.9246  1.9480  1.7399  1.5849  1.2892
    6.25   80.06  -0.5377 -0.0695  0.6941  1.1713  1.5792  1.7478  1.8314  1.8503  1.6324  1.4873  1.1948
    6.25  100.50  -0.5753 -0.1290  0.6349  1.1023  1.5058  1.6630  1.7426  1.7568  1.5291  1.3941  1.1050
    6.25  126.29  -0.6249 -0.2003  0.5553  1.0036  1.3981  1.5472  1.6268  1.6329  1.3996  1.2808  0.9952
    6.25  158.81  -0.6716 -0.2682  0.4755  0.9012  1.2850  1.4274  1.5086  1.5051  1.2677  1.1681  0.8856
    6.25  199.78  -0.7169 -0.3361  0.3958  0.7989  1.1718  1.3076  1.3903  1.3773  1.1360  1.0551  0.7760
    6.25  251.39  -0.7714 -0.4129  0.3094  0.6909  1.0501  1.1755  1.2559  1.2295  0.9831  0.9230  0.6564
    6.25  316.39  -0.8438 -0.5070  0.2110  0.5723  0.9111  1.0200  1.0899  1.0433  0.7891  0.7535  0.5176
    6.25  398.24  -0.9171 -0.6010  0.1122  0.4538  0.7720  0.8643  0.9240  0.8571  0.5952  0.5838  0.3790
    6.25  501.29  -0.9891 -0.6952  0.0135  0.3351  0.6329  0.7087  0.7580  0.6708  0.4013  0.4143  0.2400
    6.25  631.04  -1.0975 -0.8259 -0.0920  0.2403  0.5489  0.6279  0.6796  0.5889  0.3090  0.3231  0.1069
    6.25  794.39  -1.2083 -0.9579 -0.1977  0.1467  0.4670  0.5502  0.6048  0.5113  0.2213  0.2353 -0.0262
    6.50   10.05   0.3562  1.0636  1.7741  2.2403  2.6513  2.8600  2.9984  3.0689  2.9770  2.6141  2.4352
    6.50   10.08   0.3564  1.0639  1.7744  2.2406  2.6516  2.8603  2.9986  3.0693  2.9773  2.6143  2.4354
    6.50   10.12   0.3567  1.0642  1.7747  2.2410  2.6520  2.8606  2.9990  3.0693  2.9776  2.6147  2.4356
    6.50   10.20   0.3572  1.0646  1.7751  2.2414  2.6524  2.8610  2.9994  3.0697  2.9780  2.6151  2.4360
    6.50   10.31   0.3591  1.0666  1.7761  2.2410  2.6520  2.8609  3.0001  3.0706  2.9791  2.6185  2.4386
    6.50   10.49   0.3620  1.0696  1.7777  2.2406  2.6512  2.8607  3.0010  3.0718  2.9806  2.6239  2.4426
    6.50   10.76   0.3652  1.0728  1.7794  2.2403  2.6505  2.8606  3.0022  3.0735  2.9823  2.6295  2.4466
    6.50   11.18   0.3586  1.0661  1.7708  2.2293  2.6391  2.8497  2.9922  3.0634  2.9724  2.6280  2.4392
    6.50   11.82   0.3203  1.0278  1.7289  2.1850  2.5931  2.8040  2.9471  3.0175  2.9251  2.6039  2.3948
    6.50   12.77   0.2822  0.9897  1.6872  2.1412  2.5473  2.7586  2.9023  2.9718  2.8782  2.5800  2.3511
    6.50   14.14   0.2673  0.9521  1.6461  2.0977  2.5021  2.7136  2.8579  2.9265  2.8318  2.5566  2.3074
    6.50   16.08   0.2191  0.8696  1.5640  2.0175  2.4199  2.6299  2.7688  2.8329  2.7278  2.4722  2.2130
    6.50   18.74   0.1617  0.7802  1.4759  1.9321  2.3323  2.5406  2.6729  2.7320  2.6151  2.3785  2.1110
    6.50   22.32   0.1020  0.6917  1.3886  1.8474  2.2456  2.4522  2.5779  2.6320  2.5033  2.2854  2.0098
    6.50   27.04   0.0326  0.5955  1.2958  1.7575  2.1539  2.3553  2.4718  2.5193  2.3756  2.1738  1.8970
    6.50   33.16  -0.0474  0.4910  1.1971  1.6623  2.0572  2.2492  2.3542  2.3930  2.2309  2.0422  1.7718
    6.50   41.05  -0.1261  0.3883  1.1004  1.5687  1.9622  2.1449  2.2380  2.2683  2.0880  1.9122  1.6485
    6.50   51.11  -0.2024  0.2908  1.0084  1.4788  1.8704  2.0439  2.1258  2.1479  1.9498  1.7869  1.5293
    6.50   63.89  -0.2471  0.2244  0.9429  1.4048  1.7923  1.9552  2.0320  2.0490  1.8397  1.6869  1.4341
    6.50   80.06  -0.2917  0.1615  0.8808  1.3339  1.7174  1.8697  1.9416  1.9535  1.7330  1.5902  1.3421
    6.50  100.50  -0.3283  0.1028  0.8231  1.2675  1.6469  1.7885  1.8553  1.8622  1.6304  1.4977  1.2546
    6.50  126.29  -0.3792  0.0333  0.7463  1.1730  1.5436  1.6777  1.7442  1.7417  1.5031  1.3881  1.1493
    6.50  158.81  -0.4247 -0.0323  0.6703  1.0749  1.4357  1.5636  1.6315  1.6176  1.3741  1.2799  1.0455
    6.50  199.78  -0.4722 -0.0981  0.5942  0.9769  1.3276  1.4493  1.5188  1.4937  1.2453  1.1717  0.9416
    6.50  251.39  -0.5290 -0.1727  0.5117  0.8730  1.2101  1.3222  1.3893  1.3496  1.0950  1.0442  0.8278
    6.50  316.39  -0.6016 -0.2647  0.4160  0.7577  1.0744  1.1697  1.2273  1.1661  0.9043  0.8796  0.6943
    6.50  398.24  -0.6742 -0.3566  0.3205  0.6423  0.9386  1.0175  1.0650  0.9827  0.7135  0.7152  0.5609
    6.50  501.29  -0.7479 -0.4486  0.2249  0.5268  0.8028  0.8651  0.9029  0.7992  0.5227  0.5507  0.4274
    6.50  631.04  -0.8516 -0.5705  0.1270  0.4392  0.7249  0.7899  0.8297  0.7220  0.4350  0.4645  0.3010
    6.50  794.39  -0.9561 -0.6936  0.0291  0.3527  0.6494  0.7180  0.7602  0.6492  0.3516  0.3816  0.1750
    6.75   10.05   0.5765  1.2321  1.8886  2.3248  2.7189  2.9205  3.0534  3.1130  3.0245  2.6731  2.5297
    6.75   10.08   0.5768  1.2324  1.8889  2.3251  2.7191  2.9207  3.0537  3.1130  3.0248  2.6734  2.5298
    6.75   10.12   0.5773  1.2328  1.8891  2.3254  2.7195  2.9211  3.0540  3.1134  3.0251  2.6737  2.5302
    6.75   10.20   0.5776  1.2332  1.8896  2.3257  2.7199  2.9215  3.0544  3.1138  3.0255  2.6741  2.5305
    6.75   10.31   0.5787  1.2343  1.8905  2.3260  2.7199  2.9217  3.0550  3.1146  3.0264  2.6765  2.5322
    6.75   10.49   0.5810  1.2366  1.8917  2.3260  2.7198  2.9220  3.0558  3.1157  3.0276  2.6800  2.5348
    6.75   10.76   0.5829  1.2384  1.8932  2.3263  2.7199  2.9223  3.0568  3.1168  3.0290  2.6838  2.5377
    6.75   11.18   0.5798  1.2354  1.8889  2.3207  2.7140  2.9166  3.0517  3.1115  3.0240  2.6845  2.5343
    6.75   11.82   0.5600  1.2155  1.8664  2.2967  2.6885  2.8915  3.0269  3.0867  2.9981  2.6748  2.5114
    6.75   12.77   0.5403  1.1959  1.8442  2.2732  2.6634  2.8666  3.0025  3.0617  2.9725  2.6655  2.4887
    6.75   14.14   0.5211  1.1766  1.8224  2.2499  2.6387  2.8422  2.9786  3.0376  2.9473  2.6566  2.4666
    6.75   16.08   0.4503  1.0932  1.7389  2.1675  2.5534  2.7549  2.8872  2.9436  2.8447  2.5770  2.3711
    6.75   18.74   0.3957  1.0000  1.6458  2.0763  2.4588  2.6581  2.7854  2.8389  2.7301  2.4862  2.2645
    6.75   22.32   0.3369  0.9077  1.5537  1.9859  2.3653  2.5621  2.6845  2.7350  2.6162  2.3964  2.1587
    6.75   27.04   0.2636  0.8083  1.4570  1.8916  2.2677  2.4593  2.5741  2.6192  2.4860  2.2854  2.0423
    6.75   33.16   0.1822  0.7016  1.3562  1.7932  2.1662  2.3494  2.4535  2.4907  2.3378  2.1514  1.9146
    6.75   41.05   0.0983  0.5965  1.2567  1.6965  2.0664  2.2414  2.3345  2.3638  2.1915  2.0193  1.7887
    6.75   51.11   0.0184  0.4965  1.1624  1.6040  1.9706  2.1370  2.2199  2.2413  2.0501  1.8917  1.6673
    6.75   63.89  -0.0303  0.4285  1.0973  1.5318  1.8940  2.0503  2.1269  2.1422  1.9377  1.7891  1.5715
    6.75   80.06  -0.0778  0.3637  1.0355  1.4631  1.8209  1.9668  2.0371  2.0463  1.8288  1.6899  1.4791
    6.75  100.50  -0.1201  0.3032  0.9779  1.3986  1.7519  1.8875  1.9516  1.9548  1.7241  1.5949  1.3910
    6.75  126.29  -0.1723  0.2343  0.9046  1.3091  1.6550  1.7819  1.8438  1.8358  1.5975  1.4866  1.2901
    6.75  158.81  -0.2192  0.1696  0.8330  1.2177  1.5552  1.6740  1.7354  1.7142  1.4705  1.3812  1.1918
    6.75  199.78  -0.2686  0.1051  0.7614  1.1265  1.4553  1.5661  1.6269  1.5927  1.3434  1.2758  1.0938
    6.75  251.39  -0.3253  0.0317  0.6829  1.0285  1.3451  1.4446  1.5011  1.4507  1.1954  1.1514  0.9856
    6.75  316.39  -0.4008 -0.0591  0.5910  0.9172  1.2145  1.2959  1.3418  1.2694  1.0074  0.9900  0.8574
    6.75  398.24  -0.4743 -0.1500  0.4991  0.8060  1.0837  1.1473  1.1823  1.0879  0.8192  0.8288  0.7293
    6.75  501.29  -0.5503 -0.2408  0.4074  0.6947  0.9531  0.9989  1.0228  0.9066  0.6310  0.6676  0.6013
    6.75  631.04  -0.6490 -0.3552  0.3159  0.6131  0.8807  0.9287  0.9540  0.8333  0.5473  0.5856  0.4812
    6.75  794.39  -0.7482 -0.4705  0.2249  0.5328  0.8107  0.8617  0.8890  0.7645  0.4679  0.5071  0.3616
    7.00   10.05   0.7928  1.4005  2.0031  2.4092  2.7864  2.9810  3.1082  3.1569  3.0720  2.7321  2.6241
    7.00   10.08   0.7931  1.4008  2.0034  2.4095  2.7867  2.9813  3.1086  3.1573  3.0725  2.7324  2.6243
    7.00   10.12   0.7936  1.4013  2.0037  2.4100  2.7870  2.9816  3.1090  3.1576  3.0725  2.7327  2.6248
    7.00   10.20   0.7938  1.4016  2.0041  2.4102  2.7874  2.9820  3.1094  3.1580  3.0729  2.7331  2.6250
    7.00   10.31   0.7946  1.4023  2.0048  2.4107  2.7879  2.9825  3.1098  3.1583  3.0737  2.7343  2.6260
    7.00   10.49   0.7957  1.4033  2.0058  2.4114  2.7885  2.9832  3.1106  3.1590  3.0746  2.7362  2.6272
    7.00   10.76   0.7967  1.4044  2.0068  2.4124  2.7894  2.9840  3.1114  3.1600  3.0759  2.7382  2.6286
    7.00   11.18   0.7971  1.4049  2.0070  2.4122  2.7889  2.9836  3.1110  3.1597  3.0755  2.7410  2.6294
    7.00   11.82   0.7957  1.4033  2.0039  2.4083  2.7840  2.9790  3.1066  3.1555  3.0712  2.7458  2.6278
    7.00   12.77   0.7941  1.4018  2.0011  2.4051  2.7795  2.9747  3.1026  3.1521  3.0669  2.7510  2.6264
    7.00   14.14   0.7933  1.4010  1.9987  2.4021  2.7753  2.9708  3.0994  3.1486  3.0628  2.7566  2.6256
    7.00   16.08   0.7093  1.3170  1.9137  2.3177  2.6869  2.8800  3.0056  3.0543  2.9615  2.6815  2.5292
    7.00   18.74   0.6140  1.2198  1.8157  2.2208  2.5854  2.7755  2.8979  2.9458  2.8449  2.5940  2.4179
    7.00   22.32   0.5569  1.1237  1.7186  2.1244  2.4849  2.6719  2.7911  2.8380  2.7292  2.5073  2.3077
    7.00   27.04   0.4871  1.0212  1.6183  2.0256  2.3814  2.5634  2.6761  2.7191  2.5963  2.3968  2.1877
    7.00   33.16   0.4030  0.9120  1.5148  1.9241  2.2753  2.4499  2.5528  2.5884  2.4448  2.2608  2.0574
    7.00   41.05   0.3168  0.8046  1.4128  1.8243  2.1706  2.3378  2.4312  2.4593  2.2949  2.1262  1.9290
    7.00   51.11   0.2347  0.7025  1.3165  1.7291  2.0707  2.2303  2.3139  2.3347  2.1502  1.9964  1.8053
    7.00   63.89   0.1822  0.6325  1.2517  1.6590  1.9958  2.1453  2.2218  2.2353  2.0358  1.8913  1.7091
    7.00   80.06   0.1317  0.5661  1.1902  1.5921  1.9243  2.0638  2.1326  2.1393  1.9247  1.7897  1.6162
    7.00  100.50   0.0841  0.5038  1.1329  1.5296  1.8570  1.9864  2.0479  2.0474  1.8177  1.6921  1.5276
    7.00  126.29   0.0306  0.4349  1.0627  1.4453  1.7663  1.8860  1.9434  1.9300  1.6919  1.5852  1.4306
    7.00  158.81  -0.0193  0.3717  0.9956  1.3607  1.6746  1.7845  1.8393  1.8108  1.5668  1.4825  1.3384
    7.00  199.78  -0.0692  0.3083  0.9284  1.2762  1.5829  1.6830  1.7351  1.6916  1.4417  1.3799  1.2460
    7.00  251.39  -0.1280  0.2362  0.8542  1.1838  1.4798  1.5669  1.6131  1.5519  1.2959  1.2585  1.1435
    7.00  316.39  -0.2041  0.1465  0.7660  1.0768  1.3544  1.4222  1.4564  1.3727  1.1105  1.1004  1.0206
    7.00  398.24  -0.2796  0.0568  0.6778  0.9697  1.2288  1.2775  1.2996  1.1933  0.9249  0.9424  0.8978
    7.00  501.29  -0.3569 -0.0328  0.5897  0.8626  1.1034  1.1326  1.1426  1.0141  0.7394  0.7844  0.7750
    7.00  631.04  -0.4513 -0.1397  0.5050  0.7871  1.0365  1.0675  1.0781  0.9446  0.6596  0.7068  0.6614
    7.00  794.39  -0.5462 -0.2475  0.4206  0.7129  0.9722  1.0054  1.0177  0.8798  0.5843  0.6326  0.5482
    7.25   10.05   0.9693  1.5352  2.0816  2.4584  2.8194  3.0150  3.1364  3.1821  3.0933  2.7676  2.7046
    7.25   10.08   0.9694  1.5353  2.0819  2.4586  2.8196  3.0152  3.1367  3.1821  3.0938  2.7678  2.7049
    7.25   10.12   0.9698  1.5357  2.0822  2.4588  2.8200  3.0156  3.1371  3.1824  3.0942  2.7682  2.7051
    7.25   10.20   0.9702  1.5361  2.0826  2.4592  2.8204  3.0160  3.1375  3.1830  3.0946  2.7686  2.7056
    7.25   10.31   0.9708  1.5366  2.0832  2.4599  2.8209  3.0165  3.1378  3.1834  3.0950  2.7695  2.7063
    7.25   10.49   0.9717  1.5376  2.0840  2.4605  2.8216  3.0171  3.1386  3.1840  3.0958  2.7707  2.7072
    7.25   10.76   0.9726  1.5385  2.0850  2.4612  2.8224  3.0180  3.1393  3.1850  3.0970  2.7721  2.7083
    7.25   11.18   0.9736  1.5394  2.0856  2.4616  2.8225  3.0181  3.1397  3.1853  3.0974  2.7748  2.7095
    7.25   11.82   0.9739  1.5398  2.0847  2.4599  2.8199  3.0157  3.1378  3.1840  3.0966  2.7808  2.7102
    7.25   12.77   0.9747  1.5406  2.0841  2.4586  2.8177  3.0137  3.1360  3.1834  3.0958  2.7871  2.7112
    7.25   14.14   0.9758  1.5417  2.0839  2.4577  2.8159  3.0120  3.1349  3.1827  3.0958  2.7939  2.7127
    7.25   16.08   0.9186  1.4845  2.0261  2.4003  2.7543  2.9482  3.0694  3.1184  3.0272  2.7477  2.6462
    7.25   18.74   0.8524  1.4183  1.9596  2.3342  2.6837  2.8748  2.9942  3.0441  2.9481  2.6934  2.5693
    7.25   22.32   0.7871  1.3530  1.8939  2.2689  2.6138  2.8023  2.9197  2.9707  2.8698  2.6400  2.4932
    7.25   27.04   0.7228  1.2591  1.8023  2.1780  2.5175  2.7010  2.8138  2.8627  2.7498  2.5418  2.3826
    7.25   33.16   0.6306  1.1343  1.6829  2.0601  2.3926  2.5685  2.6738  2.7176  2.5846  2.3953  2.2350
    7.25   41.05   0.5300  1.0111  1.5653  1.9437  2.2693  2.4379  2.5355  2.5742  2.4213  2.2506  2.0888
    7.25   51.11   0.4313  0.8942  1.4539  1.8332  2.1522  2.3127  2.4028  2.4360  2.2636  2.1107  1.9487
    7.25   63.89   0.3694  0.8173  1.3838  1.7594  2.0717  2.2212  2.3044  2.3297  2.1405  1.9980  1.8463
    7.25   80.06   0.3097  0.7437  1.3169  1.6889  1.9945  2.1334  2.2093  2.2266  2.0206  1.8888  1.7472
    7.25  100.50   0.2525  0.6743  1.2542  1.6226  1.9216  2.0497  2.1185  2.1277  1.9051  1.7838  1.6524
    7.25  126.29   0.1937  0.6031  1.1869  1.5435  1.8355  1.9505  2.0135  2.0099  1.7781  1.6754  1.5575
    7.25  158.81   0.1415  0.5393  1.1250  1.4674  1.7521  1.8534  1.9108  1.8927  1.6545  1.5737  1.4707
    7.25  199.78   0.0886  0.4753  1.0633  1.3915  1.6689  1.7561  1.8081  1.7753  1.5311  1.4722  1.3839
    7.25  251.39   0.0270  0.4028  0.9940  1.3067  1.5732  1.6437  1.6874  1.6376  1.3874  1.3521  1.2865
    7.25  316.39  -0.0527  0.3133  0.9098  1.2054  1.4538  1.5016  1.5314  1.4602  1.2046  1.1967  1.1687
    7.25  398.24  -0.1304  0.2241  0.8256  1.1038  1.3342  1.3594  1.3755  1.2830  1.0216  1.0410  1.0511
    7.25  501.29  -0.2109  0.1347  0.7415  1.0023  1.2149  1.2173  1.2196  1.1053  0.8388  0.8854  0.9333
    7.25  631.04  -0.3015  0.0337  0.6625  0.9321  1.1522  1.1550  1.1578  1.0394  0.7627  0.8114  0.8255
    7.25  794.39  -0.3922 -0.0678  0.5836  0.8631  1.0917  1.0961  1.1002  0.9779  0.6910  0.7409  0.7182
    7.50   10.05   1.1403  1.6696  2.1601  2.5072  2.8524  3.0490  3.1645  3.2070  3.1148  2.8031  2.7851
    7.50   10.08   1.1406  1.6699  2.1604  2.5076  2.8527  3.0492  3.1645  3.2070  3.1152  2.8033  2.7853
    7.50   10.12   1.1409  1.6701  2.1607  2.5078  2.8530  3.0496  3.1649  3.2073  3.1156  2.8037  2.7857
    7.50   10.20   1.1413  1.6706  2.1611  2.5084  2.8534  3.0500  3.1656  3.2080  3.1160  2.8041  2.7861
    7.50   10.31   1.1418  1.6711  2.1616  2.5088  2.8539  3.0505  3.1659  3.2083  3.1164  2.8047  2.7866
    7.50   10.49   1.1425  1.6718  2.1623  2.5095  2.8546  3.0511  3.1666  3.2092  3.1172  2.8052  2.7873
    7.50   10.76   1.1433  1.6726  2.1631  2.5103  2.8554  3.0520  3.1673  3.2098  3.1179  2.8060  2.7881
    7.50   11.18   1.1446  1.6738  2.1641  2.5111  2.8561  3.0526  3.1684  3.2110  3.1195  2.8085  2.7895
    7.50   11.82   1.1471  1.6764  2.1654  2.5115  2.8559  3.0525  3.1687  3.2125  3.1221  2.8158  2.7926
    7.50   12.77   1.1497  1.6791  2.1670  2.5123  2.8561  3.0526  3.1694  3.2144  3.1252  2.8233  2.7960
    7.50   14.14   1.1532  1.6825  2.1691  2.5134  2.8566  3.0532  3.1704  3.2168  3.1290  2.8313  2.7998
    7.50   16.08   1.1227  1.6520  2.1386  2.4828  2.8219  3.0164  3.1334  3.1824  3.0929  2.8138  2.7633
    7.50   18.74   1.0877  1.6170  2.1034  2.4475  2.7819  2.9741  3.0903  3.1425  3.0512  2.7928  2.7206
    7.50   22.32   1.0533  1.5826  2.0690  2.4134  2.7428  2.9326  3.0484  3.1034  3.0103  2.7727  2.6789
    7.50   27.04   0.9679  1.4971  1.9862  2.3307  2.6535  2.8385  2.9513  3.0063  2.9032  2.6869  2.5777
    7.50   33.16   0.8394  1.3567  1.8509  2.1959  2.5100  2.6873  2.7948  2.8469  2.7245  2.5300  2.4123
    7.50   41.05   0.7341  1.2179  1.7174  2.0631  2.3681  2.5378  2.6399  2.6891  2.5474  2.3748  2.2487
    7.50   51.11   0.6231  1.0860  1.5913  1.9374  2.2337  2.3951  2.4918  2.5373  2.3767  2.2248  2.0921
    7.50   63.89   0.5527  1.0020  1.5160  1.8598  2.1475  2.2973  2.3872  2.4241  2.2450  2.1049  1.9834
    7.50   80.06   0.4839  0.9213  1.4437  1.7856  2.0647  2.2031  2.2863  2.3141  2.1168  1.9879  1.8781
    7.50  100.50   0.4175  0.8447  1.3759  1.7156  1.9861  2.1128  2.1893  2.2083  1.9925  1.8754  1.7771
    7.50  126.29   0.3529  0.7711  1.3107  1.6417  1.9045  2.0151  2.0837  2.0899  1.8642  1.7657  1.6845
    7.50  158.81   0.2969  0.7067  1.2546  1.5743  1.8297  1.9222  1.9824  1.9745  1.7423  1.6651  1.6032
    7.50  199.78   0.2414  0.6422  1.1983  1.5068  1.7548  1.8293  1.8812  1.8591  1.6205  1.5645  1.5219
    7.50  251.39   0.1766  0.5694  1.1338  1.4297  1.6667  1.7206  1.7617  1.7232  1.4788  1.4459  1.4298
    7.50  316.39   0.0944  0.4802  1.0537  1.3339  1.5532  1.5809  1.6067  1.5478  1.2985  1.2927  1.3170
    7.50  398.24   0.0126  0.3912  0.9735  1.2381  1.4396  1.4412  1.4517  1.3725  1.1183  1.1394  1.2044
    7.50  501.29  -0.0690  0.3022  0.8933  1.1421  1.3259  1.3017  1.2965  1.1968  0.9382  0.9862  1.0916
    7.50  631.04  -0.1567  0.2072  0.8198  1.0771  1.2674  1.2424  1.2377  1.1343  0.8657  0.9160  0.9896
    7.50  794.39  -0.2445  0.1119  0.7466  1.0132  1.2112  1.1867  1.1827  1.0760  0.7977  0.8492  0.8881
    7.75   10.05   1.2603  1.7576  2.2067  2.5318  2.8659  3.0670  3.1759  3.2195  3.1240  2.8111  2.8376
    7.75   10.08   1.2606  1.7579  2.2067  2.5320  2.8661  3.0673  3.1763  3.2198  3.1244  2.8113  2.8379
    7.75   10.12   1.2609  1.7582  2.2071  2.5324  2.8665  3.0676  3.1766  3.2201  3.1244  2.8117  2.8382
    7.75   10.20   1.2613  1.7586  2.2075  2.5328  2.8669  3.0680  3.1769  3.2204  3.1252  2.8121  2.8386
    7.75   10.31   1.2619  1.7591  2.2083  2.5333  2.8674  3.0685  3.1773  3.2210  3.1256  2.8126  2.8391
    7.75   10.49   1.2626  1.7598  2.2087  2.5340  2.8681  3.0692  3.1779  3.2216  3.1263  2.8133  2.8397
    7.75   10.76   1.2633  1.7605  2.2095  2.5348  2.8689  3.0700  3.1790  3.2224  3.1271  2.8141  2.8406
    7.75   11.18   1.2646  1.7618  2.2106  2.5357  2.8698  3.0708  3.1796  3.2233  3.1282  2.8159  2.8418
    7.75   11.82   1.2666  1.7637  2.2118  2.5366  2.8703  3.0714  3.1807  3.2248  3.1301  2.8201  2.8440
    7.75   12.77   1.2686  1.7659  2.2134  2.5377  2.8712  3.0723  3.1820  3.2266  3.1327  2.8247  2.8465
    7.75   14.14   1.2712  1.7685  2.2157  2.5393  2.8725  3.0736  3.1833  3.2289  3.1353  2.8297  2.8495
    7.75   16.08   1.2579  1.7552  2.2015  2.5252  2.8556  3.0554  3.1652  3.2134  3.1195  2.8245  2.8323
    7.75   18.74   1.2425  1.7397  2.1852  2.5088  2.8362  3.0345  3.1445  3.1958  3.1010  2.8183  2.8125
    7.75   22.32   1.2279  1.7252  2.1700  2.4934  2.8176  3.0145  3.1242  3.1788  3.0839  2.8130  2.7936
    7.75   27.04   1.1634  1.6604  2.1069  2.4295  2.7471  2.9395  3.0483  3.1050  3.0034  2.7524  2.7150
    7.75   33.16   1.0439  1.5411  1.9920  2.3131  2.6203  2.8052  2.9116  2.9698  2.8554  2.6323  2.5721
    7.75   41.05   0.9264  1.4237  1.8787  2.1983  2.4951  2.6725  2.7766  2.8363  2.7090  2.5139  2.4309
    7.75   51.11   0.8391  1.3086  1.7685  2.0863  2.3727  2.5420  2.6433  2.7036  2.5627  2.3945  2.2919
    7.75   63.89   0.7450  1.1988  1.6685  1.9828  2.2573  2.4137  2.5093  2.5625  2.4013  2.2500  2.1571
    7.75   80.06   0.6488  1.0928  1.5720  1.8828  2.1454  2.2886  2.3785  2.4246  2.2432  2.1090  2.0254
    7.75  100.50   0.5533  0.9909  1.4798  1.7869  2.0378  2.1682  2.2520  2.2912  2.0893  1.9722  1.8980
    7.75  126.29   0.4780  0.9083  1.4106  1.7100  1.9496  2.0620  2.1378  2.1655  1.9522  1.8541  1.8003
    7.75  158.81   0.4159  0.8411  1.3587  1.6484  1.8770  1.9698  2.0366  2.0507  1.8296  1.7512  1.7221
    7.75  199.78   0.3540  0.7740  1.3066  1.5869  1.8043  1.8774  1.9353  1.9361  1.7070  1.6484  1.6437
    7.75  251.39   0.2838  0.6990  1.2460  1.5153  1.7187  1.7695  1.8159  1.8013  1.5655  1.5293  1.5554
    7.75  316.39   0.1988  0.6088  1.1696  1.4239  1.6077  1.6312  1.6617  1.6277  1.3878  1.3783  1.4474
    7.75  398.24   0.1125  0.5187  1.0932  1.3328  1.4968  1.4929  1.5074  1.4540  1.2100  1.2276  1.3395
    7.75  501.29   0.0277  0.4288  1.0167  1.2414  1.3858  1.3545  1.3530  1.2804  1.0321  1.0766  1.2316
    7.75  631.04  -0.0580  0.3382  0.9477  1.1801  1.3295  1.2973  1.2962  1.2207  0.9630  1.0097  1.1346
    7.75  794.39  -0.1441  0.2476  0.8790  1.1200  1.2756  1.2436  1.2433  1.1655  0.8985  0.9463  1.0383
    8.00   10.05   1.3751  1.8456  2.2532  2.5564  2.8794  3.0850  3.1873  3.2318  3.1331  2.8191  2.8901
    8.00   10.08   1.3751  1.8458  2.2535  2.5565  2.8797  3.0852  3.1877  3.2321  3.1334  2.8194  2.8903
    8.00   10.12   1.3756  1.8462  2.2535  2.5569  2.8800  3.0856  3.1880  3.2324  3.1334  2.8197  2.8907
    8.00   10.20   1.3759  1.8466  2.2542  2.5572  2.8804  3.0860  3.1883  3.2330  3.1338  2.8201  2.8911
    8.00   10.31   1.3764  1.8471  2.2546  2.5578  2.8809  3.0865  3.1890  3.2333  3.1346  2.8206  2.8916
    8.00   10.49   1.3772  1.8478  2.2553  2.5585  2.8816  3.0872  3.1897  3.2341  3.1353  2.8213  2.8923
    8.00   10.76   1.3779  1.8486  2.2560  2.5593  2.8824  3.0880  3.1903  3.2350  3.1360  2.8221  2.8931
    8.00   11.18   1.3790  1.8496  2.2571  2.5604  2.8834  3.0890  3.1913  3.2359  3.1371  2.8231  2.8941
    8.00   11.82   1.3802  1.8509  2.2585  2.5616  2.8847  3.0903  3.1926  3.2373  3.1382  2.8244  2.8954
    8.00   12.77   1.3820  1.8526  2.2599  2.5633  2.8864  3.0919  3.1943  3.2387  3.1401  2.8261  2.8970
    8.00   14.14   1.3840  1.8546  2.2620  2.5653  2.8884  3.0940  3.1965  3.2410  3.1419  2.8281  2.8991
    8.00   16.08   1.3875  1.8582  2.2644  2.5674  2.8892  3.0943  3.1972  3.2444  3.1463  2.8353  2.9014
    8.00   18.74   1.3920  1.8627  2.2675  2.5701  2.8904  3.0949  3.1985  3.2489  3.1513  2.8439  2.9044
    8.00   22.32   1.3972  1.8679  2.2713  2.5736  2.8924  3.0963  3.2004  3.2542  3.1570  2.8533  2.9082
    8.00   27.04   1.3529  1.8236  2.2276  2.5281  2.8406  3.0406  3.1452  3.2036  3.1034  2.8180  2.8523
    8.00   33.16   1.2552  1.7257  2.1330  2.4300  2.7305  2.9231  3.0284  3.0927  2.9862  2.7346  2.7319
    8.00   41.05   1.1587  1.6294  2.0400  2.3334  2.6221  2.8074  2.9133  2.9834  2.8704  2.6529  2.6131
    8.00   51.11   1.0603  1.5310  1.9455  2.2352  2.5117  2.6889  2.7948  2.8698  2.7487  2.5641  2.4917
    8.00   63.89   0.9367  1.3959  1.8211  2.1059  2.3674  2.5301  2.6313  2.7008  2.5575  2.3953  2.3306
    8.00   80.06   0.8119  1.2644  1.7003  1.9799  2.2263  2.3744  2.4709  2.5352  2.3696  2.2301  2.1726
    8.00  100.50   0.6890  1.1370  1.5836  1.8582  2.0895  2.2232  2.3149  2.3739  2.1862  2.0690  2.0189
    8.00  126.29   0.6012  1.0453  1.5107  1.7783  1.9947  2.1090  2.1923  2.2410  2.0402  1.9425  1.9160
    8.00  158.81   0.5334  0.9755  1.4628  1.7227  1.9243  2.0172  2.0908  2.1269  1.9168  1.8374  1.8408
    8.00  199.78   0.4633  0.9057  1.4148  1.6670  1.8539  1.9256  1.9894  2.0131  1.7935  1.7324  1.7657
    8.00  251.39   0.3890  0.8286  1.3584  1.6008  1.7706  1.8184  1.8702  1.8795  1.6524  1.6126  1.6810
    8.00  316.39   0.2984  0.7375  1.2857  1.5142  1.6624  1.6815  1.7166  1.7076  1.4769  1.4641  1.5777
    8.00  398.24   0.2087  0.6464  1.2130  1.4274  1.5540  1.5445  1.5632  1.5356  1.3015  1.3156  1.4745
    8.00  501.29   0.1196  0.5553  1.1400  1.3409  1.4458  1.4075  1.4095  1.3638  1.1259  1.1670  1.3711
    8.00  631.04   0.0353  0.4692  1.0755  1.2832  1.3917  1.3521  1.3548  1.3071  1.0604  1.1033  1.2795
    8.00  794.39  -0.0495  0.3833  1.0115  1.2267  1.3400  1.3003  1.3039  1.2550  0.9993  1.0433  1.1884
