Western North America low inslab ground motion CLASS C, distance is Rhypo (depth 30 km). 5s * 1.1, ESTIMATED - see Inslab30kmdepth_estimates.xls. Log10 hazard values in cgs units  PGA 0.02 PGV 0.01. Original file GMPEt_WInslab_low.dat,provided by G Atkinson 20120807
      15      30      11        : nmag, ndist, nperiod
                      10       5       2       1     0.5  0.3003     0.2     0.1    0.05    0.02    0.01
                    0.62    0.62    0.62    0.62    0.58    0.54    0.53    0.53    0.53    0.53    0.62
    4.50   30.02  -2.2697 -0.9163 -0.1689  0.3856  1.0272  1.2189  1.2551  1.2368  1.0575  0.8951  0.7836
    4.50   30.03  -2.2697 -0.9163 -0.1689  0.3856  1.0272  1.2189  1.2551  1.2368  1.0575  0.8951  0.7836
    4.50   30.04  -2.2668 -0.9163 -0.1689  0.3856  1.0272  1.2189  1.2551  1.2368  1.0575  0.8951  0.7836
    4.50   30.07  -2.2561 -0.9163 -0.1689  0.3856  1.0272  1.2189  1.2551  1.2368  1.0575  0.8951  0.7836
    4.50   30.10  -2.2457 -0.9163 -0.1690  0.3856  1.0272  1.2189  1.2551  1.2368  1.0575  0.8950  0.7835
    4.50   30.17  -2.2191 -0.9165 -0.1692  0.3854  1.0269  1.2186  1.2549  1.2365  1.0572  0.8947  0.7832
    4.50   30.26  -2.1942 -0.9168 -0.1696  0.3849  1.0264  1.2182  1.2542  1.2359  1.0569  0.8942  0.7826
    4.50   30.42  -2.1702 -0.9175 -0.1704  0.3839  1.0255  1.2172  1.2534  1.2350  1.0559  0.8932  0.7817
    4.50   30.66  -2.1383 -0.9187 -0.1716  0.3824  1.0238  1.2154  1.2517  1.2331  1.0539  0.8914  0.7800
    4.50   31.03  -2.1021 -0.9207 -0.1738  0.3798  1.0210  1.2127  1.2489  1.2302  1.0509  0.8885  0.7770
    4.50   31.62  -2.0678 -0.9240 -0.1774  0.3755  1.0164  1.2082  1.2443  1.2254  1.0458  0.8836  0.7722
    4.50   32.53  -2.0330 -0.9293 -0.1832  0.3686  1.0089  1.2008  1.2369  1.2176  1.0376  0.8757  0.7644
    4.50   33.93  -2.0009 -0.9378 -0.1924  0.3574  0.9971  1.1890  1.2250  1.2050  1.0246  0.8632  0.7520
    4.50   36.03  -1.9733 -0.9509 -0.2067  0.3402  0.9786  1.1707  1.2067  1.1855  1.0041  0.8437  0.7326
    4.50   39.13  -1.9517 -0.9709 -0.2284  0.3144  0.9507  1.1428  1.1791  1.1558  0.9732  0.8141  0.7034
    4.50   43.59  -1.9400 -1.0000 -0.2602  0.2762  0.9097  1.1021  1.1383  1.1124  0.9280  0.7708  0.6606
    4.50   49.85  -1.9385 -1.0411 -0.3049  0.2226  0.8521  1.0449  1.0809  1.0517  0.8644  0.7098  0.6003
    4.50   58.41  -1.9537 -1.0977 -0.3664  0.1491  0.7733  0.9648  1.0004  0.9649  0.7755  0.6250  0.5175
    4.50   69.87  -1.9856 -1.1694 -0.4441  0.0562  0.6737  0.8635  0.8986  0.8552  0.6630  0.5175  0.4130
    4.50   84.91  -2.0333 -1.2586 -0.5402 -0.0585  0.5497  0.7360  0.7678  0.7130  0.5195  0.3820  0.2849
    4.50  104.40  -2.0948 -1.3626 -0.6514 -0.1912  0.4044  0.5848  0.6119  0.5433  0.3485  0.2216  0.1353
    4.50  129.42  -2.1726 -1.4806 -0.7765 -0.3403  0.2394  0.4100  0.4302  0.3444  0.1500  0.0360 -0.0334
    4.50  161.30  -2.2622 -1.6118 -0.9146 -0.5045  0.0559  0.2117  0.2209  0.1138 -0.0770 -0.1760 -0.2214
    4.50  201.77  -2.3648 -1.7565 -1.0648 -0.6826 -0.1463 -0.0117 -0.0190 -0.1529 -0.3358 -0.4146 -0.4320
    4.50  252.98  -2.4833 -1.9153 -1.2283 -0.8748 -0.3687 -0.2635 -0.2942 -0.4602 -0.6312 -0.6838 -0.6713
    4.50  317.65  -2.6155 -2.0893 -1.4061 -1.0829 -0.6140 -0.5492 -0.6104 -0.8167 -0.9680 -0.9891 -0.9306
    4.50  399.24  -2.7695 -2.2835 -1.5994 -1.3087 -0.8852 -0.8737 -0.9766 -1.2333 -1.3558 -1.3373 -1.2227
    4.50  502.09  -2.9441 -2.4998 -1.8124 -1.5564 -1.1896 -1.2488 -1.4054 -1.7235 -1.8082 -1.7391 -1.5595
    4.50  631.67  -3.1467 -2.7436 -2.0493 -1.8303 -1.5340 -1.6848 -1.9110 -2.3058 -2.3387 -2.2079 -1.9038
    4.50  794.90  -3.3846 -3.0226 -2.3154 -2.1361 -1.9273 -2.1958 -2.5136 -3.0032 -2.9673 -2.7578 -2.2973
    4.75   30.02  -1.9915 -0.7303  0.0301  0.5452  1.1352  1.2995  1.3236  1.2949  1.1162  0.9671  0.8855
    4.75   30.03  -1.9915 -0.7303  0.0301  0.5452  1.1352  1.2995  1.3236  1.2949  1.1162  0.9671  0.8855
    4.75   30.04  -1.9915 -0.7303  0.0301  0.5452  1.1352  1.2995  1.3236  1.2949  1.1162  0.9671  0.8855
    4.75   30.07  -1.9824 -0.7303  0.0301  0.5452  1.1352  1.2995  1.3236  1.2949  1.1162  0.9671  0.8855
    4.75   30.10  -1.9712 -0.7303  0.0301  0.5452  1.1352  1.2995  1.3236  1.2949  1.1162  0.9671  0.8855
    4.75   30.17  -1.9492 -0.7303  0.0300  0.5450  1.1352  1.2993  1.3234  1.2947  1.1159  0.9667  0.8854
    4.75   30.26  -1.9240 -0.7307  0.0296  0.5446  1.1348  1.2989  1.3230  1.2943  1.1156  0.9663  0.8850
    4.75   30.42  -1.9004 -0.7313  0.0290  0.5438  1.1338  1.2981  1.3223  1.2933  1.1147  0.9654  0.8841
    4.75   30.66  -1.8718 -0.7324  0.0278  0.5424  1.1324  1.2966  1.3208  1.2918  1.1130  0.9641  0.8825
    4.75   31.03  -1.8371 -0.7341  0.0258  0.5400  1.1299  1.2939  1.3181  1.2890  1.1101  0.9611  0.8798
    4.75   31.62  -1.8043 -0.7372  0.0224  0.5359  1.1253  1.2898  1.3139  1.2843  1.1054  0.9567  0.8753
    4.75   32.53  -1.7718 -0.7425  0.0168  0.5292  1.1181  1.2826  1.3068  1.2769  1.0976  0.9492  0.8678
    4.75   33.93  -1.7416 -0.7507  0.0079  0.5185  1.1067  1.2711  1.2953  1.2648  1.0847  0.9370  0.8558
    4.75   36.03  -1.7153 -0.7635 -0.0062  0.5015  1.0889  1.2533  1.2776  1.2457  1.0651  0.9180  0.8370
    4.75   39.13  -1.6966 -0.7832 -0.0276  0.4758  1.0613  1.2260  1.2502  1.2164  1.0348  0.8890  0.8083
    4.75   43.59  -1.6881 -0.8120 -0.0591  0.4378  1.0207  1.1858  1.2100  1.1737  0.9901  0.8463  0.7660
    4.75   49.85  -1.6892 -0.8530 -0.1036  0.3843  0.9635  1.1293  1.1533  1.1133  0.9271  0.7859  0.7063
    4.75   58.41  -1.7065 -0.9093 -0.1649  0.3112  0.8850  1.0497  1.0732  1.0269  0.8385  0.7015  0.6245
    4.75   69.87  -1.7401 -0.9807 -0.2428  0.2186  0.7853  0.9486  0.9717  0.9176  0.7260  0.5943  0.5206
    4.75   84.91  -1.7901 -1.0699 -0.3385  0.1039  0.6615  0.8211  0.8413  0.7761  0.5827  0.4587  0.3926
    4.75  104.40  -1.8557 -1.1739 -0.4497 -0.0289  0.5162  0.6699  0.6854  0.6065  0.4118  0.2983  0.2436
    4.75  129.42  -1.9361 -1.2917 -0.5752 -0.1784  0.3510  0.4952  0.5034  0.4075  0.2131  0.1123  0.0751
    4.75  161.30  -2.0293 -1.4233 -0.7136 -0.3425  0.1671  0.2968  0.2942  0.1767 -0.0142 -0.0994 -0.1120
    4.75  201.77  -2.1360 -1.5681 -0.8640 -0.5210 -0.0353  0.0734  0.0538 -0.0897 -0.2728 -0.3383 -0.3223
    4.75  252.98  -2.2537 -1.7266 -1.0276 -0.7136 -0.2576 -0.1786 -0.2210 -0.3972 -0.5679 -0.6076 -0.5600
    4.75  317.65  -2.3916 -1.9012 -1.2055 -0.9218 -0.5029 -0.4643 -0.5369 -0.7534 -0.9048 -0.9125 -0.8180
    4.75  399.24  -2.5465 -2.0951 -1.3989 -1.1476 -0.7742 -0.7891 -0.9033 -1.1696 -1.2933 -1.2616 -1.1091
    4.75  502.09  -2.7246 -2.3114 -1.6122 -1.3955 -1.0790 -1.1643 -1.3321 -1.6600 -1.7453 -1.6635 -1.4447
    4.75  631.67  -2.9295 -2.5553 -1.8489 -1.6688 -1.4229 -1.6003 -1.8377 -2.2423 -2.2759 -2.1318 -1.7886
    4.75  794.90  -3.1706 -2.8346 -2.1154 -1.9750 -1.8173 -2.1120 -2.4413 -2.9411 -2.9054 -2.6830 -2.1827
    5.00   30.02  -1.7176 -0.5444  0.2289  0.7046  1.2432  1.3799  1.3921  1.3528  1.1747  1.0389  0.9876
    5.00   30.03  -1.7176 -0.5444  0.2289  0.7046  1.2432  1.3799  1.3921  1.3528  1.1747  1.0389  0.9876
    5.00   30.04  -1.7176 -0.5444  0.2289  0.7046  1.2432  1.3799  1.3921  1.3528  1.1747  1.0389  0.9876
    5.00   30.07  -1.7168 -0.5444  0.2289  0.7046  1.2432  1.3799  1.3921  1.3528  1.1747  1.0389  0.9876
    5.00   30.10  -1.7035 -0.5444  0.2289  0.7046  1.2432  1.3799  1.3921  1.3528  1.1747  1.0389  0.9876
    5.00   30.17  -1.6873 -0.5444  0.2289  0.7046  1.2432  1.3799  1.3921  1.3528  1.1747  1.0389  0.9876
    5.00   30.26  -1.6605 -0.5444  0.2289  0.7044  1.2430  1.3798  1.3918  1.3524  1.1745  1.0389  0.9873
    5.00   30.42  -1.6362 -0.5448  0.2283  0.7038  1.2424  1.3791  1.3911  1.3518  1.1737  1.0382  0.9866
    5.00   30.66  -1.6108 -0.5459  0.2273  0.7025  1.2411  1.3777  1.3899  1.3504  1.1722  1.0368  0.9852
    5.00   31.03  -1.5776 -0.5475  0.2254  0.7003  1.2386  1.3755  1.3876  1.3479  1.1696  1.0342  0.9828
    5.00   31.62  -1.5466 -0.5505  0.2222  0.6965  1.2347  1.3715  1.3836  1.3437  1.1653  1.0302  0.9786
    5.00   32.53  -1.5163 -0.5553  0.2170  0.6902  1.2280  1.3648  1.3770  1.3366  1.1577  1.0227  0.9715
    5.00   33.93  -1.4877 -0.5631  0.2084  0.6798  1.2169  1.3540  1.3660  1.3250  1.1457  1.0113  0.9600
    5.00   36.03  -1.4638 -0.5757  0.1949  0.6633  1.1992  1.3366  1.3487  1.3064  1.1264  0.9928  0.9419
    5.00   39.13  -1.4482 -0.5951  0.1737  0.6378  1.1726  1.3100  1.3221  1.2779  1.0970  0.9646  0.9138
    5.00   43.59  -1.4404 -0.6237  0.1426  0.6003  1.1324  1.2705  1.2826  1.2357  1.0529  0.9225  0.8723
    5.00   49.85  -1.4442 -0.6642  0.0985  0.5468  1.0759  1.2144  1.2266  1.1757  0.9908  0.8629  0.8132
    5.00   58.41  -1.4669 -0.7201  0.0372  0.4742  0.9975  1.1353  1.1471  1.0903  0.9026  0.7791  0.7323
    5.00   69.87  -1.4996 -0.7914 -0.0407  0.3817  0.8978  1.0345  1.0456  0.9808  0.7899  0.6720  0.6292
    5.00   84.91  -1.5521 -0.8807 -0.1362  0.2675  0.7741  0.9070  0.9156  0.8401  0.6469  0.5364  0.5015
    5.00  104.40  -1.6222 -0.9847 -0.2475  0.1339  0.6287  0.7559  0.7598  0.6707  0.4761  0.3755  0.3524
    5.00  129.42  -1.7029 -1.1024 -0.3732 -0.0159  0.4632  0.5812  0.5776  0.4715  0.2770  0.1896  0.1842
    5.00  161.30  -1.7980 -1.2342 -0.5119 -0.1800  0.2787  0.3825  0.3679  0.2406  0.0495 -0.0219 -0.0020
    5.00  201.77  -1.9075 -1.3792 -0.6627 -0.3589  0.0763  0.1592  0.1274 -0.0259 -0.2089 -0.2612 -0.2119
    5.00  252.98  -2.0333 -1.5375 -0.8267 -0.5517 -0.1458 -0.0930 -0.1472 -0.3335 -0.5038 -0.5309 -0.4482
    5.00  317.65  -2.1714 -1.7128 -1.0046 -0.7600 -0.3916 -0.3790 -0.4629 -0.6894 -0.8410 -0.8357 -0.7048
    5.00  399.24  -2.3279 -1.9064 -1.1981 -0.9862 -0.6632 -0.7040 -0.8294 -1.1054 -1.2302 -1.1853 -0.9952
    5.00  502.09  -2.5103 -2.1228 -1.4116 -1.2343 -0.9679 -1.0793 -1.2583 -1.5959 -1.6820 -1.5874 -1.3297
    5.00  631.67  -2.7185 -2.3669 -1.6488 -1.5073 -1.3116 -1.5157 -1.7644 -2.1786 -2.2129 -2.0555 -1.6734
    5.00  794.90  -2.9620 -2.6463 -1.9151 -1.8136 -1.7068 -2.0276 -2.3681 -2.8779 -2.8425 -2.6073 -2.0676
    5.25   30.02  -1.4462 -0.3573  0.4246  0.8661  1.3623  1.4765  1.4786  1.4308  1.2522  1.1270  1.1076
    5.25   30.03  -1.4462 -0.3573  0.4246  0.8661  1.3623  1.4765  1.4786  1.4308  1.2522  1.1270  1.1076
    5.25   30.04  -1.4462 -0.3573  0.4246  0.8661  1.3623  1.4765  1.4786  1.4308  1.2522  1.1270  1.1076
    5.25   30.07  -1.4462 -0.3573  0.4246  0.8661  1.3623  1.4765  1.4786  1.4308  1.2522  1.1270  1.1076
    5.25   30.10  -1.4421 -0.3573  0.4246  0.8661  1.3623  1.4765  1.4786  1.4308  1.2522  1.1270  1.1076
    5.25   30.17  -1.4291 -0.3573  0.4246  0.8661  1.3623  1.4765  1.4786  1.4308  1.2522  1.1270  1.1076
    5.25   30.26  -1.4050 -0.3573  0.4246  0.8661  1.3623  1.4765  1.4786  1.4308  1.2522  1.1270  1.1076
    5.25   30.42  -1.3795 -0.3576  0.4242  0.8657  1.3619  1.4759  1.4781  1.4303  1.2517  1.1267  1.1072
    5.25   30.66  -1.3564 -0.3583  0.4234  0.8647  1.3608  1.4750  1.4772  1.4292  1.2505  1.1255  1.1061
    5.25   31.03  -1.3245 -0.3598  0.4218  0.8628  1.3588  1.4731  1.4751  1.4271  1.2483  1.1235  1.1038
    5.25   31.62  -1.2946 -0.3623  0.4189  0.8594  1.3552  1.4695  1.4715  1.4234  1.2443  1.1196  1.1000
    5.25   32.53  -1.2663 -0.3669  0.4141  0.8535  1.3489  1.4632  1.4654  1.4167  1.2376  1.1129  1.0935
    5.25   33.93  -1.2394 -0.3742  0.4060  0.8438  1.3385  1.4530  1.4551  1.4057  1.2261  1.1021  1.0826
    5.25   36.03  -1.2169 -0.3862  0.3929  0.8279  1.3216  1.4362  1.4385  1.3880  1.2077  1.0842  1.0653
    5.25   39.13  -1.2017 -0.4049  0.3723  0.8033  1.2954  1.4103  1.4128  1.3603  1.1790  1.0567  1.0382
    5.25   43.59  -1.1953 -0.4329  0.3418  0.7665  1.2561  1.3717  1.3741  1.3189  1.1359  1.0155  0.9975
    5.25   49.85  -1.2015 -0.4729  0.2982  0.7139  1.2001  1.3162  1.3188  1.2597  1.0744  0.9565  0.9392
    5.25   58.41  -1.2241 -0.5283  0.2374  0.6415  1.1224  1.2380  1.2404  1.1752  0.9874  0.8733  0.8591
    5.25   69.87  -1.2628 -0.5997  0.1594  0.5489  1.0228  1.1371  1.1394  1.0664  0.8752  0.7665  0.7564
    5.25   84.91  -1.3180 -0.6885  0.0639  0.4344  0.8990  1.0100  1.0095  0.9263  0.7322  0.6314  0.6300
    5.25  104.40  -1.3895 -0.7926 -0.0475  0.3010  0.7536  0.8591  0.8542  0.7573  0.5614  0.4707  0.4818
    5.25  129.42  -1.4739 -0.9104 -0.1736  0.1509  0.5879  0.6843  0.6723  0.5582  0.3627  0.2845  0.3134
    5.25  161.30  -1.5726 -1.0420 -0.3127 -0.0138  0.4035  0.4854  0.4623  0.3274  0.1351  0.0727  0.1269
    5.25  201.77  -1.6852 -1.1875 -0.4637 -0.1930  0.2004  0.2619  0.2221  0.0612 -0.1236 -0.1663 -0.0823
    5.25  252.98  -1.8107 -1.3461 -0.6275 -0.3862 -0.0220  0.0092 -0.0526 -0.2463 -0.4189 -0.4363 -0.3167
    5.25  317.65  -1.9533 -1.5215 -0.8058 -0.5950 -0.2680 -0.2760 -0.3684 -0.6025 -0.7564 -0.7413 -0.5726
    5.25  399.24  -2.1132 -1.7148 -0.9996 -0.8214 -0.5399 -0.6017 -0.7353 -1.0188 -1.1449 -1.0908 -0.8612
    5.25  502.09  -2.2980 -1.9315 -1.2133 -1.0693 -0.8444 -0.9770 -1.1642 -1.5098 -1.5972 -1.4934 -1.1942
    5.25  631.67  -2.5098 -2.1757 -1.4506 -1.3430 -1.1890 -1.4136 -1.6705 -2.0929 -2.1284 -1.9618 -1.5382
    5.25  794.90  -2.7571 -2.4553 -1.7173 -1.6491 -1.5838 -1.9256 -2.2743 -2.7920 -2.7583 -2.5139 -1.9326
    5.50   30.02  -1.1796 -0.1703  0.6200  1.0276  1.4812  1.5729  1.5650  1.5088  1.3297  1.2152  1.2275
    5.50   30.03  -1.1796 -0.1703  0.6200  1.0276  1.4812  1.5729  1.5650  1.5088  1.3297  1.2152  1.2275
    5.50   30.04  -1.1796 -0.1703  0.6200  1.0276  1.4812  1.5729  1.5650  1.5088  1.3297  1.2152  1.2275
    5.50   30.07  -1.1796 -0.1703  0.6200  1.0276  1.4812  1.5729  1.5650  1.5088  1.3297  1.2152  1.2275
    5.50   30.10  -1.1796 -0.1703  0.6200  1.0276  1.4812  1.5729  1.5650  1.5088  1.3297  1.2152  1.2275
    5.50   30.17  -1.1743 -0.1703  0.6200  1.0276  1.4812  1.5729  1.5650  1.5088  1.3297  1.2152  1.2275
    5.50   30.26  -1.1602 -0.1703  0.6200  1.0276  1.4812  1.5729  1.5650  1.5088  1.3297  1.2152  1.2275
    5.50   30.42  -1.1317 -0.1703  0.6200  1.0276  1.4812  1.5728  1.5650  1.5087  1.3295  1.2149  1.2275
    5.50   30.66  -1.1076 -0.1708  0.6195  1.0269  1.4806  1.5722  1.5644  1.5080  1.3288  1.2142  1.2267
    5.50   31.03  -1.0791 -0.1719  0.6182  1.0254  1.4790  1.5706  1.5628  1.5064  1.3272  1.2127  1.2250
    5.50   31.62  -1.0491 -0.1741  0.6158  1.0225  1.4758  1.5676  1.5598  1.5031  1.3238  1.2093  1.2218
    5.50   32.53  -1.0218 -0.1781  0.6114  1.0173  1.4702  1.5621  1.5543  1.4972  1.3177  1.2034  1.2161
    5.50   33.93  -0.9961 -0.1849  0.6039  1.0082  1.4606  1.5525  1.5447  1.4870  1.3070  1.1934  1.2061
    5.50   36.03  -0.9761 -0.1962  0.5916  0.9933  1.4447  1.5367  1.5291  1.4702  1.2896  1.1766  1.1895
    5.50   39.13  -0.9604 -0.2141  0.5718  0.9697  1.4193  1.5118  1.5043  1.4437  1.2620  1.1500  1.1634
    5.50   43.59  -0.9564 -0.2413  0.5420  0.9338  1.3811  1.4739  1.4666  1.4034  1.2202  1.1095  1.1236
    5.50   49.85  -0.9630 -0.2806  0.4990  0.8821  1.3257  1.4193  1.4123  1.3453  1.1598  1.0514  1.0666
    5.50   58.41  -0.9872 -0.3356  0.4386  0.8103  1.2489  1.3419  1.3350  1.2619  1.0737  0.9693  0.9873
    5.50   69.87  -1.0278 -0.4069  0.3605  0.7176  1.1496  1.2413  1.2345  1.1535  0.9622  0.8625  0.8851
    5.50   84.91  -1.0866 -0.4953  0.2652  0.6028  1.0254  1.1148  1.1052  1.0141  0.8191  0.7280  0.7600
    5.50  104.40  -1.1592 -0.5992  0.1534  0.4690  0.8796  0.9639  0.9500  0.8456  0.6484  0.5674  0.6124
    5.50  129.42  -1.2477 -0.7175  0.0269  0.3186  0.7139  0.7886  0.7683  0.6465  0.4499  0.3808  0.4436
    5.50  161.30  -1.3499 -0.8492 -0.1126  0.1535  0.5292  0.5896  0.5580  0.4156  0.2222  0.1689  0.2570
    5.50  201.77  -1.4658 -0.9950 -0.2640 -0.0264  0.3257  0.3657  0.3177  0.1496 -0.0370 -0.0703  0.0482
    5.50  252.98  -1.5935 -1.1540 -0.4278 -0.2201  0.1026  0.1126  0.0432 -0.1581 -0.3329 -0.3408 -0.1843
    5.50  317.65  -1.7401 -1.3297 -0.6065 -0.4293 -0.1438 -0.1721 -0.2731 -0.5146 -0.6707 -0.6462 -0.4396
    5.50  399.24  -1.9042 -1.5230 -0.8007 -0.6560 -0.4163 -0.4991 -0.6407 -0.9317 -1.0589 -0.9961 -0.7269
    5.50  502.09  -2.0903 -1.7397 -1.0147 -0.9038 -0.7208 -0.8743 -1.0694 -1.4231 -1.5117 -1.3988 -1.0582
    5.50  631.67  -2.3056 -1.9843 -1.2521 -1.1784 -1.0659 -1.3109 -1.5759 -2.0062 -2.0432 -1.8674 -1.4027
    5.50  794.90  -2.5561 -2.2640 -1.5188 -1.4840 -1.4604 -1.8233 -2.1799 -2.7051 -2.6732 -2.4197 -1.7972
    5.75   30.02  -0.9202  0.0172  0.8120  1.1920  1.6102  1.6839  1.6685  1.6052  1.4256  1.3181  1.3649
    5.75   30.03  -0.9202  0.0172  0.8120  1.1920  1.6102  1.6839  1.6685  1.6052  1.4256  1.3181  1.3649
    5.75   30.04  -0.9202  0.0172  0.8120  1.1920  1.6102  1.6839  1.6685  1.6052  1.4256  1.3181  1.3649
    5.75   30.07  -0.9202  0.0172  0.8120  1.1920  1.6102  1.6839  1.6685  1.6052  1.4256  1.3181  1.3649
    5.75   30.10  -0.9202  0.0172  0.8120  1.1920  1.6102  1.6839  1.6685  1.6052  1.4256  1.3181  1.3649
    5.75   30.17  -0.9202  0.0172  0.8120  1.1920  1.6102  1.6839  1.6685  1.6052  1.4256  1.3181  1.3649
    5.75   30.26  -0.9141  0.0172  0.8120  1.1920  1.6102  1.6839  1.6685  1.6052  1.4256  1.3181  1.3649
    5.75   30.42  -0.8941  0.0172  0.8120  1.1920  1.6102  1.6839  1.6685  1.6052  1.4256  1.3181  1.3649
    5.75   30.66  -0.8653  0.0171  0.8120  1.1920  1.6101  1.6838  1.6685  1.6051  1.4255  1.3179  1.3649
    5.75   31.03  -0.8402  0.0164  0.8111  1.1910  1.6091  1.6828  1.6675  1.6041  1.4244  1.3170  1.3639
    5.75   31.62  -0.8089  0.0147  0.8093  1.1887  1.6067  1.6804  1.6651  1.6016  1.4218  1.3143  1.3614
    5.75   32.53  -0.7820  0.0113  0.8055  1.1844  1.6020  1.6757  1.6604  1.5966  1.4166  1.3093  1.3564
    5.75   33.93  -0.7564  0.0053  0.7988  1.1763  1.5933  1.6672  1.6520  1.5875  1.4071  1.3002  1.3477
    5.75   36.03  -0.7358 -0.0052  0.7873  1.1624  1.5786  1.6527  1.6376  1.5721  1.3910  1.2847  1.3324
    5.75   39.13  -0.7231 -0.0222  0.7686  1.1396  1.5546  1.6291  1.6142  1.5471  1.3648  1.2596  1.3080
    5.75   43.59  -0.7205 -0.0483  0.7397  1.1047  1.5176  1.5927  1.5781  1.5083  1.3244  1.2207  1.2703
    5.75   49.85  -0.7302 -0.0865  0.6975  1.0540  1.4636  1.5393  1.5254  1.4518  1.2653  1.1638  1.2149
    5.75   58.41  -0.7555 -0.1407  0.6381  0.9829  1.3876  1.4633  1.4495  1.3702  1.1810  1.0826  1.1371
    5.75   69.87  -0.7987 -0.2114  0.5605  0.8905  1.2884  1.3633  1.3496  1.2627  1.0699  0.9764  1.0353
    5.75   84.91  -0.8581 -0.2996  0.4647  0.7758  1.1645  1.2370  1.2209  1.1240  0.9277  0.8423  0.9099
    5.75  104.40  -0.9347 -0.4036  0.3527  0.6417  1.0185  1.0863  1.0661  0.9560  0.7572  0.6819  0.7622
    5.75  129.42  -1.0254 -0.5219  0.2257  0.4907  0.8524  0.9111  0.8849  0.7573  0.5585  0.4953  0.5933
    5.75  161.30  -1.1303 -0.6537  0.0860  0.3250  0.6669  0.7120  0.6748  0.5268  0.3306  0.2833  0.4063
    5.75  201.77  -1.2480 -0.7998 -0.0661  0.1444  0.4629  0.4878  0.4343  0.2605  0.0712  0.0433  0.1989
    5.75  252.98  -1.3808 -0.9590 -0.2303 -0.0495  0.2394  0.2346  0.1594 -0.0469 -0.2248 -0.2273 -0.0338
    5.75  317.65  -1.5305 -1.1350 -0.4093 -0.2595 -0.0074 -0.0516 -0.1576 -0.4044 -0.5633 -0.5338 -0.2882
    5.75  399.24  -1.6957 -1.3285 -0.6039 -0.4863 -0.2804 -0.3786 -0.5251 -0.8216 -0.9522 -0.8834 -0.5750
    5.75  502.09  -1.8860 -1.5453 -0.8181 -0.7345 -0.5852 -0.7536 -0.9544 -1.3127 -1.4053 -1.2869 -0.9045
    5.75  631.67  -2.1040 -1.7902 -1.0558 -1.0092 -0.9301 -1.1905 -1.4610 -1.8963 -1.9366 -1.7559 -1.2500
    5.75  794.90  -2.3564 -2.0697 -1.3228 -1.3156 -1.3250 -1.7030 -2.0647 -2.5948 -2.5668 -2.3078 -1.6442
    6.00   30.02  -0.6636  0.2046  1.0040  1.3565  1.7392  1.7949  1.7720  1.7017  1.5216  1.4210  1.5025
    6.00   30.03  -0.6636  0.2046  1.0040  1.3565  1.7392  1.7949  1.7720  1.7017  1.5216  1.4210  1.5025
    6.00   30.04  -0.6636  0.2046  1.0040  1.3565  1.7392  1.7949  1.7720  1.7017  1.5216  1.4210  1.5025
    6.00   30.07  -0.6636  0.2046  1.0040  1.3565  1.7392  1.7949  1.7720  1.7017  1.5216  1.4210  1.5025
    6.00   30.10  -0.6636  0.2046  1.0040  1.3565  1.7392  1.7949  1.7720  1.7017  1.5216  1.4210  1.5025
    6.00   30.17  -0.6636  0.2046  1.0040  1.3565  1.7392  1.7949  1.7720  1.7017  1.5216  1.4210  1.5025
    6.00   30.26  -0.6636  0.2046  1.0040  1.3565  1.7392  1.7949  1.7720  1.7017  1.5216  1.4210  1.5025
    6.00   30.42  -0.6595  0.2046  1.0040  1.3565  1.7392  1.7949  1.7720  1.7017  1.5216  1.4210  1.5025
    6.00   30.66  -0.6358  0.2046  1.0040  1.3565  1.7392  1.7949  1.7720  1.7017  1.5216  1.4210  1.5025
    6.00   31.03  -0.6052  0.2046  1.0039  1.3563  1.7391  1.7947  1.7719  1.7015  1.5214  1.4209  1.5022
    6.00   31.62  -0.5766  0.2034  1.0027  1.3550  1.7376  1.7933  1.7704  1.7000  1.5198  1.4192  1.5007
    6.00   32.53  -0.5490  0.2010  0.9998  1.3516  1.7339  1.7897  1.7669  1.6962  1.5157  1.4155  1.4971
    6.00   33.93  -0.5247  0.1958  0.9941  1.3447  1.7266  1.7825  1.7598  1.6886  1.5078  1.4076  1.4896
    6.00   36.03  -0.5047  0.1863  0.9838  1.3322  1.7134  1.7695  1.7470  1.6748  1.4934  1.3938  1.4762
    6.00   39.13  -0.4918  0.1706  0.9664  1.3112  1.6912  1.7478  1.7254  1.6517  1.4691  1.3705  1.4538
    6.00   43.59  -0.4901  0.1459  0.9389  1.2779  1.6559  1.7131  1.6912  1.6151  1.4306  1.3334  1.4182
    6.00   49.85  -0.5008  0.1089  0.8978  1.2281  1.6034  1.6615  1.6402  1.5604  1.3730  1.2781  1.3649
    6.00   58.41  -0.5277  0.0559  0.8395  1.1578  1.5288  1.5872  1.5664  1.4812  1.2905  1.1989  1.2891
    6.00   69.87  -0.5716 -0.0143  0.7626  1.0657  1.4299  1.4878  1.4669  1.3744  1.1805  1.0933  1.1879
    6.00   84.91  -0.6343 -0.1023  0.6663  0.9510  1.3059  1.3618  1.3390  1.2368  1.0393  0.9592  1.0620
    6.00  104.40  -0.7113 -0.2063  0.5533  0.8165  1.1596  1.2112  1.1848  1.0692  0.8687  0.7988  0.9141
    6.00  129.42  -0.8068 -0.3250  0.4262  0.6650  0.9929  1.0360  1.0038  0.8707  0.6696  0.6122  0.7450
    6.00  161.30  -0.9135 -0.4569  0.2861  0.4980  0.8065  0.8363  0.7937  0.6402  0.4414  0.3997  0.5577
    6.00  201.77  -1.0356 -0.6032  0.1332  0.3164  0.6020  0.6118  0.5529  0.3736  0.1815  0.1589  0.3511
    6.00  252.98  -1.1717 -0.7635 -0.0321  0.1217  0.3771  0.3576  0.2764  0.0648 -0.1158 -0.1129  0.1175
    6.00  317.65  -1.3225 -0.9394 -0.2112 -0.0887  0.1299  0.0703 -0.0407 -0.2927 -0.4546 -0.4202 -0.1355
    6.00  399.24  -1.4925 -1.1334 -0.4062 -0.3157 -0.1435 -0.2569 -0.4082 -0.7099 -0.8441 -0.7699 -0.4218
    6.00  502.09  -1.6844 -1.3500 -0.6209 -0.5645 -0.4489 -0.6318 -0.8377 -1.2011 -1.2976 -1.1738 -0.7499
    6.00  631.67  -1.9060 -1.5959 -0.8589 -0.8394 -0.7936 -1.0692 -1.3449 -1.7849 -1.8288 -1.6432 -1.0965
    6.00  794.90  -2.1610 -1.8750 -1.1261 -1.1467 -1.1888 -1.5819 -1.9482 -2.4832 -2.4592 -2.1949 -1.4907
    6.25   30.02  -0.4157  0.3921  1.1921  1.5216  1.8772  1.9199  1.8910  1.8142  1.6341  1.5370  1.6559
    6.25   30.03  -0.4157  0.3921  1.1921  1.5216  1.8772  1.9199  1.8910  1.8142  1.6341  1.5370  1.6559
    6.25   30.04  -0.4157  0.3921  1.1921  1.5216  1.8772  1.9199  1.8910  1.8142  1.6341  1.5370  1.6559
    6.25   30.07  -0.4157  0.3921  1.1921  1.5216  1.8772  1.9199  1.8910  1.8142  1.6341  1.5370  1.6559
    6.25   30.10  -0.4157  0.3921  1.1921  1.5216  1.8772  1.9199  1.8910  1.8142  1.6341  1.5370  1.6559
    6.25   30.17  -0.4157  0.3921  1.1921  1.5216  1.8772  1.9199  1.8910  1.8142  1.6341  1.5370  1.6559
    6.25   30.26  -0.4157  0.3921  1.1921  1.5216  1.8772  1.9199  1.8910  1.8142  1.6341  1.5370  1.6559
    6.25   30.42  -0.4157  0.3921  1.1921  1.5216  1.8772  1.9199  1.8910  1.8142  1.6341  1.5370  1.6559
    6.25   30.66  -0.4156  0.3921  1.1921  1.5216  1.8772  1.9199  1.8910  1.8142  1.6341  1.5370  1.6559
    6.25   31.03  -0.3870  0.3921  1.1921  1.5216  1.8772  1.9199  1.8910  1.8142  1.6341  1.5370  1.6559
    6.25   31.62  -0.3575  0.3919  1.1917  1.5213  1.8769  1.9196  1.8907  1.8139  1.6338  1.5368  1.6556
    6.25   32.53  -0.3254  0.3906  1.1900  1.5193  1.8747  1.9175  1.8887  1.8117  1.6314  1.5345  1.6534
    6.25   33.93  -0.2993  0.3867  1.1858  1.5140  1.8692  1.9121  1.8833  1.8059  1.6254  1.5287  1.6478
    6.25   36.03  -0.2793  0.3787  1.1769  1.5035  1.8581  1.9012  1.8726  1.7945  1.6133  1.5169  1.6366
    6.25   39.13  -0.2661  0.3649  1.1612  1.4847  1.8382  1.8817  1.8535  1.7740  1.5918  1.4961  1.6165
    6.25   43.59  -0.2617  0.3417  1.1356  1.4538  1.8055  1.8494  1.8218  1.7402  1.5560  1.4617  1.5833
    6.25   49.85  -0.2737  0.3062  1.0960  1.4060  1.7552  1.8000  1.7733  1.6882  1.5012  1.4089  1.5324
    6.25   58.41  -0.3004  0.2554  1.0391  1.3376  1.6826  1.7283  1.7024  1.6123  1.4215  1.3321  1.4590
    6.25   69.87  -0.3467  0.1859  0.9625  1.2459  1.5843  1.6301  1.6042  1.5070  1.3120  1.2275  1.3595
    6.25   84.91  -0.4110  0.0985  0.8666  1.1313  1.4609  1.5050  1.4779  1.3712  1.1722  1.0942  1.2348
    6.25  104.40  -0.4928 -0.0053  0.7534  0.9965  1.3143  1.3545  1.3245  1.2050  1.0026  0.9340  1.0870
    6.25  129.42  -0.5899 -0.1241  0.6255  0.8440  1.1469  1.1791  1.1436  1.0072  0.8037  0.7472  0.9183
    6.25  161.30  -0.7018 -0.2571  0.4842  0.6757  0.9598  0.9790  0.9334  0.7766  0.5749  0.5342  0.7295
    6.25  201.77  -0.8255 -0.4036  0.3303  0.4934  0.7535  0.7530  0.6914  0.5087  0.3131  0.2922  0.5223
    6.25  252.98  -0.9640 -0.5643  0.1642  0.2977  0.5281  0.4984  0.4148  0.1998  0.0156  0.0201  0.2901
    6.25  317.65  -1.1185 -0.7404 -0.0154  0.0862  0.2800  0.2107  0.0970 -0.1580 -0.3238 -0.2877  0.0365
    6.25  399.24  -1.2923 -0.9349 -0.2107 -0.1416  0.0061 -0.1166 -0.2706 -0.5752 -0.7136 -0.6383 -0.2481
    6.25  502.09  -1.4872 -1.1520 -0.4259 -0.3908 -0.2999 -0.4926 -0.7003 -1.0664 -1.1671 -1.0422 -0.5743
    6.25  631.67  -1.7105 -1.3977 -0.6639 -0.6659 -0.6452 -0.9301 -1.2073 -1.6504 -1.6988 -1.5116 -0.9209
    6.25  794.90  -1.9686 -1.6771 -0.9318 -0.9735 -1.0403 -1.4432 -1.8107 -2.3490 -2.3292 -2.0637 -1.3161
    6.50   30.02  -0.1690  0.5797  1.3800  1.6866  2.0152  2.0449  2.0099  1.9266  1.7465  1.6529  1.8093
    6.50   30.03  -0.1690  0.5797  1.3800  1.6866  2.0152  2.0449  2.0099  1.9266  1.7465  1.6529  1.8093
    6.50   30.04  -0.1690  0.5797  1.3800  1.6866  2.0152  2.0449  2.0099  1.9266  1.7465  1.6529  1.8093
    6.50   30.07  -0.1690  0.5797  1.3800  1.6866  2.0152  2.0449  2.0099  1.9266  1.7465  1.6529  1.8093
    6.50   30.10  -0.1690  0.5797  1.3800  1.6866  2.0152  2.0449  2.0099  1.9266  1.7465  1.6529  1.8093
    6.50   30.17  -0.1690  0.5797  1.3800  1.6866  2.0152  2.0449  2.0099  1.9266  1.7465  1.6529  1.8093
    6.50   30.26  -0.1690  0.5797  1.3800  1.6866  2.0152  2.0449  2.0099  1.9266  1.7465  1.6529  1.8093
    6.50   30.42  -0.1690  0.5797  1.3800  1.6866  2.0152  2.0449  2.0099  1.9266  1.7465  1.6529  1.8093
    6.50   30.66  -0.1690  0.5797  1.3800  1.6866  2.0152  2.0449  2.0099  1.9266  1.7465  1.6529  1.8093
    6.50   31.03  -0.1690  0.5797  1.3800  1.6866  2.0152  2.0449  2.0099  1.9266  1.7465  1.6529  1.8093
    6.50   31.62  -0.1463  0.5797  1.3800  1.6866  2.0152  2.0449  2.0099  1.9266  1.7465  1.6529  1.8093
    6.50   32.53  -0.1124  0.5794  1.3798  1.6863  2.0149  2.0445  2.0095  1.9263  1.7462  1.6526  1.8090
    6.50   33.93  -0.0825  0.5772  1.3771  1.6832  2.0116  2.0416  2.0065  1.9231  1.7427  1.6492  1.8058
    6.50   36.03  -0.0597  0.5714  1.3707  1.6754  2.0033  2.0333  1.9985  1.9145  1.7337  1.6405  1.7973
    6.50   39.13  -0.0446  0.5596  1.3574  1.6595  1.9866  2.0167  1.9825  1.8974  1.7156  1.6230  1.7805
    6.50   43.59  -0.0406  0.5390  1.3341  1.6317  1.9571  1.9879  1.9543  1.8672  1.6837  1.5922  1.7506
    6.50   49.85  -0.0499  0.5059  1.2968  1.5869  1.9098  1.9414  1.9091  1.8188  1.6324  1.5426  1.7028
    6.50   58.41  -0.0775  0.4570  1.2418  1.5210  1.8402  1.8729  1.8421  1.7472  1.5567  1.4695  1.6324
    6.50   69.87  -0.1241  0.3888  1.1657  1.4299  1.7429  1.7762  1.7453  1.6438  1.4481  1.3659  1.5350
    6.50   84.91  -0.1924  0.3021  1.0699  1.3154  1.6198  1.6524  1.6210  1.5102  1.3094  1.2338  1.4114
    6.50  104.40  -0.2742  0.1982  0.9565  1.1800  1.4729  1.5018  1.4683  1.3453  1.1409  1.0737  1.2633
    6.50  129.42  -0.3747  0.0793  0.8276  1.0263  1.3040  1.3259  1.2871  1.1480  0.9415  0.8860  1.0951
    6.50  161.30  -0.4891 -0.0555  0.6844  0.8557  1.1156  1.1241  1.0751  0.9153  0.7110  0.6713  0.9040
    6.50  201.77  -0.6176 -0.2023  0.5296  0.6727  0.9076  0.8972  0.8328  0.6470  0.4483  0.4288  0.6958
    6.50  252.98  -0.7609 -0.3635  0.3624  0.4756  0.6811  0.6418  0.5561  0.3380  0.1495  0.1556  0.4648
    6.50  317.65  -0.9181 -0.5399  0.1816  0.2630  0.4318  0.3532  0.2373 -0.0204 -0.1903 -0.1528  0.2105
    6.50  399.24  -1.0939 -0.7351 -0.0140  0.0341  0.1573  0.0257 -0.1309 -0.4381 -0.5806 -0.5044 -0.0727
    6.50  502.09  -1.2934 -0.9528 -0.2298 -0.2160 -0.1494 -0.3516 -0.5607 -0.9295 -1.0345 -0.9087 -0.3969
    6.50  631.67  -1.5208 -1.1985 -0.4678 -0.4912 -0.4954 -0.7891 -1.0678 -1.5135 -1.5669 -1.3782 -0.7443
    6.50  794.90  -1.7820 -1.4783 -0.7368 -0.7995 -0.8907 -1.3028 -1.6710 -2.2127 -2.1973 -1.9307 -1.1403
    6.75   30.02   0.0672  0.7641  1.5630  1.8521  2.1612  2.1824  2.1425  2.0527  1.8730  1.7799  1.9764
    6.75   30.03   0.0672  0.7641  1.5630  1.8521  2.1612  2.1824  2.1425  2.0527  1.8730  1.7799  1.9764
    6.75   30.04   0.0672  0.7641  1.5630  1.8521  2.1612  2.1824  2.1425  2.0527  1.8730  1.7799  1.9764
    6.75   30.07   0.0672  0.7641  1.5630  1.8521  2.1612  2.1824  2.1425  2.0527  1.8730  1.7799  1.9764
    6.75   30.10   0.0672  0.7641  1.5630  1.8521  2.1612  2.1824  2.1425  2.0527  1.8730  1.7799  1.9764
    6.75   30.17   0.0672  0.7641  1.5630  1.8521  2.1612  2.1824  2.1425  2.0527  1.8730  1.7799  1.9764
    6.75   30.26   0.0672  0.7641  1.5630  1.8521  2.1612  2.1824  2.1425  2.0527  1.8730  1.7799  1.9764
    6.75   30.42   0.0672  0.7641  1.5630  1.8521  2.1612  2.1824  2.1425  2.0527  1.8730  1.7799  1.9764
    6.75   30.66   0.0672  0.7641  1.5630  1.8521  2.1612  2.1824  2.1425  2.0527  1.8730  1.7799  1.9764
    6.75   31.03   0.0672  0.7641  1.5630  1.8521  2.1612  2.1824  2.1425  2.0527  1.8730  1.7799  1.9764
    6.75   31.62   0.0672  0.7641  1.5630  1.8521  2.1612  2.1824  2.1425  2.0527  1.8730  1.7799  1.9764
    6.75   32.53   0.0799  0.7641  1.5630  1.8521  2.1612  2.1824  2.1425  2.0527  1.8730  1.7799  1.9764
    6.75   33.93   0.1182  0.7639  1.5627  1.8517  2.1609  2.1818  2.1422  2.0521  1.8726  1.7795  1.9760
    6.75   36.03   0.1486  0.7607  1.5590  1.8473  2.1563  2.1775  2.1378  2.0474  1.8676  1.7747  1.9713
    6.75   39.13   0.1659  0.7520  1.5491  1.8355  2.1438  2.1654  2.1259  2.0349  1.8542  1.7618  1.9590
    6.75   43.59   0.1741  0.7349  1.5295  1.8119  2.1188  2.1410  2.1022  2.0098  1.8274  1.7359  1.9342
    6.75   49.85   0.1655  0.7050  1.4954  1.7713  2.0759  2.0992  2.0615  1.9666  1.7812  1.6912  1.8915
    6.75   58.41   0.1399  0.6594  1.4431  1.7088  2.0097  2.0345  1.9989  1.8998  1.7101  1.6225  1.8258
    6.75   69.87   0.0932  0.5933  1.3689  1.6198  1.9150  1.9406  1.9058  1.8006  1.6057  1.5224  1.7311
    6.75   84.91   0.0254  0.5082  1.2739  1.5057  1.7932  1.8189  1.7843  1.6706  1.4699  1.3925  1.6092
    6.75  104.40  -0.0597  0.4049  1.1594  1.3692  1.6459  1.6688  1.6329  1.5079  1.3018  1.2324  1.4606
    6.75  129.42  -0.1634  0.2845  1.0286  1.2136  1.4750  1.4911  1.4503  1.3095  1.1006  1.0436  1.2910
    6.75  161.30  -0.2804  0.1498  0.8844  1.0417  1.2847  1.2885  1.2387  1.0771  0.8692  0.8276  1.1000
    6.75  201.77  -0.4127  0.0023  0.7280  0.8569  1.0759  1.0605  0.9962  0.8090  0.6059  0.5841  0.8907
    6.75  252.98  -0.5579 -0.1596  0.5595  0.6585  0.8476  0.8038  0.7188  0.4998  0.3070  0.3100  0.6602
    6.75  317.65  -0.7199 -0.3369  0.3780  0.4447  0.5976  0.5148  0.3997  0.1413 -0.0337  0.0012  0.4063
    6.75  399.24  -0.8981 -0.5325  0.1812  0.2145  0.3218  0.1864  0.0313 -0.2767 -0.4246 -0.3512  0.1236
    6.75  502.09  -1.1011 -0.7503 -0.0349 -0.0362  0.0145 -0.1912 -0.3988 -0.7680 -0.8789 -0.7559 -0.1993
    6.75  631.67  -1.3312 -0.9963 -0.2742 -0.3122 -0.3320 -0.6292 -0.9063 -1.3523 -1.4117 -1.2264 -0.5477
    6.75  794.90  -1.5955 -1.2765 -0.5426 -0.6206 -0.7281 -1.1429 -1.5102 -2.0515 -2.0428 -1.7793 -0.9438
    7.00   30.02   0.2996  0.9486  1.7459  2.0175  2.3071  2.3197  2.2750  2.1786  1.9996  1.9069  2.1433
    7.00   30.03   0.2996  0.9486  1.7459  2.0175  2.3071  2.3197  2.2750  2.1786  1.9996  1.9069  2.1433
    7.00   30.04   0.2996  0.9486  1.7459  2.0175  2.3071  2.3197  2.2750  2.1786  1.9996  1.9069  2.1433
    7.00   30.07   0.2996  0.9486  1.7459  2.0175  2.3071  2.3197  2.2750  2.1786  1.9996  1.9069  2.1433
    7.00   30.10   0.2996  0.9486  1.7459  2.0175  2.3071  2.3197  2.2750  2.1786  1.9996  1.9069  2.1433
    7.00   30.17   0.2996  0.9486  1.7459  2.0175  2.3071  2.3197  2.2750  2.1786  1.9996  1.9069  2.1433
    7.00   30.26   0.2996  0.9486  1.7459  2.0175  2.3071  2.3197  2.2750  2.1786  1.9996  1.9069  2.1433
    7.00   30.42   0.2996  0.9486  1.7459  2.0175  2.3071  2.3197  2.2750  2.1786  1.9996  1.9069  2.1433
    7.00   30.66   0.2996  0.9486  1.7459  2.0175  2.3071  2.3197  2.2750  2.1786  1.9996  1.9069  2.1433
    7.00   31.03   0.2996  0.9486  1.7459  2.0175  2.3071  2.3197  2.2750  2.1786  1.9996  1.9069  2.1433
    7.00   31.62   0.2996  0.9486  1.7459  2.0175  2.3071  2.3197  2.2750  2.1786  1.9996  1.9069  2.1433
    7.00   32.53   0.2996  0.9486  1.7459  2.0175  2.3071  2.3197  2.2750  2.1786  1.9996  1.9069  2.1433
    7.00   33.93   0.3015  0.9486  1.7459  2.0175  2.3071  2.3197  2.2750  2.1786  1.9996  1.9069  2.1433
    7.00   36.03   0.3402  0.9483  1.7457  2.0171  2.3068  2.3193  2.2745  2.1782  1.9989  1.9065  2.1429
    7.00   39.13   0.3683  0.9438  1.7404  2.0108  2.3002  2.3130  2.2682  2.1717  1.9920  1.8997  2.1364
    7.00   43.59   0.3811  0.9312  1.7257  1.9934  2.2817  2.2952  2.2510  2.1532  1.9723  1.8807  2.1186
    7.00   49.85   0.3772  0.9062  1.6967  1.9588  2.2451  2.2596  2.2165  2.1170  1.9332  1.8429  2.0826
    7.00   58.41   0.3556  0.8645  1.6483  1.9011  2.1839  2.2005  2.1592  2.0563  1.8681  1.7800  2.0231
    7.00   69.87   0.3105  0.8020  1.5770  1.8155  2.0931  2.1114  2.0719  1.9633  1.7697  1.6851  1.9334
    7.00   84.91   0.2429  0.7188  1.4831  1.7027  1.9733  1.9921  1.9543  1.8379  1.6378  1.5582  1.8135
    7.00  104.40   0.1541  0.6151  1.3668  1.5639  1.8245  1.8407  1.8021  1.6749  1.4681  1.3968  1.6639
    7.00  129.42   0.0485  0.4941  1.2343  1.4062  1.6519  1.6623  1.6197  1.4774  1.2663  1.2074  1.4926
    7.00  161.30  -0.0739  0.3585  1.0882  1.2323  1.4590  1.4581  1.4077  1.2451  1.0337  0.9900  1.3009
    7.00  201.77  -0.2091  0.2098  0.9296  1.0450  1.2486  1.2284  1.1644  0.9765  0.7691  0.7445  1.0901
    7.00  252.98  -0.3586  0.0469  0.7595  0.8445  1.0180  0.9702  0.8861  0.6669  0.4693  0.4691  0.8592
    7.00  317.65  -0.5232 -0.1314  0.5767  0.6291  0.7666  0.6801  0.5663  0.3077  0.1279  0.1589  0.6054
    7.00  399.24  -0.7054 -0.3278  0.3787  0.3972  0.4893  0.3507  0.1973 -0.1109 -0.2645 -0.1944  0.3226
    7.00  502.09  -0.9115 -0.5462  0.1616  0.1455  0.1808 -0.0278 -0.2335 -0.6027 -0.7198 -0.6002  0.0010
    7.00  631.67  -1.1450 -0.7922 -0.0788 -0.1315 -0.1662 -0.4662 -0.7413 -1.1872 -1.2532 -1.0716 -0.3489
    7.00  794.90  -1.4133 -1.0732 -0.3473 -0.4403 -0.5636 -0.9805 -1.3460 -1.8867 -1.8853 -1.6248 -0.7456
    7.25   30.02   0.5208  1.1281  1.9219  2.1810  2.4586  2.4673  2.4173  2.3144  2.1370  2.0418  2.3817
    7.25   30.03   0.5208  1.1281  1.9219  2.1810  2.4586  2.4673  2.4173  2.3144  2.1370  2.0418  2.3817
    7.25   30.04   0.5208  1.1281  1.9219  2.1810  2.4586  2.4673  2.4173  2.3144  2.1370  2.0418  2.3817
    7.25   30.07   0.5208  1.1281  1.9219  2.1810  2.4586  2.4673  2.4173  2.3144  2.1370  2.0418  2.3817
    7.25   30.10   0.5208  1.1281  1.9219  2.1810  2.4586  2.4673  2.4173  2.3144  2.1370  2.0418  2.3817
    7.25   30.17   0.5208  1.1281  1.9219  2.1810  2.4586  2.4673  2.4173  2.3144  2.1370  2.0418  2.3817
    7.25   30.26   0.5208  1.1281  1.9219  2.1810  2.4586  2.4673  2.4173  2.3144  2.1370  2.0418  2.3817
    7.25   30.42   0.5208  1.1281  1.9219  2.1810  2.4586  2.4673  2.4173  2.3144  2.1370  2.0418  2.3817
    7.25   30.66   0.5208  1.1281  1.9219  2.1810  2.4586  2.4673  2.4173  2.3144  2.1370  2.0418  2.3817
    7.25   31.03   0.5208  1.1281  1.9219  2.1810  2.4586  2.4673  2.4173  2.3144  2.1370  2.0418  2.3817
    7.25   31.62   0.5208  1.1281  1.9219  2.1810  2.4586  2.4673  2.4173  2.3144  2.1370  2.0418  2.3817
    7.25   32.53   0.5208  1.1281  1.9219  2.1810  2.4586  2.4673  2.4173  2.3144  2.1370  2.0418  2.3817
    7.25   33.93   0.5208  1.1281  1.9219  2.1810  2.4586  2.4673  2.4173  2.3144  2.1370  2.0418  2.3817
    7.25   36.03   0.5208  1.1281  1.9219  2.1810  2.4586  2.4673  2.4173  2.3144  2.1370  2.0418  2.3817
    7.25   39.13   0.5502  1.1278  1.9217  2.1807  2.4583  2.4668  2.4170  2.3141  2.1365  2.0415  2.3815
    7.25   43.59   0.5766  1.1216  1.9143  2.1718  2.4489  2.4580  2.4085  2.3051  2.1267  2.0320  2.3723
    7.25   49.85   0.5811  1.1035  1.8929  2.1466  2.4222  2.4320  2.3835  2.2789  2.0985  2.0043  2.3460
    7.25   58.41   0.5640  1.0682  1.8513  2.0970  2.3697  2.3815  2.3348  2.2276  2.0431  1.9508  2.2942
    7.25   69.87   0.5225  1.0117  1.7849  2.0176  2.2862  2.3003  2.2568  2.1453  1.9543  1.8648  2.2120
    7.25   84.91   0.4555  0.9310  1.6921  1.9062  2.1681  2.1832  2.1422  2.0234  1.8249  1.7407  2.0947
    7.25  104.40   0.3654  0.8286  1.5761  1.7672  2.0193  2.0333  1.9931  1.8644  1.6579  1.5813  1.9471
    7.25  129.42   0.2572  0.7078  1.4417  1.6069  1.8452  1.8547  1.8117  1.6687  1.4568  1.3912  1.7745
    7.25  161.30   0.1327  0.5716  1.2930  1.4302  1.6499  1.6490  1.5993  1.4373  1.2234  1.1727  1.5807
    7.25  201.77  -0.0063  0.4217  1.1320  1.2400  1.4366  1.4173  1.3557  1.1689  0.9576  0.9261  1.3678
    7.25  252.98  -0.1594  0.2579  0.9597  1.0370  1.2037  1.1575  1.0764  0.8585  0.6560  0.6491  1.1353
    7.25  317.65  -0.3287  0.0785  0.7749  0.8198  0.9501  0.8659  0.7561  0.4993  0.3129  0.3373  0.8810
    7.25  399.24  -0.5143 -0.1185  0.5755  0.5861  0.6713  0.5353  0.3863  0.0805 -0.0806 -0.0173  0.5974
    7.25  502.09  -0.7246 -0.3377  0.3572  0.3327  0.3617  0.1558 -0.0449 -0.4118 -0.5364 -0.4239  0.2769
    7.25  631.67  -0.9610 -0.5844  0.1158  0.0546  0.0131 -0.2837 -0.5536 -0.9968 -1.0706 -0.8963 -0.0742
    7.25  794.90  -1.2313 -0.8656 -0.1534 -0.2553 -0.3852 -0.7990 -1.1585 -1.6965 -1.7030 -1.4503 -0.4720
    7.50   30.02   0.7369  1.3075  2.0981  2.3444  2.6101  2.6148  2.5598  2.4505  2.2744  2.1769  2.6202
    7.50   30.03   0.7369  1.3075  2.0981  2.3444  2.6101  2.6148  2.5598  2.4505  2.2744  2.1769  2.6202
    7.50   30.04   0.7369  1.3075  2.0981  2.3444  2.6101  2.6148  2.5598  2.4505  2.2744  2.1769  2.6202
    7.50   30.07   0.7369  1.3075  2.0981  2.3444  2.6101  2.6148  2.5598  2.4505  2.2744  2.1769  2.6202
    7.50   30.10   0.7369  1.3075  2.0981  2.3444  2.6101  2.6148  2.5598  2.4505  2.2744  2.1769  2.6202
    7.50   30.17   0.7369  1.3075  2.0981  2.3444  2.6101  2.6148  2.5598  2.4505  2.2744  2.1769  2.6202
    7.50   30.26   0.7369  1.3075  2.0981  2.3444  2.6101  2.6148  2.5598  2.4505  2.2744  2.1769  2.6202
    7.50   30.42   0.7369  1.3075  2.0981  2.3444  2.6101  2.6148  2.5598  2.4505  2.2744  2.1769  2.6202
    7.50   30.66   0.7369  1.3075  2.0981  2.3444  2.6101  2.6148  2.5598  2.4505  2.2744  2.1769  2.6202
    7.50   31.03   0.7369  1.3075  2.0981  2.3444  2.6101  2.6148  2.5598  2.4505  2.2744  2.1769  2.6202
    7.50   31.62   0.7369  1.3075  2.0981  2.3444  2.6101  2.6148  2.5598  2.4505  2.2744  2.1769  2.6202
    7.50   32.53   0.7369  1.3075  2.0981  2.3444  2.6101  2.6148  2.5598  2.4505  2.2744  2.1769  2.6202
    7.50   33.93   0.7369  1.3075  2.0981  2.3444  2.6101  2.6148  2.5598  2.4505  2.2744  2.1769  2.6202
    7.50   36.03   0.7369  1.3075  2.0981  2.3444  2.6101  2.6148  2.5598  2.4505  2.2744  2.1769  2.6202
    7.50   39.13   0.7369  1.3075  2.0981  2.3444  2.6101  2.6148  2.5598  2.4505  2.2744  2.1769  2.6202
    7.50   43.59   0.7489  1.3075  2.0977  2.3442  2.6099  2.6145  2.5596  2.4502  2.2742  2.1766  2.6200
    7.50   49.85   0.7739  1.2989  2.0877  2.3322  2.5972  2.6024  2.5480  2.4381  2.2609  2.1638  2.6074
    7.50   58.41   0.7692  1.2734  2.0569  2.2956  2.5586  2.5652  2.5125  2.4009  2.2206  2.1243  2.5691
    7.50   69.87   0.7338  1.2245  1.9985  2.2259  2.4853  2.4948  2.4453  2.3306  2.1441  2.0497  2.4963
    7.50   84.91   0.6705  1.1492  1.9094  2.1194  2.3727  2.3843  2.3389  2.2182  2.0228  1.9332  2.3852
    7.50  104.40   0.5805  1.0492  1.7938  1.9807  2.2252  2.2370  2.1947  2.0651  1.8597  1.7773  2.2403
    7.50  129.42   0.4686  0.9282  1.6573  1.8173  2.0487  2.0576  2.0143  1.8714  1.6588  1.5864  2.0666
    7.50  161.30   0.3397  0.7907  1.5047  1.6364  1.8500  1.8495  1.8009  1.6400  1.4241  1.3658  1.8696
    7.50  201.77   0.1968  0.6389  1.3403  1.4423  1.6325  1.6147  1.5557  1.3709  1.1556  1.1166  1.6531
    7.50  252.98   0.0391  0.4732  1.1649  1.2356  1.3963  1.3523  1.2750  1.0593  0.8516  0.8369  1.4180
    7.50  317.65  -0.1348  0.2924  0.9775  1.0152  1.1393  1.0583  0.9530  0.6990  0.5060  0.5226  1.1621
    7.50  399.24  -0.3258  0.0942  0.7760  0.7792  0.8583  0.7259  0.5820  0.2793  0.1104  0.1662  0.8772
    7.50  502.09  -0.5386 -0.1261  0.5559  0.5234  0.5466  0.3446  0.1495 -0.2141 -0.3466 -0.2420  0.5570
    7.50  631.67  -0.7790 -0.3738  0.3134  0.2436  0.1962 -0.0962 -0.3604 -0.7999 -0.8821 -0.7157  0.2043
    7.50  794.90  -1.0531 -0.6554  0.0427 -0.0677 -0.2033 -0.6128 -0.9659 -1.5002 -1.5150 -1.2709 -0.1950
    7.75   30.02   0.9404  1.4789  2.2649  2.5025  2.7650  2.7702  2.7102  2.5939  2.4204  2.3162  2.8487
    7.75   30.03   0.9404  1.4789  2.2649  2.5025  2.7650  2.7702  2.7102  2.5939  2.4204  2.3162  2.8487
    7.75   30.04   0.9404  1.4789  2.2649  2.5025  2.7650  2.7702  2.7102  2.5939  2.4204  2.3162  2.8487
    7.75   30.07   0.9404  1.4789  2.2649  2.5025  2.7650  2.7702  2.7102  2.5939  2.4204  2.3162  2.8487
    7.75   30.10   0.9404  1.4789  2.2649  2.5025  2.7650  2.7702  2.7102  2.5939  2.4204  2.3162  2.8487
    7.75   30.17   0.9404  1.4789  2.2649  2.5025  2.7650  2.7702  2.7102  2.5939  2.4204  2.3162  2.8487
    7.75   30.26   0.9404  1.4789  2.2649  2.5025  2.7650  2.7702  2.7102  2.5939  2.4204  2.3162  2.8487
    7.75   30.42   0.9404  1.4789  2.2649  2.5025  2.7650  2.7702  2.7102  2.5939  2.4204  2.3162  2.8487
    7.75   30.66   0.9404  1.4789  2.2649  2.5025  2.7650  2.7702  2.7102  2.5939  2.4204  2.3162  2.8487
    7.75   31.03   0.9404  1.4789  2.2649  2.5025  2.7650  2.7702  2.7102  2.5939  2.4204  2.3162  2.8487
    7.75   31.62   0.9404  1.4789  2.2649  2.5025  2.7650  2.7702  2.7102  2.5939  2.4204  2.3162  2.8487
    7.75   32.53   0.9404  1.4789  2.2649  2.5025  2.7650  2.7702  2.7102  2.5939  2.4204  2.3162  2.8487
    7.75   33.93   0.9404  1.4789  2.2649  2.5025  2.7650  2.7702  2.7102  2.5939  2.4204  2.3162  2.8487
    7.75   36.03   0.9404  1.4789  2.2649  2.5025  2.7650  2.7702  2.7102  2.5939  2.4204  2.3162  2.8487
    7.75   39.13   0.9404  1.4789  2.2649  2.5025  2.7650  2.7702  2.7102  2.5939  2.4204  2.3162  2.8487
    7.75   43.59   0.9404  1.4789  2.2649  2.5025  2.7650  2.7702  2.7102  2.5939  2.4204  2.3162  2.8487
    7.75   49.85   0.9404  1.4789  2.2649  2.5024  2.7650  2.7702  2.7102  2.5938  2.4202  2.3162  2.8486
    7.75   58.41   0.9572  1.4680  2.2516  2.4864  2.7482  2.7541  2.6951  2.5781  2.4030  2.2994  2.8323
    7.75   69.87   0.9377  1.4327  2.2081  2.4350  2.6940  2.7022  2.6460  2.5269  2.3467  2.2445  2.7788
    7.75   84.91   0.8826  1.3679  2.1292  2.3407  2.5948  2.6067  2.5555  2.4323  2.2428  2.1441  2.6813
    7.75  104.40   0.7942  1.2731  2.0161  2.2053  2.4511  2.4657  2.4198  2.2890  2.0885  1.9960  2.5416
    7.75  129.42   0.6816  1.1533  1.8772  2.0399  2.2732  2.2862  2.2428  2.1005  1.8892  1.8065  2.3668
    7.75  161.30   0.5485  1.0149  1.7208  1.8539  2.0703  2.0758  2.0292  1.8699  1.6529  1.5834  2.1667
    7.75  201.77   0.4001  0.8614  1.5521  1.6542  1.8474  1.8375  1.7823  1.6000  1.3820  1.3308  1.9452
    7.75  252.98   0.2375  0.6938  1.3725  1.4428  1.6068  1.5716  1.4995  1.2876  1.0750  1.0482  1.7075
    7.75  317.65   0.0600  0.5114  1.1816  1.2186  1.3461  1.2744  1.1760  0.9260  0.7268  0.7311  1.4493
    7.75  399.24  -0.1359  0.3115  0.9772  0.9793  1.0617  0.9393  0.8033  0.5052  0.3290  0.3722  1.1637
    7.75  502.09  -0.3526  0.0899  0.7552  0.7211  0.7474  0.5564  0.3692  0.0109 -0.1302 -0.0380  0.8427
    7.75  631.67  -0.5962 -0.1586  0.5111  0.4393  0.3951  0.1136 -0.1413 -0.5751 -0.6670 -0.5131  0.4875
    7.75  794.90  -0.8743 -0.4413  0.2390  0.1263 -0.0057 -0.4041 -0.7475 -1.2758 -1.3010 -1.0697  0.0866
    8.00   30.02   0.9670  1.4789  2.2649  2.5025  2.7650  2.7702  2.7102  2.5939  2.4204  2.3162  2.8487
    8.00   30.03   0.9670  1.4789  2.2649  2.5025  2.7650  2.7702  2.7102  2.5939  2.4204  2.3162  2.8487
    8.00   30.04   0.9670  1.4789  2.2649  2.5025  2.7650  2.7702  2.7102  2.5939  2.4204  2.3162  2.8487
    8.00   30.07   0.9670  1.4789  2.2649  2.5025  2.7650  2.7702  2.7102  2.5939  2.4204  2.3162  2.8487
    8.00   30.10   0.9670  1.4789  2.2649  2.5025  2.7650  2.7702  2.7102  2.5939  2.4204  2.3162  2.8487
    8.00   30.17   0.9670  1.4789  2.2649  2.5025  2.7650  2.7702  2.7102  2.5939  2.4204  2.3162  2.8487
    8.00   30.26   0.9670  1.4789  2.2649  2.5025  2.7650  2.7702  2.7102  2.5939  2.4204  2.3162  2.8487
    8.00   30.42   0.9670  1.4789  2.2649  2.5025  2.7650  2.7702  2.7102  2.5939  2.4204  2.3162  2.8487
    8.00   30.66   0.9670  1.4789  2.2649  2.5025  2.7650  2.7702  2.7102  2.5939  2.4204  2.3162  2.8487
    8.00   31.03   0.9670  1.4789  2.2649  2.5025  2.7650  2.7702  2.7102  2.5939  2.4204  2.3162  2.8487
    8.00   31.62   0.9670  1.4789  2.2649  2.5025  2.7650  2.7702  2.7102  2.5939  2.4204  2.3162  2.8487
    8.00   32.53   0.9670  1.4789  2.2649  2.5025  2.7650  2.7702  2.7102  2.5939  2.4204  2.3162  2.8487
    8.00   33.93   0.9670  1.4789  2.2649  2.5025  2.7650  2.7702  2.7102  2.5939  2.4204  2.3162  2.8487
    8.00   36.03   0.9670  1.4789  2.2649  2.5025  2.7650  2.7702  2.7102  2.5939  2.4204  2.3162  2.8487
    8.00   39.13   0.9670  1.4789  2.2649  2.5025  2.7650  2.7702  2.7102  2.5939  2.4204  2.3162  2.8487
    8.00   43.59   0.9670  1.4789  2.2649  2.5025  2.7650  2.7702  2.7102  2.5939  2.4204  2.3162  2.8487
    8.00   49.85   0.9670  1.4789  2.2649  2.5024  2.7650  2.7702  2.7102  2.5938  2.4202  2.3162  2.8486
    8.00   58.41   0.9560  1.4680  2.2516  2.4864  2.7482  2.7541  2.6951  2.5781  2.4030  2.2994  2.8323
    8.00   69.87   0.9321  1.4327  2.2081  2.4350  2.6940  2.7022  2.6460  2.5269  2.3467  2.2445  2.7788
    8.00   84.91   0.8741  1.3679  2.1292  2.3407  2.5948  2.6067  2.5555  2.4323  2.2428  2.1441  2.6813
    8.00  104.40   0.7837  1.2731  2.0161  2.2053  2.4511  2.4657  2.4198  2.2890  2.0885  1.9960  2.5416
    8.00  129.42   0.6679  1.1533  1.8772  2.0399  2.2732  2.2862  2.2428  2.1005  1.8892  1.8065  2.3668
    8.00  161.30   0.5315  1.0149  1.7208  1.8539  2.0703  2.0758  2.0292  1.8699  1.6529  1.5834  2.1667
    8.00  201.77   0.3776  0.8614  1.5521  1.6542  1.8474  1.8375  1.7823  1.6000  1.3820  1.3308  1.9452
    8.00  252.98   0.2129  0.6938  1.3725  1.4428  1.6068  1.5716  1.4995  1.2876  1.0750  1.0482  1.7075
    8.00  317.65   0.0310  0.5114  1.1816  1.2186  1.3461  1.2744  1.1760  0.9260  0.7268  0.7311  1.4493
    8.00  399.24  -0.1673  0.3115  0.9772  0.9793  1.0617  0.9393  0.8033  0.5052  0.3290  0.3722  1.1637
    8.00  502.09  -0.3872  0.0899  0.7552  0.7211  0.7474  0.5564  0.3692  0.0109 -0.1302 -0.0380  0.8427
    8.00  631.67  -0.6339 -0.1586  0.5111  0.4393  0.3951  0.1136 -0.1413 -0.5751 -0.6670 -0.5131  0.4875
    8.00  794.90  -0.9154 -0.4413  0.2390  0.1263 -0.0057 -0.4041 -0.7475 -1.2758 -1.3010 -1.0697  0.0866
