Western North America high inslab ground motion CLASS C, distance is Rhypo (depth 50 km). 5s values increased by 10%. PGA is period 0.02, PGV 0.01. Log10 hazard values in cgs units. Original file GMPEt_WInslab_med.dat,provided by G Atkinson 2013041
      15      30      11        : nmag, ndist, nperiod
                      10       5       2       1     0.5  0.3003     0.2     0.1    0.05    0.02    0.01
                    0.62    0.62    0.62    0.62    0.58    0.54    0.53    0.53    0.53    0.53    0.62
    4.50   50.01  -1.9253 -0.5717  0.2035  0.7728  1.5032  1.7759  1.8580  1.8367  1.6609  1.4941  1.1707
    4.50   50.02  -1.9253 -0.5717  0.2035  0.7728  1.5032  1.7759  1.8580  1.8367  1.6609  1.4941  1.1707
    4.50   50.02  -1.9225 -0.5717  0.2035  0.7728  1.5032  1.7759  1.8580  1.8367  1.6609  1.4941  1.1707
    4.50   50.04  -1.9118 -0.5717  0.2035  0.7728  1.5032  1.7759  1.8580  1.8367  1.6609  1.4941  1.1707
    4.50   50.06  -1.9014 -0.5717  0.2031  0.7728  1.5032  1.7759  1.8580  1.8366  1.6607  1.4937  1.1707
    4.50   50.10  -1.8747 -0.5722  0.2031  0.7725  1.5030  1.7757  1.8577  1.8364  1.6604  1.4936  1.1703
    4.50   50.16  -1.8498 -0.5724  0.2027  0.7720  1.5023  1.7750  1.8573  1.8358  1.6600  1.4930  1.1699
    4.50   50.25  -1.8259 -0.5732  0.2019  0.7711  1.5013  1.7741  1.8563  1.8348  1.6590  1.4920  1.1691
    4.50   50.40  -1.7940 -0.5741  0.2007  0.7695  1.4998  1.7726  1.8547  1.8330  1.6571  1.4902  1.1671
    4.50   50.63  -1.7579 -0.5763  0.1983  0.7670  1.4968  1.7697  1.8519  1.8300  1.6539  1.4874  1.1643
    4.50   50.99  -1.7236 -0.5795  0.1951  0.7627  1.4922  1.7651  1.8472  1.8252  1.6489  1.4825  1.1595
    4.50   51.56  -1.6888 -0.5849  0.1889  0.7558  1.4849  1.7577  1.8399  1.8173  1.6407  1.4746  1.1518
    4.50   52.45  -1.6567 -0.5934  0.1798  0.7446  1.4731  1.7459  1.8281  1.8049  1.6276  1.4621  1.1392
    4.50   53.83  -1.6290 -0.6064  0.1656  0.7275  1.4547  1.7276  1.8097  1.7853  1.6072  1.4427  1.1199
    4.50   55.96  -1.6072 -0.6264  0.1439  0.7015  1.4267  1.6997  1.7820  1.7557  1.5764  1.4129  1.0907
    4.50   59.16  -1.5958 -0.6556  0.1121  0.6634  1.3856  1.6589  1.7412  1.7123  1.5311  1.3695  1.0478
    4.50   63.91  -1.5941 -0.6968  0.0674  0.6097  1.3279  1.6017  1.6839  1.6515  1.4677  1.3087  0.9875
    4.50   70.80  -1.6095 -0.7535  0.0060  0.5362  1.2493  1.5218  1.6035  1.5649  1.3788  1.2239  0.9049
    4.50   80.51  -1.6411 -0.8251 -0.0718  0.4433  1.1497  1.4204  1.5016  1.4552  1.2663  1.1163  0.8002
    4.50   93.86  -1.6888 -0.9142 -0.1678  0.3287  1.0255  1.2928  1.3708  1.3129  1.1225  0.9808  0.6720
    4.50  111.80  -1.7506 -1.0182 -0.2790  0.1959  0.8804  1.1418  1.2150  1.1433  0.9518  0.8204  0.5227
    4.50  135.46  -1.8283 -1.1361 -0.4041  0.0470  0.7154  0.9671  1.0332  0.9443  0.7532  0.6348  0.3539
    4.50  166.19  -1.9180 -1.2673 -0.5423 -0.1172  0.5317  0.7687  0.8240  0.7138  0.5261  0.4229  0.1659
    4.50  205.70  -2.0206 -1.4121 -0.6925 -0.2955  0.3295  0.5453  0.5840  0.4471  0.2674  0.1842 -0.0447
    4.50  256.12  -2.1389 -1.5708 -0.8560 -0.4877  0.1072  0.2934  0.3087  0.1397 -0.0280 -0.0849 -0.2842
    4.50  320.16  -2.2714 -1.7452 -1.0337 -0.6958 -0.1380  0.0078 -0.0075 -0.2168 -0.3646 -0.3901 -0.5433
    4.50  401.24  -2.4253 -1.9391 -1.2270 -0.9215 -0.4094 -0.3168 -0.3738 -0.6335 -0.7527 -0.7383 -0.8353
    4.50  503.68  -2.5996 -2.1554 -1.4401 -1.1693 -0.7138 -0.6918 -0.8025 -1.1236 -1.2050 -1.1403 -1.1722
    4.50  632.94  -2.8024 -2.3992 -1.6770 -1.4429 -1.0580 -1.1278 -1.3080 -1.7058 -1.7353 -1.6091 -1.5164
    4.50  795.90  -3.0401 -2.6780 -1.9431 -1.7490 -1.4516 -1.6387 -1.9109 -2.4031 -2.3642 -2.1589 -1.9101
    4.75   50.01  -1.6471 -0.3860  0.4024  0.9323  1.6112  1.8563  1.9266  1.8946  1.7194  1.5660  1.2727
    4.75   50.02  -1.6471 -0.3860  0.4024  0.9323  1.6112  1.8563  1.9266  1.8946  1.7194  1.5660  1.2727
    4.75   50.02  -1.6471 -0.3860  0.4024  0.9323  1.6112  1.8563  1.9266  1.8946  1.7194  1.5660  1.2727
    4.75   50.04  -1.6382 -0.3860  0.4024  0.9323  1.6112  1.8563  1.9266  1.8946  1.7194  1.5660  1.2727
    4.75   50.06  -1.6269 -0.3860  0.4024  0.9323  1.6112  1.8563  1.9266  1.8946  1.7194  1.5660  1.2727
    4.75   50.10  -1.6048 -0.3860  0.4021  0.9322  1.6111  1.8563  1.9264  1.8946  1.7192  1.5657  1.2727
    4.75   50.16  -1.5797 -0.3863  0.4019  0.9318  1.6106  1.8559  1.9260  1.8940  1.7188  1.5653  1.2721
    4.75   50.25  -1.5560 -0.3868  0.4014  0.9310  1.6099  1.8550  1.9252  1.8932  1.7178  1.5644  1.2714
    4.75   50.40  -1.5275 -0.3880  0.4001  0.9296  1.6083  1.8536  1.9237  1.8917  1.7162  1.5630  1.2699
    4.75   50.63  -1.4927 -0.3898  0.3981  0.9272  1.6056  1.8510  1.9212  1.8889  1.7134  1.5601  1.2670
    4.75   50.99  -1.4602 -0.3929  0.3948  0.9231  1.6013  1.8467  1.9169  1.8843  1.7086  1.5556  1.2626
    4.75   51.56  -1.4273 -0.3979  0.3891  0.9164  1.5941  1.8396  1.9098  1.8768  1.7006  1.5481  1.2549
    4.75   52.45  -1.3972 -0.4062  0.3801  0.9056  1.5828  1.8281  1.8984  1.8646  1.6880  1.5359  1.2430
    4.75   53.83  -1.3711 -0.4191  0.3661  0.8887  1.5647  1.8104  1.8805  1.8455  1.6682  1.5168  1.2243
    4.75   55.96  -1.3520 -0.4386  0.3448  0.8629  1.5371  1.7830  1.8532  1.8164  1.6379  1.4880  1.1955
    4.75   59.16  -1.3439 -0.4677  0.3132  0.8250  1.4966  1.7429  1.8130  1.7736  1.5934  1.4451  1.1534
    4.75   63.91  -1.3448 -0.5086  0.2689  0.7714  1.4394  1.6862  1.7564  1.7130  1.5303  1.3846  1.0936
    4.75   70.80  -1.3622 -0.5648  0.2075  0.6984  1.3607  1.6065  1.6765  1.6270  1.4417  1.3004  1.0118
    4.75   80.51  -1.3959 -0.6363  0.1296  0.6057  1.2612  1.5053  1.5747  1.5175  1.3292  1.1930  0.9078
    4.75   93.86  -1.4456 -0.7253  0.0339  0.4911  1.1373  1.3781  1.4444  1.3760  1.1859  1.0575  0.7800
    4.75  111.80  -1.5116 -0.8295 -0.0774  0.3582  0.9922  1.2268  1.2884  1.2064  1.0150  0.8970  0.6308
    4.75  135.46  -1.5919 -0.9473 -0.2029  0.2089  0.8269  1.0522  1.1062  1.0074  0.8163  0.7112  0.4624
    4.75  166.19  -1.6850 -1.0788 -0.3411  0.0447  0.6429  0.8537  0.8970  0.7766  0.5891  0.4996  0.2752
    4.75  205.70  -1.7917 -1.2237 -0.4917 -0.1338  0.4407  0.6303  0.6568  0.5102  0.3306  0.2605  0.0650
    4.75  256.12  -1.9096 -1.3822 -0.6552 -0.3263  0.2185  0.3783  0.3819  0.2027  0.0353 -0.0088 -0.1728
    4.75  320.16  -2.0472 -1.5569 -0.8330 -0.5345 -0.0270  0.0926  0.0660 -0.1534 -0.3015 -0.3138 -0.4307
    4.75  401.24  -2.2019 -1.7506 -1.0266 -0.7604 -0.2985 -0.2323 -0.3003 -0.5696 -0.6900 -0.6626 -0.7218
    4.75  503.68  -2.3803 -1.9670 -1.2398 -1.0084 -0.6031 -0.6073 -0.7290 -1.0601 -1.1422 -1.0646 -1.0575
    4.75  632.94  -2.5851 -2.2108 -1.4767 -1.2816 -0.9469 -1.0433 -1.2348 -1.6425 -1.6725 -1.5330 -1.4015
    4.75  795.90  -2.8263 -2.4901 -1.7429 -1.5878 -1.3414 -1.5550 -1.8383 -2.3411 -2.3022 -2.0842 -1.7953
    5.00   50.01  -1.3733 -0.1999  0.6013  1.0918  1.7193  1.9369  1.9950  1.9527  1.7778  1.6379  1.3748
    5.00   50.02  -1.3733 -0.1999  0.6013  1.0918  1.7193  1.9369  1.9950  1.9527  1.7778  1.6379  1.3748
    5.00   50.02  -1.3733 -0.1999  0.6013  1.0918  1.7193  1.9369  1.9950  1.9527  1.7778  1.6379  1.3748
    5.00   50.04  -1.3724 -0.1999  0.6013  1.0918  1.7193  1.9369  1.9950  1.9527  1.7778  1.6379  1.3748
    5.00   50.06  -1.3591 -0.1999  0.6013  1.0918  1.7193  1.9369  1.9950  1.9527  1.7778  1.6379  1.3748
    5.00   50.10  -1.3428 -0.1999  0.6013  1.0918  1.7193  1.9369  1.9950  1.9527  1.7778  1.6379  1.3748
    5.00   50.16  -1.3163 -0.2001  0.6011  1.0916  1.7189  1.9366  1.9948  1.9523  1.7776  1.6376  1.3746
    5.00   50.25  -1.2920 -0.2005  0.6007  1.0909  1.7182  1.9360  1.9942  1.9517  1.7768  1.6370  1.3739
    5.00   50.40  -1.2664 -0.2014  0.5995  1.0897  1.7169  1.9347  1.9929  1.9503  1.7755  1.6355  1.3724
    5.00   50.63  -1.2332 -0.2031  0.5978  1.0875  1.7146  1.9324  1.9906  1.9479  1.7728  1.6332  1.3701
    5.00   50.99  -1.2023 -0.2060  0.5947  1.0837  1.7105  1.9285  1.9865  1.9436  1.7684  1.6289  1.3659
    5.00   51.56  -1.1719 -0.2108  0.5893  1.0773  1.7039  1.9218  1.9798  1.9365  1.7610  1.6218  1.3588
    5.00   52.45  -1.1435 -0.2187  0.5807  1.0669  1.6928  1.9108  1.9690  1.9248  1.7489  1.6102  1.3474
    5.00   53.83  -1.1196 -0.2314  0.5672  1.0504  1.6752  1.8936  1.9517  1.9063  1.7297  1.5917  1.3292
    5.00   55.96  -1.1037 -0.2505  0.5461  1.0251  1.6484  1.8669  1.9251  1.8778  1.7002  1.5634  1.3010
    5.00   59.16  -1.0960 -0.2792  0.5150  0.9874  1.6084  1.8274  1.8856  1.8355  1.6563  1.5214  1.2594
    5.00   63.91  -1.1001 -0.3199  0.4706  0.9340  1.5517  1.7715  1.8296  1.7756  1.5939  1.4618  1.2003
    5.00   70.80  -1.1225 -0.3758  0.4096  0.8614  1.4735  1.6924  1.7502  1.6902  1.5058  1.3779  1.1195
    5.00   80.51  -1.1553 -0.4470  0.3316  0.7689  1.3737  1.5915  1.6488  1.5808  1.3932  1.2707  1.0164
    5.00   93.86  -1.2079 -0.5363  0.2361  0.6546  1.2497  1.4638  1.5186  1.4398  1.2504  1.1352  0.8887
    5.00  111.80  -1.2779 -0.6402  0.1248  0.5212  1.1046  1.3127  1.3629  1.2704  1.0793  0.9744  0.7396
    5.00  135.46  -1.3587 -0.7583 -0.0009  0.3712  0.9391  1.1382  1.1807  1.0714  0.8802  0.7886  0.5714
    5.00  166.19  -1.4539 -0.8898 -0.1396  0.2074  0.7548  0.9394  0.9709  0.8404  0.6527  0.5767  0.3853
    5.00  205.70  -1.5633 -1.0349 -0.2903  0.0284  0.5520  0.7162  0.7305  0.5741  0.3944  0.3379  0.1754
    5.00  256.12  -1.6891 -1.1932 -0.4542 -0.1645  0.3301  0.4642  0.4558  0.2664  0.0994  0.0680 -0.0609
    5.00  320.16  -1.8271 -1.3684 -0.6322 -0.3728  0.0844  0.1781  0.1401 -0.0895 -0.2378 -0.2367 -0.3175
    5.00  401.24  -1.9835 -1.5620 -0.8257 -0.5989 -0.1872 -0.1471 -0.2264 -0.5055 -0.6269 -0.5865 -0.6080
    5.00  503.68  -2.1661 -1.7786 -1.0393 -0.8471 -0.4920 -0.5225 -0.6552 -0.9959 -1.0787 -0.9886 -0.9425
    5.00  632.94  -2.3742 -2.0225 -1.2764 -1.1200 -0.8358 -0.9587 -1.1613 -1.5785 -1.6095 -1.4567 -1.2861
    5.00  795.90  -2.6175 -2.3019 -1.5428 -1.4264 -1.2307 -1.4706 -1.7649 -2.2782 -2.2394 -2.0086 -1.6804
    5.25   50.01  -1.1019 -0.0129  0.7968  1.2534  1.8382  2.0334  2.0815  2.0306  1.8553  1.7258  1.4947
    5.25   50.02  -1.1019 -0.0129  0.7968  1.2534  1.8382  2.0334  2.0815  2.0306  1.8553  1.7258  1.4947
    5.25   50.02  -1.1019 -0.0129  0.7968  1.2534  1.8382  2.0334  2.0815  2.0306  1.8553  1.7258  1.4947
    5.25   50.04  -1.1019 -0.0129  0.7968  1.2534  1.8382  2.0334  2.0815  2.0306  1.8553  1.7258  1.4947
    5.25   50.06  -1.0978 -0.0129  0.7968  1.2534  1.8382  2.0334  2.0815  2.0306  1.8553  1.7258  1.4947
    5.25   50.10  -1.0849 -0.0129  0.7968  1.2534  1.8382  2.0334  2.0815  2.0306  1.8553  1.7258  1.4947
    5.25   50.16  -1.0607 -0.0129  0.7968  1.2534  1.8382  2.0334  2.0815  2.0306  1.8553  1.7258  1.4947
    5.25   50.25  -1.0352 -0.0132  0.7965  1.2527  1.8377  2.0330  2.0811  2.0301  1.8548  1.7254  1.4943
    5.25   50.40  -1.0120 -0.0140  0.7957  1.2520  1.8367  2.0320  2.0803  2.0291  1.8537  1.7244  1.4932
    5.25   50.63  -0.9801 -0.0153  0.7941  1.2499  1.8347  2.0299  2.0781  2.0270  1.8515  1.7223  1.4911
    5.25   50.99  -0.9503 -0.0180  0.7913  1.2467  1.8311  2.0263  2.0747  2.0231  1.8475  1.7184  1.4874
    5.25   51.56  -0.9219 -0.0224  0.7864  1.2406  1.8247  2.0202  2.0684  2.0166  1.8407  1.7118  1.4809
    5.25   52.45  -0.8951 -0.0299  0.7782  1.2308  1.8144  2.0099  2.0581  2.0056  1.8293  1.7009  1.4701
    5.25   53.83  -0.8726 -0.0419  0.7651  1.2151  1.7975  1.9933  2.0415  1.9878  1.8108  1.6831  1.4526
    5.25   55.96  -0.8575 -0.0605  0.7447  1.1907  1.7713  1.9673  2.0157  1.9602  1.7821  1.6557  1.4254
    5.25   59.16  -0.8511 -0.0885  0.7141  1.1537  1.7321  1.9285  1.9771  1.9187  1.7392  1.6142  1.3846
    5.25   63.91  -0.8572 -0.1284  0.6704  1.1010  1.6760  1.8732  1.9218  1.8597  1.6776  1.5553  1.3265
    5.25   70.80  -0.8798 -0.1840  0.6097  1.0287  1.5983  1.7949  1.8433  1.7752  1.5907  1.4723  1.2464
    5.25   80.51  -0.9185 -0.2553  0.5316  0.9361  1.4989  1.6943  1.7423  1.6663  1.4785  1.3654  1.1439
    5.25   93.86  -0.9738 -0.3441  0.4363  0.8216  1.3749  1.5672  1.6126  1.5261  1.3353  1.2301  1.0173
    5.25  111.80  -1.0450 -0.4479  0.3248  0.6881  1.2291  1.4162  1.4571  1.3573  1.1646  1.0695  0.8689
    5.25  135.46  -1.1296 -0.5660  0.1987  0.5381  1.0638  1.2411  1.2751  1.1580  0.9659  0.8833  0.7005
    5.25  166.19  -1.2285 -0.6978  0.0596  0.3733  0.8794  1.0425  1.0653  0.9272  0.7384  0.6717  0.5141
    5.25  205.70  -1.3409 -0.8431 -0.0914  0.1943  0.6764  0.8189  0.8249  0.6611  0.4796  0.4325  0.3051
    5.25  256.12  -1.4664 -1.0017 -0.2551  0.0010  0.4538  0.5664  0.5504  0.3536  0.1843  0.1624  0.0706
    5.25  320.16  -1.6090 -1.1772 -0.4335 -0.2077  0.2079  0.2810  0.2345 -0.0027 -0.1531 -0.1426 -0.1854
    5.25  401.24  -1.7689 -1.3703 -0.6273 -0.4342 -0.0639 -0.0448 -0.1323 -0.4188 -0.5417 -0.4920 -0.4740
    5.25  503.68  -1.9538 -1.5871 -0.8410 -0.6820 -0.3686 -0.4200 -0.5611 -0.9101 -0.9940 -0.8946 -0.8071
    5.25  632.94  -2.1655 -1.8313 -1.0783 -0.9558 -0.7128 -0.8566 -1.0675 -1.4930 -1.5251 -1.3630 -1.1510
    5.25  795.90  -2.4128 -2.1108 -1.3448 -1.2618 -1.1079 -1.3688 -1.6714 -2.1921 -2.1551 -1.9149 -1.5454
    5.50   50.01  -0.8354  0.1741  0.9924  1.4148  1.9571  2.1298  2.1680  2.1084  1.9328  1.8139  1.6147
    5.50   50.02  -0.8354  0.1741  0.9924  1.4148  1.9571  2.1298  2.1680  2.1084  1.9328  1.8139  1.6147
    5.50   50.02  -0.8354  0.1741  0.9924  1.4148  1.9571  2.1298  2.1680  2.1084  1.9328  1.8139  1.6147
    5.50   50.04  -0.8354  0.1741  0.9924  1.4148  1.9571  2.1298  2.1680  2.1084  1.9328  1.8139  1.6147
    5.50   50.06  -0.8354  0.1741  0.9924  1.4148  1.9571  2.1298  2.1680  2.1084  1.9328  1.8139  1.6147
    5.50   50.10  -0.8300  0.1741  0.9924  1.4148  1.9571  2.1298  2.1680  2.1084  1.9328  1.8139  1.6147
    5.50   50.16  -0.8158  0.1741  0.9924  1.4148  1.9571  2.1298  2.1680  2.1084  1.9328  1.8139  1.6147
    5.50   50.25  -0.7872  0.1741  0.9923  1.4148  1.9571  2.1298  2.1680  2.1084  1.9328  1.8138  1.6147
    5.50   50.40  -0.7635  0.1736  0.9918  1.4141  1.9564  2.1290  2.1673  2.1081  1.9321  1.8130  1.6140
    5.50   50.63  -0.7347  0.1723  0.9906  1.4126  1.9548  2.1278  2.1659  2.1061  1.9303  1.8115  1.6124
    5.50   50.99  -0.7049  0.1703  0.9881  1.4097  1.9517  2.1245  2.1628  2.1030  1.9269  1.8082  1.6091
    5.50   51.56  -0.6776  0.1663  0.9837  1.4046  1.9461  2.1191  2.1571  2.0971  1.9208  1.8023  1.6033
    5.50   52.45  -0.6517  0.1594  0.9762  1.3953  1.9365  2.1095  2.1478  2.0867  1.9102  1.7921  1.5933
    5.50   53.83  -0.6319  0.1481  0.9638  1.3805  1.9205  2.0937  2.1322  2.0702  1.8928  1.7753  1.5768
    5.50   55.96  -0.6160  0.1302  0.9441  1.3569  1.8953  2.0688  2.1074  2.0436  1.8651  1.7487  1.5507
    5.50   59.16  -0.6122  0.1030  0.9143  1.3210  1.8570  2.0308  2.0696  2.0033  1.8234  1.7084  1.5110
    5.50   63.91  -0.6185  0.0639  0.8712  1.2692  1.8017  1.9763  2.0153  1.9451  1.7629  1.6502  1.4538
    5.50   70.80  -0.6430  0.0088  0.8108  1.1975  1.7247  1.8988  1.9379  1.8618  1.6770  1.5681  1.3746
    5.50   80.51  -0.6835 -0.0626  0.7328  1.1048  1.6254  1.7983  1.8375  1.7535  1.5651  1.4612  1.2724
    5.50   93.86  -0.7421 -0.1509  0.6374  0.9900  1.5013  1.6717  1.7082  1.6139  1.4222  1.3269  1.1472
    5.50  111.80  -0.8150 -0.2549  0.5257  0.8563  1.3555  1.5208  1.5530  1.4455  1.2515  1.1663  0.9997
    5.50  135.46  -0.9033 -0.3730  0.3994  0.7057  1.1899  1.3455  1.3714  1.2464  1.0531  0.9796  0.8310
    5.50  166.19  -1.0055 -0.5047  0.2595  0.5406  1.0052  1.1465  1.1610  1.0156  0.8254  0.7678  0.6441
    5.50  205.70  -1.1215 -0.6507  0.1082  0.3607  0.8015  0.9226  0.9206  0.7494  0.5660  0.5286  0.4354
    5.50  256.12  -1.2492 -0.8095 -0.0555  0.1670  0.5786  0.6697  0.6462  0.4418  0.2704  0.2582  0.2029
    5.50  320.16  -1.3959 -0.9853 -0.2342 -0.0420  0.3323  0.3847  0.3300  0.0855 -0.0675 -0.0474 -0.0524
    5.50  401.24  -1.5597 -1.1785 -0.4284 -0.2690  0.0597  0.0578 -0.0377 -0.3318 -0.4560 -0.3970 -0.3397
    5.50  503.68  -1.7461 -1.3955 -0.6424 -0.5168 -0.2448 -0.3173 -0.4663 -0.8232 -0.9087 -0.8000 -0.6710
    5.50  632.94  -1.9611 -1.6396 -0.8799 -0.7911 -0.5899 -0.7539 -0.9730 -1.4064 -1.4400 -1.2688 -1.0155
    5.50  795.90  -2.2117 -1.9195 -1.1465 -1.0969 -0.9844 -1.2663 -1.5768 -2.1053 -2.0700 -1.8210 -1.4100
    5.75   50.01  -0.5760  0.3615  1.1844  1.5793  2.0862  2.2411  2.2715  2.2052  2.0288  1.9168  1.7522
    5.75   50.02  -0.5760  0.3615  1.1844  1.5793  2.0862  2.2411  2.2715  2.2052  2.0288  1.9168  1.7522
    5.75   50.02  -0.5760  0.3615  1.1844  1.5793  2.0862  2.2411  2.2715  2.2052  2.0288  1.9168  1.7522
    5.75   50.04  -0.5760  0.3615  1.1844  1.5793  2.0862  2.2411  2.2715  2.2052  2.0288  1.9168  1.7522
    5.75   50.06  -0.5760  0.3615  1.1844  1.5793  2.0862  2.2411  2.2715  2.2052  2.0288  1.9168  1.7522
    5.75   50.10  -0.5760  0.3615  1.1844  1.5793  2.0862  2.2411  2.2715  2.2052  2.0288  1.9168  1.7522
    5.75   50.16  -0.5698  0.3615  1.1844  1.5793  2.0862  2.2411  2.2715  2.2052  2.0288  1.9168  1.7522
    5.75   50.25  -0.5499  0.3615  1.1844  1.5793  2.0862  2.2411  2.2715  2.2052  2.0288  1.9168  1.7522
    5.75   50.40  -0.5210  0.3615  1.1844  1.5793  2.0860  2.2405  2.2715  2.2049  2.0287  1.9167  1.7521
    5.75   50.63  -0.4958  0.3609  1.1836  1.5783  2.0851  2.2399  2.2707  2.2040  2.0276  1.9156  1.7510
    5.75   50.99  -0.4646  0.3590  1.1815  1.5759  2.0827  2.2374  2.2682  2.2015  2.0249  1.9131  1.7485
    5.75   51.56  -0.4379  0.3556  1.1777  1.5714  2.0778  2.2326  2.2635  2.1965  2.0198  1.9081  1.7437
    5.75   52.45  -0.4120  0.3496  1.1713  1.5633  2.0692  2.2242  2.2551  2.1876  2.0103  1.8990  1.7349
    5.75   53.83  -0.3917  0.3391  1.1596  1.5495  2.0545  2.2096  2.2407  2.1718  1.9941  1.8835  1.7198
    5.75   55.96  -0.3790  0.3223  1.1409  1.5268  2.0305  2.1860  2.2171  2.1468  1.9680  1.8583  1.6952
    5.75   59.16  -0.3760  0.2961  1.1121  1.4921  1.9936  2.1496  2.1810  2.1081  1.9276  1.8195  1.6574
    5.75   63.91  -0.3859  0.2577  1.0698  1.4412  1.9394  2.0964  2.1284  2.0516  1.8684  1.7624  1.6022
    5.75   70.80  -0.4112  0.2036  1.0105  1.3702  1.8635  2.0203  2.0525  1.9701  1.7841  1.6817  1.5243
    5.75   80.51  -0.4544  0.1330  0.9329  1.2776  1.7644  1.9203  1.9525  1.8625  1.6731  1.5754  1.4226
    5.75   93.86  -0.5139  0.0447  0.8370  1.1632  1.6405  1.7941  1.8239  1.7240  1.5308  1.4412  1.2972
    5.75  111.80  -0.5903 -0.0591  0.7249  1.0289  1.4945  1.6433  1.6691  1.5559  1.3605  1.2808  1.1493
    5.75  135.46  -0.6812 -0.1775  0.5981  0.8781  1.3281  1.4681  1.4879  1.3573  1.1619  1.0941  0.9805
    5.75  166.19  -0.7860 -0.3093  0.4584  0.7121  1.1429  1.2691  1.2780  1.1266  0.9337  0.8820  0.7936
    5.75  205.70  -0.9035 -0.4552  0.3063  0.5315  0.9389  1.0448  1.0373  0.8604  0.6743  0.6422  0.5861
    5.75  256.12  -1.0364 -0.6146  0.1420  0.3377  0.7154  0.7917  0.7623  0.5527  0.3786  0.3715  0.3534
    5.75  320.16  -1.1861 -0.7904 -0.0369  0.1277  0.4684  0.5053  0.4455  0.1955  0.0398  0.0649  0.0991
    5.75  401.24  -1.3516 -0.9841 -0.2315 -0.0992  0.1956  0.1785  0.0777 -0.2217 -0.3491 -0.2848 -0.1877
    5.75  503.68  -1.5419 -1.2008 -0.4458 -0.3474 -0.1094 -0.1965 -0.3512 -0.7127 -0.8021 -0.6880 -0.5172
    5.75  632.94  -1.7600 -1.4459 -0.6835 -0.6219 -0.4542 -0.6335 -0.8581 -1.2964 -1.3334 -1.1571 -0.8629
    5.75  795.90  -2.0121 -1.7253 -0.9504 -0.9285 -0.8491 -1.1461 -1.4617 -1.9950 -1.9636 -1.7092 -1.2570
    6.00   50.01  -0.3192  0.5490  1.3764  1.7437  2.2152  2.3519  2.3749  2.3017  2.1248  2.0198  1.8897
    6.00   50.02  -0.3192  0.5490  1.3764  1.7437  2.2152  2.3519  2.3749  2.3017  2.1248  2.0198  1.8897
    6.00   50.02  -0.3192  0.5490  1.3764  1.7437  2.2152  2.3519  2.3749  2.3017  2.1248  2.0198  1.8897
    6.00   50.04  -0.3192  0.5490  1.3764  1.7437  2.2152  2.3519  2.3749  2.3017  2.1248  2.0198  1.8897
    6.00   50.06  -0.3192  0.5490  1.3764  1.7437  2.2152  2.3519  2.3749  2.3017  2.1248  2.0198  1.8897
    6.00   50.10  -0.3192  0.5490  1.3764  1.7437  2.2152  2.3519  2.3749  2.3017  2.1248  2.0198  1.8897
    6.00   50.16  -0.3192  0.5490  1.3764  1.7437  2.2152  2.3519  2.3749  2.3017  2.1248  2.0198  1.8897
    6.00   50.25  -0.3153  0.5490  1.3764  1.7437  2.2152  2.3519  2.3749  2.3017  2.1248  2.0198  1.8897
    6.00   50.40  -0.2914  0.5490  1.3764  1.7437  2.2152  2.3519  2.3749  2.3017  2.1248  2.0198  1.8897
    6.00   50.63  -0.2609  0.5490  1.3762  1.7436  2.2149  2.3516  2.3749  2.3017  2.1244  2.0196  1.8895
    6.00   50.99  -0.2324  0.5479  1.3751  1.7422  2.2134  2.3502  2.3734  2.2997  2.1229  2.0181  1.8880
    6.00   51.56  -0.2049  0.5452  1.3721  1.7387  2.2098  2.3465  2.3697  2.2959  2.1191  2.0142  1.8843
    6.00   52.45  -0.1803  0.5402  1.3664  1.7318  2.2024  2.3395  2.3629  2.2884  2.1109  2.0065  1.8769
    6.00   53.83  -0.1601  0.5308  1.3562  1.7193  2.1895  2.3266  2.3501  2.2749  2.0966  1.9927  1.8635
    6.00   55.96  -0.1474  0.5152  1.3387  1.6983  2.1670  2.3047  2.3286  2.2517  2.0720  1.9693  1.8411
    6.00   59.16  -0.1458  0.4903  1.3113  1.6649  2.1319  2.2703  2.2942  2.2150  2.0337  1.9321  1.8054
    6.00   63.91  -0.1564  0.4532  1.2699  1.6152  2.0793  2.2186  2.2433  2.1604  1.9762  1.8769  1.7523
    6.00   70.80  -0.1832  0.4003  1.2118  1.5451  2.0047  2.1441  2.1694  2.0810  1.8938  1.7977  1.6762
    6.00   80.51  -0.2272  0.3302  1.1348  1.4529  1.9058  2.0447  2.0699  1.9742  1.7836  1.6920  1.5751
    6.00   93.86  -0.2899  0.2421  1.0386  1.3383  1.7819  1.9188  1.9421  1.8366  1.6423  1.5579  1.4495
    6.00  111.80  -0.3670  0.1381  0.9257  1.2038  1.6355  1.7680  1.7877  1.6690  1.4719  1.3974  1.3013
    6.00  135.46  -0.4625  0.0195  0.7985  1.0521  1.4688  1.5928  1.6067  1.4705  1.2728  1.2111  1.1324
    6.00  166.19  -0.5692 -0.1126  0.6583  0.8851  1.2822  1.3931  1.3967  1.2399  1.0445  0.9984  0.9449
    6.00  205.70  -0.6912 -0.2587  0.5054  0.7036  1.0779  1.1686  1.1560  0.9735  0.7846  0.7576  0.7384
    6.00  256.12  -0.8271 -0.4190  0.3402  0.5092  0.8531  0.9146  0.8793  0.6646  0.4874  0.4859  0.5049
    6.00  320.16  -0.9783 -0.5951  0.1612  0.2985  0.6059  0.6271  0.5623  0.3071  0.1484  0.1787  0.2516
    6.00  401.24  -1.1482 -0.7892 -0.0339  0.0715  0.3326  0.3000  0.1946 -0.1100 -0.2408 -0.1713 -0.0346
    6.00  503.68  -1.3403 -1.0056 -0.2486 -0.1772  0.0270 -0.0749 -0.2348 -0.6011 -0.6945 -0.5751 -0.3627
    6.00  632.94  -1.5617 -1.2514 -0.4866 -0.4522 -0.3178 -0.5123 -0.7418 -1.1850 -1.2255 -1.0444 -0.7093
    6.00  795.90  -1.8166 -1.5305 -0.7536 -0.7594 -0.7128 -1.0250 -1.3454 -1.8835 -1.8563 -1.5959 -1.1034
    6.25   50.01  -0.0714  0.7366  1.5644  1.9088  2.3534  2.4768  2.4940  2.4141  2.2371  2.1359  2.0431
    6.25   50.02  -0.0714  0.7366  1.5644  1.9088  2.3534  2.4768  2.4940  2.4141  2.2371  2.1359  2.0431
    6.25   50.02  -0.0714  0.7366  1.5644  1.9088  2.3534  2.4768  2.4940  2.4141  2.2371  2.1359  2.0431
    6.25   50.04  -0.0714  0.7366  1.5644  1.9088  2.3534  2.4768  2.4940  2.4141  2.2371  2.1359  2.0431
    6.25   50.06  -0.0714  0.7366  1.5644  1.9088  2.3534  2.4768  2.4940  2.4141  2.2371  2.1359  2.0431
    6.25   50.10  -0.0714  0.7366  1.5644  1.9088  2.3534  2.4768  2.4940  2.4141  2.2371  2.1359  2.0431
    6.25   50.16  -0.0714  0.7366  1.5644  1.9088  2.3534  2.4768  2.4940  2.4141  2.2371  2.1359  2.0431
    6.25   50.25  -0.0714  0.7366  1.5644  1.9088  2.3534  2.4768  2.4940  2.4141  2.2371  2.1359  2.0431
    6.25   50.40  -0.0713  0.7366  1.5644  1.9088  2.3534  2.4768  2.4940  2.4141  2.2371  2.1359  2.0431
    6.25   50.63  -0.0426  0.7366  1.5644  1.9088  2.3534  2.4768  2.4940  2.4141  2.2371  2.1359  2.0431
    6.25   50.99  -0.0131  0.7364  1.5640  1.9085  2.3528  2.4766  2.4938  2.4137  2.2368  2.1356  2.0429
    6.25   51.56   0.0188  0.7348  1.5623  1.9064  2.3507  2.4744  2.4915  2.4118  2.2345  2.1333  2.0407
    6.25   52.45   0.0449  0.7309  1.5581  1.9012  2.3454  2.4688  2.4864  2.4060  2.2286  2.1274  2.0351
    6.25   53.83   0.0651  0.7233  1.5494  1.8907  2.3342  2.4583  2.4757  2.3944  2.2164  2.1159  2.0239
    6.25   55.96   0.0781  0.7092  1.5336  1.8719  2.3142  2.4385  2.4565  2.3739  2.1950  2.0949  2.0037
    6.25   59.16   0.0827  0.6862  1.5079  1.8409  2.2816  2.4064  2.4249  2.3400  2.1591  2.0605  1.9706
    6.25   63.91   0.0707  0.6508  1.4684  1.7933  2.2309  2.3572  2.3762  2.2881  2.1042  2.0076  1.9197
    6.25   70.80   0.0438  0.5995  1.4114  1.7248  2.1584  2.2853  2.3054  2.2122  2.0247  1.9310  1.8463
    6.25   80.51  -0.0025  0.5302  1.3349  1.6331  2.0603  2.1871  2.2071  2.1069  1.9152  1.8263  1.7469
    6.25   93.86  -0.0667  0.4429  1.2387  1.5186  1.9368  2.0619  2.0811  1.9711  1.7753  1.6931  1.6220
    6.25  111.80  -0.1485  0.3391  1.1257  1.3836  1.7902  1.9114  1.9275  1.8049  1.6057  1.5328  1.4741
    6.25  135.46  -0.2457  0.2202  0.9978  1.2312  1.6227  1.7360  1.7466  1.6073  1.4068  1.3460  1.3056
    6.25  166.19  -0.3574  0.0874  0.8565  1.0629  1.4357  1.5362  1.5364  1.3764  1.1779  1.1329  1.1168
    6.25  205.70  -0.4813 -0.0592  0.7027  0.8806  1.2291  1.3098  1.2947  1.1084  0.9163  0.8911  0.9095
    6.25  256.12  -0.6195 -0.2198  0.5366  0.6850  1.0040  1.0554  1.0179  0.7997  0.6187  0.6188  0.6773
    6.25  320.16  -0.7743 -0.3960  0.3567  0.4734  0.7559  0.7675  0.7000  0.4420  0.2795  0.3113  0.4237
    6.25  401.24  -0.9479 -0.5904  0.1616  0.2457  0.4820  0.4404  0.3321  0.0246 -0.1103 -0.0394  0.1392
    6.25  503.68  -1.1428 -0.8074 -0.0536 -0.0036  0.1758  0.0643 -0.0973 -0.4666 -0.5639 -0.4434 -0.1869
    6.25  632.94  -1.3663 -1.0533 -0.2916 -0.2788 -0.1693 -0.3731 -0.6043 -1.0505 -1.0956 -0.9127 -0.5338
    6.25  795.90  -1.6244 -1.3327 -0.5595 -0.5864 -0.5643 -0.8863 -1.2077 -1.7491 -1.7261 -1.4649 -0.9288
    6.50   50.01   0.1753  0.9240  1.7523  2.0737  2.4911  2.6017  2.6130  2.5266  2.3498  2.2518  2.1967
    6.50   50.02   0.1753  0.9240  1.7523  2.0737  2.4911  2.6017  2.6130  2.5266  2.3498  2.2518  2.1967
    6.50   50.02   0.1753  0.9240  1.7523  2.0737  2.4911  2.6017  2.6130  2.5266  2.3498  2.2518  2.1967
    6.50   50.04   0.1753  0.9240  1.7523  2.0737  2.4911  2.6017  2.6130  2.5266  2.3498  2.2518  2.1967
    6.50   50.06   0.1753  0.9240  1.7523  2.0737  2.4911  2.6017  2.6130  2.5266  2.3498  2.2518  2.1967
    6.50   50.10   0.1753  0.9240  1.7523  2.0737  2.4911  2.6017  2.6130  2.5266  2.3498  2.2518  2.1967
    6.50   50.16   0.1753  0.9240  1.7523  2.0737  2.4911  2.6017  2.6130  2.5266  2.3498  2.2518  2.1967
    6.50   50.25   0.1753  0.9240  1.7523  2.0737  2.4911  2.6017  2.6130  2.5266  2.3498  2.2518  2.1967
    6.50   50.40   0.1753  0.9240  1.7523  2.0737  2.4911  2.6017  2.6130  2.5266  2.3498  2.2518  2.1967
    6.50   50.63   0.1753  0.9240  1.7523  2.0737  2.4911  2.6017  2.6130  2.5266  2.3498  2.2518  2.1967
    6.50   50.99   0.1980  0.9240  1.7523  2.0737  2.4911  2.6017  2.6130  2.5266  2.3498  2.2518  2.1967
    6.50   51.56   0.2319  0.9238  1.7520  2.0734  2.4907  2.6015  2.6126  2.5261  2.3493  2.2515  2.1963
    6.50   52.45   0.2619  0.9216  1.7495  2.0704  2.4876  2.5983  2.6096  2.5229  2.3459  2.2479  2.1929
    6.50   53.83   0.2847  0.9158  1.7429  2.0625  2.4792  2.5902  2.6016  2.5145  2.3369  2.2393  2.1846
    6.50   55.96   0.2997  0.9040  1.7297  2.0467  2.4625  2.5738  2.5856  2.4973  2.3189  2.2220  2.1679
    6.50   59.16   0.3036  0.8833  1.7064  2.0188  2.4331  2.5448  2.5574  2.4670  2.2866  2.1910  2.1380
    6.50   63.91   0.2944  0.8503  1.6691  1.9741  2.3858  2.4985  2.5121  2.4188  2.2357  2.1413  2.0900
    6.50   70.80   0.2669  0.8015  1.6140  1.9083  2.3160  2.4298  2.4451  2.3474  2.1598  2.0683  2.0196
    6.50   80.51   0.2202  0.7332  1.5379  1.8170  2.2185  2.3330  2.3482  2.2439  2.0513  1.9649  1.9223
    6.50   93.86   0.1519  0.6466  1.4423  1.7025  2.0958  2.2092  2.2239  2.1100  1.9127  1.8327  1.7987
    6.50  111.80   0.0704  0.5428  1.3287  1.5672  1.9488  2.0588  2.0713  1.9451  1.7440  1.6724  1.6504
    6.50  135.46  -0.0304  0.4237  1.1999  1.4134  1.7801  1.8828  1.8901  1.7478  1.5449  1.4849  1.4824
    6.50  166.19  -0.1447  0.2889  1.0567  1.2428  1.5914  1.6812  1.6782  1.5152  1.3140  1.2702  1.2913
    6.50  205.70  -0.2734  0.1421  0.9019  1.0598  1.3834  1.4541  1.4357  1.2467  1.0514  1.0275  1.0831
    6.50  256.12  -0.4166 -0.0190  0.7347  0.8628  1.1572  1.1986  1.1589  0.9378  0.7528  0.7543  0.8520
    6.50  320.16  -0.5739 -0.1956  0.5538  0.6501  0.9078  0.9102  0.8404  0.5796  0.4129  0.4461  0.5978
    6.50  401.24  -0.7496 -0.3907  0.3584  0.4213  0.6333  0.5826  0.4721  0.1617  0.0226  0.0945  0.3145
    6.50  503.68  -0.9491 -0.6085  0.1425  0.1713  0.3265  0.2055  0.0423 -0.3297 -0.4313 -0.3098 -0.0096
    6.50  632.94  -1.1765 -0.8542 -0.0955 -0.1041 -0.0195 -0.2323 -0.4648 -0.9137 -0.9637 -0.7793 -0.3570
    6.50  795.90  -1.4377 -1.1339 -0.3644 -0.4122 -0.4146 -0.7459 -1.0681 -1.6129 -1.5942 -1.3320 -0.7530
    6.75   50.01   0.4116  1.1085  1.9353  2.2392  2.6370  2.7393  2.7454  2.6525  2.4761  2.3788  2.3636
    6.75   50.02   0.4116  1.1085  1.9353  2.2392  2.6370  2.7393  2.7454  2.6525  2.4761  2.3788  2.3636
    6.75   50.02   0.4116  1.1085  1.9353  2.2392  2.6370  2.7393  2.7454  2.6525  2.4761  2.3788  2.3636
    6.75   50.04   0.4116  1.1085  1.9353  2.2392  2.6370  2.7393  2.7454  2.6525  2.4761  2.3788  2.3636
    6.75   50.06   0.4116  1.1085  1.9353  2.2392  2.6370  2.7393  2.7454  2.6525  2.4761  2.3788  2.3636
    6.75   50.10   0.4116  1.1085  1.9353  2.2392  2.6370  2.7393  2.7454  2.6525  2.4761  2.3788  2.3636
    6.75   50.16   0.4116  1.1085  1.9353  2.2392  2.6370  2.7393  2.7454  2.6525  2.4761  2.3788  2.3636
    6.75   50.25   0.4116  1.1085  1.9353  2.2392  2.6370  2.7393  2.7454  2.6525  2.4761  2.3788  2.3636
    6.75   50.40   0.4116  1.1085  1.9353  2.2392  2.6370  2.7393  2.7454  2.6525  2.4761  2.3788  2.3636
    6.75   50.63   0.4116  1.1085  1.9353  2.2392  2.6370  2.7393  2.7454  2.6525  2.4761  2.3788  2.3636
    6.75   50.99   0.4116  1.1085  1.9353  2.2392  2.6370  2.7393  2.7454  2.6525  2.4761  2.3788  2.3636
    6.75   51.56   0.4242  1.1085  1.9353  2.2392  2.6370  2.7393  2.7454  2.6525  2.4761  2.3788  2.3636
    6.75   52.45   0.4625  1.1083  1.9350  2.2388  2.6366  2.7389  2.7451  2.6522  2.4759  2.3785  2.3631
    6.75   53.83   0.4930  1.1050  1.9313  2.2345  2.6321  2.7344  2.7406  2.6475  2.4708  2.3735  2.3585
    6.75   55.96   0.5103  1.0964  1.9214  2.2226  2.6196  2.7222  2.7288  2.6350  2.4575  2.3606  2.3461
    6.75   59.16   0.5183  1.0792  1.9018  2.1991  2.5947  2.6979  2.7053  2.6098  2.4307  2.3350  2.3215
    6.75   63.91   0.5099  1.0495  1.8678  2.1585  2.5517  2.6561  2.6645  2.5665  2.3845  2.2900  2.2789
    6.75   70.80   0.4843  1.0037  1.8154  2.0960  2.4855  2.5915  2.6018  2.4997  2.3132  2.2213  2.2130
    6.75   80.51   0.4376  0.9378  1.7412  2.0069  2.3907  2.4976  2.5088  2.4003  2.2090  2.1211  2.1184
    6.75   93.86   0.3697  0.8527  1.6461  1.8930  2.2690  2.3758  2.3874  2.2704  2.0729  1.9912  1.9964
    6.75  111.80   0.2847  0.7494  1.5318  1.7563  2.1219  2.2258  2.2359  2.1077  1.9048  1.8313  1.8479
    6.75  135.46   0.1810  0.6289  1.4009  1.6007  1.9509  2.0480  2.0533  1.9093  1.7038  1.6424  1.6783
    6.75  166.19   0.0639  0.4943  1.2567  1.4288  1.7607  1.8455  1.8417  1.6770  1.4724  1.4265  1.4874
    6.75  205.70  -0.0683  0.3467  1.1002  1.2439  1.5519  1.6173  1.5991  1.4089  1.2090  1.1828  1.2779
    6.75  256.12  -0.2136  0.1847  0.9318  1.0456  1.3234  1.3608  1.3218  1.0999  0.9101  0.9088  1.0474
    6.75  320.16  -0.3756  0.0076  0.7502  0.8318  1.0736  1.0717  1.0027  0.7411  0.5697  0.5998  0.7936
    6.75  401.24  -0.5538 -0.1881  0.5535  0.6016  0.7978  0.7435  0.6342  0.3234  0.1786  0.2476  0.5108
    6.75  503.68  -0.7568 -0.4060  0.3375  0.3510  0.4905  0.3658  0.2043 -0.1682 -0.2759 -0.1573  0.1880
    6.75  632.94  -0.9870 -0.6519  0.0982  0.0749  0.1441 -0.0722 -0.3033 -0.7525 -0.8085 -0.6274 -0.1604
    6.75  795.90  -1.2512 -0.9321 -0.1703 -0.2335 -0.2522 -0.5859 -0.9072 -1.4516 -1.4398 -1.1805 -0.5568
    7.00   50.01   0.6438  1.2931  2.1183  2.4048  2.7831  2.8768  2.8779  2.7785  2.6027  2.5057  2.5305
    7.00   50.02   0.6438  1.2931  2.1183  2.4048  2.7831  2.8768  2.8779  2.7785  2.6027  2.5057  2.5305
    7.00   50.02   0.6438  1.2931  2.1183  2.4048  2.7831  2.8768  2.8779  2.7785  2.6027  2.5057  2.5305
    7.00   50.04   0.6438  1.2931  2.1183  2.4048  2.7831  2.8768  2.8779  2.7785  2.6027  2.5057  2.5305
    7.00   50.06   0.6438  1.2931  2.1183  2.4048  2.7831  2.8768  2.8779  2.7785  2.6027  2.5057  2.5305
    7.00   50.10   0.6438  1.2931  2.1183  2.4048  2.7831  2.8768  2.8779  2.7785  2.6027  2.5057  2.5305
    7.00   50.16   0.6438  1.2931  2.1183  2.4048  2.7831  2.8768  2.8779  2.7785  2.6027  2.5057  2.5305
    7.00   50.25   0.6438  1.2931  2.1183  2.4048  2.7831  2.8768  2.8779  2.7785  2.6027  2.5057  2.5305
    7.00   50.40   0.6438  1.2931  2.1183  2.4048  2.7831  2.8768  2.8779  2.7785  2.6027  2.5057  2.5305
    7.00   50.63   0.6438  1.2931  2.1183  2.4048  2.7831  2.8768  2.8779  2.7785  2.6027  2.5057  2.5305
    7.00   50.99   0.6438  1.2931  2.1183  2.4048  2.7831  2.8768  2.8779  2.7785  2.6027  2.5057  2.5305
    7.00   51.56   0.6438  1.2931  2.1183  2.4048  2.7831  2.8768  2.8779  2.7785  2.6027  2.5057  2.5305
    7.00   52.45   0.6458  1.2931  2.1183  2.4048  2.7831  2.8768  2.8779  2.7785  2.6027  2.5057  2.5305
    7.00   53.83   0.6844  1.2925  2.1180  2.4043  2.7826  2.8763  2.8775  2.7781  2.6022  2.5052  2.5302
    7.00   55.96   0.7128  1.2882  2.1127  2.3981  2.7760  2.8699  2.8713  2.7715  2.5953  2.4986  2.5236
    7.00   59.16   0.7254  1.2758  2.0981  2.3807  2.7576  2.8520  2.8539  2.7531  2.5756  2.4793  2.5056
    7.00   63.91   0.7215  1.2505  2.0690  2.3460  2.7210  2.8166  2.8196  2.7167  2.5364  2.4417  2.4699
    7.00   70.80   0.6998  1.2088  2.0206  2.2883  2.6599  2.7573  2.7623  2.6561  2.4713  2.3788  2.4103
    7.00   80.51   0.6549  1.1464  1.9492  2.2027  2.5690  2.6682  2.6750  2.5634  2.3729  2.2840  2.3207
    7.00   93.86   0.5873  1.0632  1.8554  2.0899  2.4494  2.5490  2.5573  2.4377  2.2409  2.1569  2.2007
    7.00  111.80   0.4982  0.9595  1.7392  1.9511  2.3005  2.3978  2.4053  2.2749  2.0712  1.9956  2.0511
    7.00  135.46   0.3928  0.8384  1.6065  1.7934  2.1278  2.2193  2.2227  2.0773  1.8695  1.8061  1.8798
    7.00  166.19   0.2702  0.7028  1.4606  1.6194  1.9349  2.0151  2.0106  1.8449  1.6368  1.5886  1.6882
    7.00  205.70   0.1355  0.5544  1.3019  1.4321  1.7246  1.7855  1.7674  1.5765  1.3722  1.3436  1.4772
    7.00  256.12  -0.0143  0.3912  1.1318  1.2315  1.4940  1.5272  1.4890  1.2670  1.0725  1.0679  1.2464
    7.00  320.16  -0.1792  0.2128  0.9489  1.0163  1.2426  1.2374  1.1694  0.9075  0.7309  0.7578  0.9927
    7.00  401.24  -0.3612  0.0166  0.7509  0.7845  0.9653  0.9077  0.8004  0.4891  0.3388  0.4043  0.7097
    7.00  503.68  -0.5671 -0.2017  0.5340  0.5328  0.6568  0.5293  0.3695 -0.0027 -0.1166 -0.0013  0.3882
    7.00  632.94  -0.8008 -0.4479  0.2935  0.2555  0.3096  0.0907 -0.1384 -0.5875 -0.6500 -0.4728  0.0384
    7.00  795.90  -1.0690 -0.7287  0.0251 -0.0531 -0.0878 -0.4235 -0.7432 -1.2870 -1.2820 -1.0260 -0.3583
    7.25   50.01   0.8653  1.4725  2.2942  2.5682  2.9345  3.0242  3.0203  2.9144  2.7401  2.6406  2.7690
    7.25   50.02   0.8653  1.4725  2.2942  2.5682  2.9345  3.0242  3.0203  2.9144  2.7401  2.6406  2.7690
    7.25   50.02   0.8653  1.4725  2.2942  2.5682  2.9345  3.0242  3.0203  2.9144  2.7401  2.6406  2.7690
    7.25   50.04   0.8653  1.4725  2.2942  2.5682  2.9345  3.0242  3.0203  2.9144  2.7401  2.6406  2.7690
    7.25   50.06   0.8653  1.4725  2.2942  2.5682  2.9345  3.0242  3.0203  2.9144  2.7401  2.6406  2.7690
    7.25   50.10   0.8653  1.4725  2.2942  2.5682  2.9345  3.0242  3.0203  2.9144  2.7401  2.6406  2.7690
    7.25   50.16   0.8653  1.4725  2.2942  2.5682  2.9345  3.0242  3.0203  2.9144  2.7401  2.6406  2.7690
    7.25   50.25   0.8653  1.4725  2.2942  2.5682  2.9345  3.0242  3.0203  2.9144  2.7401  2.6406  2.7690
    7.25   50.40   0.8653  1.4725  2.2942  2.5682  2.9345  3.0242  3.0203  2.9144  2.7401  2.6406  2.7690
    7.25   50.63   0.8653  1.4725  2.2942  2.5682  2.9345  3.0242  3.0203  2.9144  2.7401  2.6406  2.7690
    7.25   50.99   0.8653  1.4725  2.2942  2.5682  2.9345  3.0242  3.0203  2.9144  2.7401  2.6406  2.7690
    7.25   51.56   0.8653  1.4725  2.2942  2.5682  2.9345  3.0242  3.0203  2.9144  2.7401  2.6406  2.7690
    7.25   52.45   0.8653  1.4725  2.2942  2.5682  2.9345  3.0242  3.0203  2.9144  2.7401  2.6406  2.7690
    7.25   53.83   0.8653  1.4725  2.2942  2.5682  2.9345  3.0242  3.0203  2.9144  2.7401  2.6406  2.7690
    7.25   55.96   0.8946  1.4723  2.2939  2.5679  2.9342  3.0239  3.0200  2.9140  2.7398  2.6402  2.7687
    7.25   59.16   0.9210  1.4662  2.2867  2.5591  2.9249  3.0150  3.0114  2.9050  2.7300  2.6307  2.7595
    7.25   63.91   0.9253  1.4478  2.2654  2.5337  2.8981  2.9890  2.9865  2.8787  2.7017  2.6034  2.7331
    7.25   70.80   0.9083  1.4126  2.2238  2.4840  2.8457  2.9384  2.9379  2.8275  2.6462  2.5496  2.6815
    7.25   80.51   0.8667  1.3559  2.1572  2.4048  2.7620  2.8573  2.8597  2.7451  2.5576  2.4638  2.5991
    7.25   93.86   0.7999  1.2754  2.0644  2.2935  2.6439  2.7402  2.7451  2.6235  2.4283  2.3395  2.4820
    7.25  111.80   0.7098  1.1732  1.9484  2.1544  2.4953  2.5904  2.5960  2.4643  2.2613  2.1801  2.3344
    7.25  135.46   0.6015  1.0522  1.8140  1.9940  2.3211  2.4115  2.4148  2.2686  2.0599  1.9900  2.1619
    7.25  166.19   0.4768  0.9159  1.6652  1.8174  2.1258  2.2059  2.2023  2.0372  1.8266  1.7716  1.9680
    7.25  205.70   0.3381  0.7660  1.5044  1.6274  1.9124  1.9743  1.9586  1.7687  1.5606  1.5249  1.7550
    7.25  256.12   0.1846  0.6021  1.3319  1.4241  1.6797  1.7145  1.6795  1.4583  1.2591  1.2479  1.5226
    7.25  320.16   0.0155  0.4230  1.1473  1.2070  1.4260  1.4228  1.3591  1.0991  0.9160  0.9361  1.2683
    7.25  401.24  -0.1699  0.2260  0.9479  0.9733  1.1471  1.0923  0.9894  0.6804  0.5227  0.5815  0.9846
    7.25  503.68  -0.3803  0.0067  0.7296  0.7199  0.8374  0.7127  0.5578  0.1879  0.0669  0.1748  0.6642
    7.25  632.94  -0.6165 -0.2400  0.4883  0.4417  0.4890  0.2732  0.0493 -0.3968 -0.4674 -0.2975  0.3131
    7.25  795.90  -0.8871 -0.5213  0.2188  0.1319  0.0907 -0.2419 -0.5556 -1.0966 -1.0997 -0.8516 -0.0848
    7.50   50.01   1.0813  1.6519  2.4702  2.7317  3.0860  3.1715  3.1628  3.0503  2.8776  2.7757  3.0075
    7.50   50.02   1.0813  1.6519  2.4702  2.7317  3.0860  3.1715  3.1628  3.0503  2.8776  2.7757  3.0075
    7.50   50.02   1.0813  1.6519  2.4702  2.7317  3.0860  3.1715  3.1628  3.0503  2.8776  2.7757  3.0075
    7.50   50.04   1.0813  1.6519  2.4702  2.7317  3.0860  3.1715  3.1628  3.0503  2.8776  2.7757  3.0075
    7.50   50.06   1.0813  1.6519  2.4702  2.7317  3.0860  3.1715  3.1628  3.0503  2.8776  2.7757  3.0075
    7.50   50.10   1.0813  1.6519  2.4702  2.7317  3.0860  3.1715  3.1628  3.0503  2.8776  2.7757  3.0075
    7.50   50.16   1.0813  1.6519  2.4702  2.7317  3.0860  3.1715  3.1628  3.0503  2.8776  2.7757  3.0075
    7.50   50.25   1.0813  1.6519  2.4702  2.7317  3.0860  3.1715  3.1628  3.0503  2.8776  2.7757  3.0075
    7.50   50.40   1.0813  1.6519  2.4702  2.7317  3.0860  3.1715  3.1628  3.0503  2.8776  2.7757  3.0075
    7.50   50.63   1.0813  1.6519  2.4702  2.7317  3.0860  3.1715  3.1628  3.0503  2.8776  2.7757  3.0075
    7.50   50.99   1.0813  1.6519  2.4702  2.7317  3.0860  3.1715  3.1628  3.0503  2.8776  2.7757  3.0075
    7.50   51.56   1.0813  1.6519  2.4702  2.7317  3.0860  3.1715  3.1628  3.0503  2.8776  2.7757  3.0075
    7.50   52.45   1.0813  1.6519  2.4702  2.7317  3.0860  3.1715  3.1628  3.0503  2.8776  2.7757  3.0075
    7.50   53.83   1.0813  1.6519  2.4702  2.7317  3.0860  3.1715  3.1628  3.0503  2.8776  2.7757  3.0075
    7.50   55.96   1.0813  1.6519  2.4702  2.7317  3.0860  3.1715  3.1628  3.0503  2.8776  2.7757  3.0075
    7.50   59.16   1.0932  1.6518  2.4699  2.7315  3.0857  3.1715  3.1624  3.0501  2.8773  2.7754  3.0073
    7.50   63.91   1.1183  1.6434  2.4599  2.7194  3.0731  3.1592  3.1510  3.0379  2.8641  2.7625  2.9947
    7.50   70.80   1.1133  1.6178  2.4293  2.6828  3.0345  3.1220  3.1157  3.0008  2.8239  2.7232  2.9563
    7.50   80.51   1.0782  1.5691  2.3708  2.6132  2.9613  3.0516  3.0483  2.9303  2.7472  2.6487  2.8835
    7.50   93.86   1.0148  1.4934  2.2817  2.5066  2.8486  2.9414  2.9419  2.8182  2.6261  2.5319  2.7725
    7.50  111.80   0.9248  1.3936  2.1661  2.3680  2.7011  2.7941  2.7976  2.6649  2.4631  2.3761  2.6275
    7.50  135.46   0.8131  1.2727  2.0295  2.2046  2.5249  2.6143  2.6172  2.4714  2.2622  2.1852  2.4538
    7.50  166.19   0.6839  1.1351  1.8771  2.0236  2.3259  2.4064  2.4040  2.2399  2.0272  1.9647  2.2568
    7.50  205.70   0.5410  0.9832  1.7126  1.8295  2.1084  2.1715  2.1585  1.9708  1.7588  1.7154  2.0404
    7.50  256.12   0.3833  0.8175  1.5372  1.6226  1.8722  1.9094  1.8779  1.6591  1.4548  1.4358  1.8053
    7.50  320.16   0.2095  0.6369  1.3497  1.4023  1.6153  1.6152  1.5561  1.2989  1.1090  1.1215  1.5494
    7.50  401.24   0.0185  0.4387  1.1483  1.1662  1.3342  1.2827  1.1850  0.8792  0.7136  0.7649  1.2645
    7.50  503.68  -0.1942  0.2187  0.9282  0.9107  1.0226  0.9016  0.7524  0.3857  0.2566  0.3570  0.9443
    7.50  632.94  -0.4347 -0.0293  0.6857  0.6309  0.6721  0.4608  0.2427 -0.2000 -0.2789 -0.1170  0.5915
    7.50  795.90  -0.7090 -0.3111  0.4151  0.3195  0.2728 -0.0559 -0.3627 -0.9001 -0.9120 -0.6721  0.1922
    7.75   50.01   1.2847  1.8234  2.6372  2.8896  3.2409  3.3274  3.3132  3.1936  3.0235  2.9151  3.2360
    7.75   50.02   1.2847  1.8234  2.6372  2.8896  3.2409  3.3274  3.3132  3.1936  3.0235  2.9151  3.2360
    7.75   50.02   1.2847  1.8234  2.6372  2.8896  3.2409  3.3274  3.3132  3.1936  3.0235  2.9151  3.2360
    7.75   50.04   1.2847  1.8234  2.6372  2.8896  3.2409  3.3274  3.3132  3.1936  3.0235  2.9151  3.2360
    7.75   50.06   1.2847  1.8234  2.6372  2.8896  3.2409  3.3274  3.3132  3.1936  3.0235  2.9151  3.2360
    7.75   50.10   1.2847  1.8234  2.6372  2.8896  3.2409  3.3274  3.3132  3.1936  3.0235  2.9151  3.2360
    7.75   50.16   1.2847  1.8234  2.6372  2.8896  3.2409  3.3274  3.3132  3.1936  3.0235  2.9151  3.2360
    7.75   50.25   1.2847  1.8234  2.6372  2.8896  3.2409  3.3274  3.3132  3.1936  3.0235  2.9151  3.2360
    7.75   50.40   1.2847  1.8234  2.6372  2.8896  3.2409  3.3274  3.3132  3.1936  3.0235  2.9151  3.2360
    7.75   50.63   1.2847  1.8234  2.6372  2.8896  3.2409  3.3274  3.3132  3.1936  3.0235  2.9151  3.2360
    7.75   50.99   1.2847  1.8234  2.6372  2.8896  3.2409  3.3274  3.3132  3.1936  3.0235  2.9151  3.2360
    7.75   51.56   1.2847  1.8234  2.6372  2.8896  3.2409  3.3274  3.3132  3.1936  3.0235  2.9151  3.2360
    7.75   52.45   1.2847  1.8234  2.6372  2.8896  3.2409  3.3274  3.3132  3.1936  3.0235  2.9151  3.2360
    7.75   53.83   1.2847  1.8234  2.6372  2.8896  3.2409  3.3274  3.3132  3.1936  3.0235  2.9151  3.2360
    7.75   55.96   1.2847  1.8234  2.6372  2.8896  3.2409  3.3274  3.3132  3.1936  3.0235  2.9151  3.2360
    7.75   59.16   1.2847  1.8234  2.6372  2.8896  3.2409  3.3274  3.3132  3.1936  3.0235  2.9151  3.2360
    7.75   63.91   1.2847  1.8233  2.6372  2.8896  3.2409  3.3274  3.3132  3.1936  3.0234  2.9151  3.2360
    7.75   70.80   1.3018  1.8126  2.6238  2.8737  3.2242  3.3109  3.2980  3.1781  3.0061  2.8982  3.2194
    7.75   80.51   1.2822  1.7771  2.5806  2.8221  3.1698  3.2593  3.2491  3.1269  2.9498  2.8434  3.1659
    7.75   93.86   1.2268  1.7124  2.5016  2.7277  3.0707  3.1637  3.1585  3.0321  2.8460  2.7428  3.0686
    7.75  111.80   1.1384  1.6173  2.3883  2.5926  2.9270  3.0227  3.0227  2.8889  2.6917  2.5947  2.9289
    7.75  135.46   1.0261  1.4978  2.2496  2.4272  2.7491  2.8431  2.8457  2.7005  2.4925  2.4054  2.7541
    7.75  166.19   0.8928  1.3592  2.0931  2.2410  2.5462  2.6329  2.6323  2.4699  2.2563  2.1821  2.5540
    7.75  205.70   0.7445  1.2056  1.9244  2.0414  2.3234  2.3945  2.3851  2.1999  1.9852  1.9295  2.3325
    7.75  256.12   0.5818  1.0382  1.7447  1.8300  2.0828  2.1286  2.1022  1.8875  1.6781  1.6470  2.0947
    7.75  320.16   0.4042  0.8558  1.5538  1.6058  1.8220  1.8314  1.7790  1.5260  1.3299  1.3301  1.8365
    7.75  401.24   0.2083  0.6559  1.3494  1.3664  1.5376  1.4964  1.4065  1.1050  0.9321  0.9710  1.5510
    7.75  503.68  -0.0083  0.4342  1.1276  1.1083  1.2235  1.1133  0.9722  0.6109  0.4731  0.5608  1.2298
    7.75  632.94  -0.2518  0.1860  0.8834  0.8265  0.8711  0.6707  0.4617  0.0247 -0.0638  0.0856  0.8747
    7.75  795.90  -0.5300 -0.0969  0.6112  0.5136  0.4700  0.1527 -0.1446 -0.6759 -0.6980 -0.4709  0.4737
    8.00   50.01   1.3115  1.8234  2.6372  2.8896  3.2409  3.3274  3.3132  3.1936  3.0235  2.9151  3.2360
    8.00   50.02   1.3115  1.8234  2.6372  2.8896  3.2409  3.3274  3.3132  3.1936  3.0235  2.9151  3.2360
    8.00   50.02   1.3115  1.8234  2.6372  2.8896  3.2409  3.3274  3.3132  3.1936  3.0235  2.9151  3.2360
    8.00   50.04   1.3115  1.8234  2.6372  2.8896  3.2409  3.3274  3.3132  3.1936  3.0235  2.9151  3.2360
    8.00   50.06   1.3115  1.8234  2.6372  2.8896  3.2409  3.3274  3.3132  3.1936  3.0235  2.9151  3.2360
    8.00   50.10   1.3115  1.8234  2.6372  2.8896  3.2409  3.3274  3.3132  3.1936  3.0235  2.9151  3.2360
    8.00   50.16   1.3115  1.8234  2.6372  2.8896  3.2409  3.3274  3.3132  3.1936  3.0235  2.9151  3.2360
    8.00   50.25   1.3115  1.8234  2.6372  2.8896  3.2409  3.3274  3.3132  3.1936  3.0235  2.9151  3.2360
    8.00   50.40   1.3115  1.8234  2.6372  2.8896  3.2409  3.3274  3.3132  3.1936  3.0235  2.9151  3.2360
    8.00   50.63   1.3115  1.8234  2.6372  2.8896  3.2409  3.3274  3.3132  3.1936  3.0235  2.9151  3.2360
    8.00   50.99   1.3115  1.8234  2.6372  2.8896  3.2409  3.3274  3.3132  3.1936  3.0235  2.9151  3.2360
    8.00   51.56   1.3115  1.8234  2.6372  2.8896  3.2409  3.3274  3.3132  3.1936  3.0235  2.9151  3.2360
    8.00   52.45   1.3115  1.8234  2.6372  2.8896  3.2409  3.3274  3.3132  3.1936  3.0235  2.9151  3.2360
    8.00   53.83   1.3115  1.8234  2.6372  2.8896  3.2409  3.3274  3.3132  3.1936  3.0235  2.9151  3.2360
    8.00   55.96   1.3115  1.8234  2.6372  2.8896  3.2409  3.3274  3.3132  3.1936  3.0235  2.9151  3.2360
    8.00   59.16   1.3115  1.8234  2.6372  2.8896  3.2409  3.3274  3.3132  3.1936  3.0235  2.9151  3.2360
    8.00   63.91   1.3112  1.8233  2.6372  2.8896  3.2409  3.3274  3.3132  3.1936  3.0234  2.9151  3.2360
    8.00   70.80   1.3006  1.8126  2.6238  2.8737  3.2242  3.3109  3.2980  3.1781  3.0061  2.8982  3.2194
    8.00   80.51   1.2764  1.7771  2.5806  2.8221  3.1698  3.2593  3.2491  3.1269  2.9498  2.8434  3.1659
    8.00   93.86   1.2184  1.7124  2.5016  2.7277  3.0707  3.1637  3.1585  3.0321  2.8460  2.7428  3.0686
    8.00  111.80   1.1279  1.6173  2.3883  2.5926  2.9270  3.0227  3.0227  2.8889  2.6917  2.5947  2.9289
    8.00  135.46   1.0122  1.4978  2.2496  2.4272  2.7491  2.8431  2.8457  2.7005  2.4925  2.4054  2.7541
    8.00  166.19   0.8759  1.3592  2.0931  2.2410  2.5462  2.6329  2.6323  2.4699  2.2563  2.1821  2.5540
    8.00  205.70   0.7219  1.2056  1.9244  2.0414  2.3234  2.3945  2.3851  2.1999  1.9852  1.9295  2.3325
    8.00  256.12   0.5574  1.0382  1.7447  1.8300  2.0828  2.1286  2.1022  1.8875  1.6781  1.6470  2.0947
    8.00  320.16   0.3754  0.8558  1.5538  1.6058  1.8220  1.8314  1.7790  1.5260  1.3299  1.3301  1.8365
    8.00  401.24   0.1770  0.6559  1.3494  1.3664  1.5376  1.4964  1.4065  1.1050  0.9321  0.9710  1.5510
    8.00  503.68  -0.0430  0.4342  1.1276  1.1083  1.2235  1.1133  0.9722  0.6109  0.4731  0.5608  1.2298
    8.00  632.94  -0.2895  0.1860  0.8834  0.8265  0.8711  0.6707  0.4617  0.0247 -0.0638  0.0856  0.8747
    8.00  795.90  -0.5712 -0.0969  0.6112  0.5136  0.4700  0.1527 -0.1446 -0.6759 -0.6980 -0.4709  0.4737
