Western North America median inslab ground motion CLASS C, distance is Rhypo (depth 50 km). 5s values increased by 10%. PGA is period 0.02, PGV 0.01. Log10 hazard values in cgs units. Original file GMPEt_WInslab_med.dat,provided by G Atkinson 20130
      15      30      11        : nmag, ndist, nperiod
                      10       5       2       1     0.5  0.3003     0.2     0.1    0.05    0.02    0.01
                    0.62    0.62    0.62    0.62    0.58    0.54    0.53    0.53    0.53    0.53    0.62
    4.50   50.01  -2.0752 -0.7215  0.0534  0.6227  1.2741  1.4955  1.5319  1.5105  1.3348  1.1677  1.0208
    4.50   50.02  -2.0752 -0.7215  0.0534  0.6227  1.2741  1.4955  1.5319  1.5105  1.3348  1.1677  1.0208
    4.50   50.02  -2.0723 -0.7215  0.0534  0.6227  1.2741  1.4955  1.5319  1.5105  1.3348  1.1677  1.0208
    4.50   50.04  -2.0616 -0.7215  0.0534  0.6227  1.2741  1.4955  1.5319  1.5105  1.3348  1.1677  1.0208
    4.50   50.06  -2.0516 -0.7222  0.0533  0.6227  1.2741  1.4955  1.5319  1.5105  1.3346  1.1677  1.0208
    4.50   50.10  -2.0247 -0.7222  0.0531  0.6224  1.2738  1.4953  1.5316  1.5102  1.3343  1.1674  1.0205
    4.50   50.16  -1.9999 -0.7225  0.0527  0.6220  1.2731  1.4948  1.5311  1.5096  1.3339  1.1670  1.0199
    4.50   50.25  -1.9758 -0.7232  0.0520  0.6211  1.2722  1.4938  1.5302  1.5087  1.3327  1.1660  1.0189
    4.50   50.40  -1.9439 -0.7242  0.0507  0.6196  1.2706  1.4922  1.5286  1.5070  1.3311  1.1642  1.0172
    4.50   50.63  -1.9077 -0.7263  0.0485  0.6170  1.2677  1.4893  1.5257  1.5039  1.3280  1.1613  1.0143
    4.50   50.99  -1.8735 -0.7297  0.0449  0.6126  1.2632  1.4847  1.5213  1.4991  1.3227  1.1562  1.0094
    4.50   51.56  -1.8387 -0.7349  0.0391  0.6057  1.2557  1.4773  1.5138  1.4911  1.3145  1.1484  1.0016
    4.50   52.45  -1.8067 -0.7434  0.0300  0.5947  1.2439  1.4657  1.5019  1.4787  1.3015  1.1359  0.9892
    4.50   53.83  -1.7790 -0.7564  0.0156  0.5776  1.2252  1.4473  1.4837  1.4592  1.2811  1.1163  0.9699
    4.50   55.96  -1.7575 -0.7763 -0.0061  0.5515  1.1975  1.4195  1.4558  1.4296  1.2501  1.0869  0.9407
    4.50   59.16  -1.7458 -0.8057 -0.0379  0.5134  1.1563  1.3788  1.4152  1.3863  1.2049  1.0435  0.8978
    4.50   63.91  -1.7441 -0.8467 -0.0825  0.4597  1.0988  1.3214  1.3578  1.3252  1.1415  0.9826  0.8375
    4.50   70.80  -1.7593 -0.9033 -0.1441  0.3862  1.0201  1.2414  1.2772  1.2387  1.0526  0.8977  0.7549
    4.50   80.51  -1.7913 -0.9750 -0.2219  0.2935  0.9205  1.1402  1.1756  1.1291  0.9401  0.7902  0.6502
    4.50   93.86  -1.8387 -1.0641 -0.3178  0.1788  0.7964  1.0126  1.0447  0.9868  0.7965  0.6547  0.5220
    4.50  111.80  -1.9005 -1.1682 -0.4291  0.0460  0.6512  0.8615  0.8888  0.8170  0.6257  0.4944  0.3726
    4.50  135.46  -1.9782 -1.2861 -0.5542 -0.1030  0.4863  0.6867  0.7071  0.6182  0.4272  0.3087  0.2040
    4.50  166.19  -2.0679 -1.4173 -0.6925 -0.2672  0.3025  0.4885  0.4979  0.3875  0.2002  0.0966  0.0159
    4.50  205.70  -2.1706 -1.5622 -0.8425 -0.4454  0.1004  0.2649  0.2579  0.1210 -0.0588 -0.1419 -0.1947
    4.50  256.12  -2.2891 -1.7208 -1.0061 -0.6377 -0.1220  0.0131 -0.0174 -0.1864 -0.3541 -0.4110 -0.4341
    4.50  320.16  -2.4213 -1.8949 -1.1838 -0.8457 -0.3672 -0.2725 -0.3336 -0.5429 -0.6907 -0.7162 -0.6932
    4.50  401.24  -2.5753 -2.0892 -1.3771 -1.0715 -0.6385 -0.5972 -0.6999 -0.9595 -1.0787 -1.0646 -0.9854
    4.50  503.68  -2.7499 -2.3054 -1.5901 -1.3193 -0.9429 -0.9722 -1.1285 -1.4498 -1.5311 -1.4664 -1.3223
    4.50  632.94  -2.9524 -2.5493 -1.8270 -1.5930 -1.2873 -1.4081 -1.6340 -2.0320 -2.0616 -1.9352 -1.6664
    4.50  795.90  -3.1902 -2.8281 -2.0931 -1.8989 -1.6809 -1.9192 -2.2368 -2.7293 -2.6902 -2.4851 -2.0601
    4.75   50.01  -1.7970 -0.5358  0.2525  0.7823  1.3819  1.5761  1.6005  1.5685  1.3932  1.2399  1.1228
    4.75   50.02  -1.7970 -0.5358  0.2525  0.7823  1.3819  1.5761  1.6005  1.5685  1.3932  1.2399  1.1228
    4.75   50.02  -1.7970 -0.5358  0.2525  0.7823  1.3819  1.5761  1.6005  1.5685  1.3932  1.2399  1.1228
    4.75   50.04  -1.7879 -0.5358  0.2525  0.7823  1.3819  1.5761  1.6005  1.5685  1.3932  1.2399  1.1228
    4.75   50.06  -1.7768 -0.5358  0.2525  0.7823  1.3819  1.5761  1.6005  1.5685  1.3932  1.2399  1.1228
    4.75   50.10  -1.7547 -0.5358  0.2521  0.7821  1.3819  1.5760  1.6003  1.5684  1.3932  1.2396  1.1226
    4.75   50.16  -1.7298 -0.5363  0.2517  0.7818  1.3814  1.5755  1.6000  1.5680  1.3925  1.2393  1.1222
    4.75   50.25  -1.7059 -0.5369  0.2514  0.7810  1.3807  1.5747  1.5991  1.5672  1.3917  1.2383  1.1213
    4.75   50.40  -1.6774 -0.5378  0.2500  0.7796  1.3792  1.5732  1.5976  1.5656  1.3901  1.2368  1.1198
    4.75   50.63  -1.6428 -0.5398  0.2482  0.7771  1.3764  1.5707  1.5951  1.5629  1.3872  1.2341  1.1171
    4.75   50.99  -1.6102 -0.5429  0.2446  0.7730  1.3722  1.5663  1.5908  1.5582  1.3824  1.2295  1.1125
    4.75   51.56  -1.5774 -0.5479  0.2391  0.7664  1.3651  1.5592  1.5836  1.5506  1.3746  1.2220  1.1050
    4.75   52.45  -1.5473 -0.5562  0.2302  0.7556  1.3536  1.5478  1.5723  1.5385  1.3620  1.2099  1.0931
    4.75   53.83  -1.5212 -0.5691  0.2161  0.7387  1.3356  1.5299  1.5544  1.5194  1.3420  1.1907  1.0743
    4.75   55.96  -1.5021 -0.5889  0.1947  0.7129  1.3078  1.5028  1.5271  1.4903  1.3118  1.1616  1.0456
    4.75   59.16  -1.4939 -0.6177  0.1632  0.6750  1.2674  1.4625  1.4869  1.4475  1.2671  1.1191  1.0033
    4.75   63.91  -1.4948 -0.6586  0.1187  0.6214  1.2101  1.4058  1.4302  1.3869  1.2043  1.0586  0.9436
    4.75   70.80  -1.5125 -0.7151  0.0574  0.5485  1.1317  1.3263  1.3503  1.3009  1.1156  0.9743  0.8618
    4.75   80.51  -1.5458 -0.7864 -0.0205  0.4557  1.0320  1.2252  1.2485  1.1914  1.0031  0.8670  0.7579
    4.75   93.86  -1.5958 -0.8755 -0.1161  0.3411  0.9081  1.0976  1.1181  1.0498  0.8598  0.7314  0.6300
    4.75  111.80  -1.6617 -0.9796 -0.2274  0.2081  0.7629  0.9465  0.9623  0.8802  0.6889  0.5708  0.4807
    4.75  135.46  -1.7417 -1.0973 -0.3529  0.0588  0.5977  0.7718  0.7803  0.6813  0.4902  0.3851  0.3122
    4.75  166.19  -1.8350 -1.2289 -0.4913 -0.1053  0.4138  0.5733  0.5709  0.4505  0.2630  0.1734  0.1252
    4.75  205.70  -1.9417 -1.3736 -0.6416 -0.2838  0.2112  0.3502  0.3307  0.1840  0.0043 -0.0655 -0.0850
    4.75  256.12  -2.0595 -1.5323 -0.8053 -0.4763 -0.0108  0.0981  0.0558 -0.1234 -0.2907 -0.3349 -0.3228
    4.75  320.16  -2.1971 -1.7065 -0.9832 -0.6845 -0.2563 -0.1878 -0.2601 -0.4795 -0.6276 -0.6398 -0.5805
    4.75  401.24  -2.3520 -1.9007 -1.1766 -0.9104 -0.5275 -0.5126 -0.6264 -0.8958 -1.0162 -0.9889 -0.8719
    4.75  503.68  -2.5302 -2.1170 -1.3899 -1.1584 -0.8322 -0.8876 -1.0552 -1.3862 -1.4683 -1.3908 -1.2075
    4.75  632.94  -2.7351 -2.3609 -1.6268 -1.4316 -1.1762 -1.3237 -1.5609 -1.9685 -1.9988 -1.8591 -1.5513
    4.75  795.90  -2.9765 -2.6402 -1.8931 -1.7379 -1.5707 -1.8355 -2.1644 -2.6673 -2.6282 -2.4103 -1.9455
    5.00   50.01  -1.5234 -0.3500  0.4514  0.9418  1.4899  1.6565  1.6690  1.6265  1.4518  1.3118  1.2247
    5.00   50.02  -1.5234 -0.3500  0.4514  0.9418  1.4899  1.6565  1.6690  1.6265  1.4518  1.3118  1.2247
    5.00   50.02  -1.5234 -0.3500  0.4514  0.9418  1.4899  1.6565  1.6690  1.6265  1.4518  1.3118  1.2247
    5.00   50.04  -1.5224 -0.3500  0.4514  0.9418  1.4899  1.6565  1.6690  1.6265  1.4518  1.3118  1.2247
    5.00   50.06  -1.5092 -0.3500  0.4514  0.9418  1.4899  1.6565  1.6690  1.6265  1.4518  1.3118  1.2247
    5.00   50.10  -1.4929 -0.3500  0.4514  0.9418  1.4899  1.6565  1.6690  1.6265  1.4518  1.3118  1.2247
    5.00   50.16  -1.4664 -0.3501  0.4512  0.9416  1.4897  1.6563  1.6686  1.6263  1.4514  1.3115  1.2247
    5.00   50.25  -1.4421 -0.3505  0.4505  0.9409  1.4892  1.6557  1.6681  1.6256  1.4507  1.3108  1.2240
    5.00   50.40  -1.4163 -0.3514  0.4496  0.9397  1.4878  1.6544  1.6668  1.6243  1.4493  1.3095  1.2226
    5.00   50.63  -1.3832 -0.3531  0.4478  0.9375  1.4855  1.6521  1.6645  1.6218  1.4468  1.3069  1.2201
    5.00   50.99  -1.3523 -0.3561  0.4446  0.9337  1.4814  1.6481  1.6605  1.6175  1.4424  1.3027  1.2159
    5.00   51.56  -1.3219 -0.3609  0.4393  0.9273  1.4747  1.6415  1.6538  1.6103  1.4348  1.2956  1.2087
    5.00   52.45  -1.2935 -0.3687  0.4307  0.9169  1.4636  1.6305  1.6429  1.5987  1.4228  1.2840  1.1974
    5.00   53.83  -1.2695 -0.3813  0.4170  0.9005  1.4460  1.6132  1.6256  1.5801  1.4035  1.2657  1.1793
    5.00   55.96  -1.2538 -0.4006  0.3960  0.8751  1.4192  1.5866  1.5989  1.5516  1.3739  1.2371  1.1509
    5.00   59.16  -1.2460 -0.4294  0.3650  0.8375  1.3792  1.5470  1.5595  1.5095  1.3301  1.1954  1.1095
    5.00   63.91  -1.2502 -0.4699  0.3205  0.7840  1.3225  1.4911  1.5035  1.4494  1.2679  1.1356  1.0505
    5.00   70.80  -1.2726 -0.5258  0.2595  0.7114  1.2443  1.4120  1.4241  1.3640  1.1796  1.0517  0.9696
    5.00   80.51  -1.3051 -0.5969  0.1815  0.6188  1.1446  1.3111  1.3225  1.2547  1.0669  0.9447  0.8664
    5.00   93.86  -1.3578 -0.6864  0.0861  0.5045  1.0208  1.1835  1.1926  1.1138  0.9240  0.8091  0.7387
    5.00  111.80  -1.4279 -0.7904 -0.0252  0.3712  0.8755  1.0325  1.0366  0.9445  0.7532  0.6483  0.5896
    5.00  135.46  -1.5086 -0.9080 -0.1509  0.2211  0.7100  0.8578  0.8544  0.7452  0.5541  0.4623  0.4215
    5.00  166.19  -1.6038 -1.0398 -0.2896  0.0571  0.5256  0.6591  0.6448  0.5143  0.3265  0.2506  0.2353
    5.00  205.70  -1.7134 -1.1849 -0.4403 -0.1216  0.3228  0.4359  0.4045  0.2481  0.0682  0.0115  0.0253
    5.00  256.12  -1.8392 -1.3431 -0.6042 -0.3145  0.1009  0.1835  0.1296 -0.0597 -0.2268 -0.2582 -0.2108
    5.00  320.16  -1.9772 -1.5185 -0.7824 -0.5228 -0.1448 -0.1024 -0.1859 -0.4156 -0.5639 -0.5628 -0.4676
    5.00  401.24  -2.1337 -1.7121 -0.9758 -0.7490 -0.4164 -0.4274 -0.5525 -0.8315 -0.9531 -0.9127 -0.7580
    5.00  503.68  -2.3159 -1.9284 -1.1893 -0.9972 -0.7212 -0.8027 -0.9814 -1.3220 -1.4048 -1.3146 -1.0924
    5.00  632.94  -2.5240 -2.1724 -1.4263 -1.2700 -1.0648 -1.2390 -1.4874 -1.9049 -1.9358 -1.7828 -1.4361
    5.00  795.90  -2.7678 -2.4519 -1.6928 -1.5764 -1.4600 -1.7511 -2.0912 -2.6042 -2.5655 -2.3347 -1.8305
    5.25   50.01  -1.2519 -0.1629  0.6468  1.1033  1.6090  1.7530  1.7554  1.7045  1.5291  1.3997  1.3448
    5.25   50.02  -1.2519 -0.1629  0.6468  1.1033  1.6090  1.7530  1.7554  1.7045  1.5291  1.3997  1.3448
    5.25   50.02  -1.2519 -0.1629  0.6468  1.1033  1.6090  1.7530  1.7554  1.7045  1.5291  1.3997  1.3448
    5.25   50.04  -1.2519 -0.1629  0.6468  1.1033  1.6090  1.7530  1.7554  1.7045  1.5291  1.3997  1.3448
    5.25   50.06  -1.2478 -0.1629  0.6468  1.1033  1.6090  1.7530  1.7554  1.7045  1.5291  1.3997  1.3448
    5.25   50.10  -1.2349 -0.1629  0.6468  1.1033  1.6090  1.7530  1.7554  1.7045  1.5291  1.3997  1.3448
    5.25   50.16  -1.2106 -0.1629  0.6468  1.1033  1.6090  1.7530  1.7554  1.7045  1.5291  1.3997  1.3448
    5.25   50.25  -1.1851 -0.1632  0.6465  1.1029  1.6086  1.7526  1.7550  1.7041  1.5287  1.3993  1.3443
    5.25   50.40  -1.1620 -0.1639  0.6457  1.1019  1.6075  1.7517  1.7540  1.7030  1.5276  1.3983  1.3432
    5.25   50.63  -1.1302 -0.1654  0.6441  1.1000  1.6055  1.7496  1.7520  1.7009  1.5254  1.3962  1.3411
    5.25   50.99  -1.1003 -0.1680  0.6413  1.0966  1.6019  1.7460  1.7485  1.6971  1.5215  1.3924  1.3373
    5.25   51.56  -1.0719 -0.1723  0.6364  1.0907  1.5956  1.7399  1.7423  1.6905  1.5146  1.3857  1.3309
    5.25   52.45  -1.0451 -0.1798  0.6282  1.0809  1.5851  1.7295  1.7320  1.6794  1.5031  1.3748  1.3201
    5.25   53.83  -1.0226 -0.1918  0.6151  1.0651  1.5684  1.7129  1.7154  1.6617  1.4848  1.3570  1.3025
    5.25   55.96  -1.0074 -0.2105  0.5947  1.0405  1.5421  1.6870  1.6896  1.6340  1.4561  1.3293  1.2755
    5.25   59.16  -1.0010 -0.2386  0.5642  1.0037  1.5028  1.6483  1.6510  1.5927  1.4129  1.2881  1.2346
    5.25   63.91  -1.0072 -0.2786  0.5204  0.9511  1.4469  1.5928  1.5957  1.5334  1.3516  1.2292  1.1765
    5.25   70.80  -1.0299 -0.3341  0.4597  0.8787  1.3691  1.5145  1.5172  1.4491  1.2644  1.1462  1.0963
    5.25   80.51  -1.0685 -0.4053  0.3817  0.7862  1.2696  1.4139  1.4164  1.3402  1.1524  1.0392  0.9937
    5.25   93.86  -1.1239 -0.4941  0.2863  0.6716  1.1459  1.2867  1.2866  1.1999  1.0092  0.9041  0.8673
    5.25  111.80  -1.1950 -0.5979  0.1747  0.5381  1.0003  1.1358  1.1311  1.0311  0.8385  0.7434  0.7189
    5.25  135.46  -1.2796 -0.7161  0.0487  0.3880  0.8347  0.9609  0.9491  0.8320  0.6398  0.5572  0.5505
    5.25  166.19  -1.3785 -0.8477 -0.0904  0.2234  0.6503  0.7621  0.7392  0.6011  0.4122  0.3455  0.3641
    5.25  205.70  -1.4910 -0.9931 -0.2414  0.0442  0.4471  0.5385  0.4989  0.3350  0.1534  0.1066  0.1550
    5.25  256.12  -1.6165 -1.1517 -0.4051 -0.1490  0.2249  0.2861  0.2242  0.0274 -0.1418 -0.1636 -0.0794
    5.25  320.16  -1.7589 -1.3271 -0.5835 -0.3578 -0.0213  0.0006 -0.0916 -0.3287 -0.4793 -0.4686 -0.3353
    5.25  401.24  -1.9189 -1.5204 -0.7774 -0.5842 -0.2932 -0.3252 -0.4583 -0.7450 -0.8677 -0.8182 -0.6239
    5.25  503.68  -2.1038 -1.7374 -0.9910 -0.8321 -0.5978 -0.7005 -0.8874 -1.2360 -1.3201 -1.2207 -0.9570
    5.25  632.94  -2.3156 -1.9813 -1.2283 -1.1058 -0.9422 -1.1370 -1.3935 -1.8189 -1.8512 -1.6892 -1.3010
    5.25  795.90  -2.5629 -2.2608 -1.4948 -1.4119 -1.3370 -1.6491 -1.9974 -2.5182 -2.4811 -2.2411 -1.6952
    5.50   50.01  -0.9853  0.0241  0.8423  1.2648  1.7280  1.8495  1.8419  1.7825  1.6067  1.4878  1.4648
    5.50   50.02  -0.9853  0.0241  0.8423  1.2648  1.7280  1.8495  1.8419  1.7825  1.6067  1.4878  1.4648
    5.50   50.02  -0.9853  0.0241  0.8423  1.2648  1.7280  1.8495  1.8419  1.7825  1.6067  1.4878  1.4648
    5.50   50.04  -0.9853  0.0241  0.8423  1.2648  1.7280  1.8495  1.8419  1.7825  1.6067  1.4878  1.4648
    5.50   50.06  -0.9853  0.0241  0.8423  1.2648  1.7280  1.8495  1.8419  1.7825  1.6067  1.4878  1.4648
    5.50   50.10  -0.9799  0.0241  0.8423  1.2648  1.7280  1.8495  1.8419  1.7825  1.6067  1.4878  1.4648
    5.50   50.16  -0.9658  0.0241  0.8423  1.2648  1.7280  1.8495  1.8419  1.7825  1.6067  1.4878  1.4648
    5.50   50.25  -0.9373  0.0241  0.8423  1.2648  1.7279  1.8495  1.8418  1.7825  1.6067  1.4876  1.4648
    5.50   50.40  -0.9134  0.0236  0.8418  1.2641  1.7272  1.8488  1.8412  1.7817  1.6060  1.4869  1.4640
    5.50   50.63  -0.8848  0.0225  0.8405  1.2628  1.7257  1.8473  1.8397  1.7801  1.6042  1.4854  1.4624
    5.50   50.99  -0.8548  0.0203  0.8381  1.2597  1.7225  1.8442  1.8367  1.7769  1.6008  1.4821  1.4591
    5.50   51.56  -0.8275  0.0163  0.8337  1.2545  1.7170  1.8387  1.8311  1.7710  1.5947  1.4762  1.4534
    5.50   52.45  -0.8016  0.0094  0.8262  1.2453  1.7073  1.8291  1.8216  1.7608  1.5841  1.4659  1.4432
    5.50   53.83  -0.7820 -0.0019  0.8138  1.2304  1.6914  1.8133  1.8060  1.7440  1.5666  1.4493  1.4267
    5.50   55.96  -0.7660 -0.0198  0.7941  1.2070  1.6661  1.7884  1.7811  1.7175  1.5390  1.4227  1.4006
    5.50   59.16  -0.7621 -0.0469  0.7642  1.1709  1.6278  1.7505  1.7435  1.6771  1.4972  1.3823  1.3611
    5.50   63.91  -0.7685 -0.0862  0.7212  1.1192  1.5726  1.6959  1.6892  1.6190  1.4369  1.3241  1.3039
    5.50   70.80  -0.7928 -0.1412  0.6608  1.0474  1.4955  1.6185  1.6119  1.5358  1.3509  1.2420  1.2247
    5.50   80.51  -0.8337 -0.2126  0.5829  0.9548  1.3962  1.5180  1.5113  1.4274  1.2392  1.1352  1.1224
    5.50   93.86  -0.8923 -0.3010  0.4875  0.8400  1.2722  1.3914  1.3819  1.2879  1.0962  1.0007  0.9973
    5.50  111.80  -0.9649 -0.4047  0.3759  0.7062  1.1264  1.2405  1.2269  1.1195  0.9254  0.8401  0.8497
    5.50  135.46  -1.0532 -0.5230  0.2492  0.5558  0.9607  1.0652  1.0452  0.9202  0.7270  0.6535  0.6809
    5.50  166.19  -1.1556 -0.6548  0.1097  0.3905  0.7760  0.8663  0.8349  0.6895  0.4993  0.4417  0.4941
    5.50  205.70  -1.2714 -0.8004 -0.0418  0.2108  0.5722  0.6423  0.5945  0.4233  0.2401  0.2023  0.2856
    5.50  256.12  -1.3991 -0.9595 -0.2055  0.0171  0.3494  0.3894  0.3201  0.1157 -0.0558 -0.0681  0.0529
    5.50  320.16  -1.5458 -1.1352 -0.3843 -0.1920  0.1030  0.1043  0.0038 -0.2408 -0.3937 -0.3735 -0.2024
    5.50  401.24  -1.7096 -1.3285 -0.5784 -0.4189 -0.1695 -0.2225 -0.3638 -0.6578 -0.7820 -0.7231 -0.4897
    5.50  503.68  -1.8962 -1.5454 -0.7925 -0.6666 -0.4741 -0.5977 -0.7926 -1.1493 -1.2347 -1.1261 -0.8211
    5.50  632.94  -2.1112 -1.7900 -1.0298 -0.9412 -0.8191 -1.0344 -1.2991 -1.7325 -1.7661 -1.5949 -1.1654
    5.50  795.90  -2.3616 -2.0695 -1.2966 -1.2469 -1.2137 -1.5467 -1.9031 -2.4314 -2.3962 -2.1470 -1.5599
    5.75   50.01  -0.7259  0.2116  1.0343  1.4293  1.8570  1.9605  1.9454  1.8790  1.7027  1.5908  1.6022
    5.75   50.02  -0.7259  0.2116  1.0343  1.4293  1.8570  1.9605  1.9454  1.8790  1.7027  1.5908  1.6022
    5.75   50.02  -0.7259  0.2116  1.0343  1.4293  1.8570  1.9605  1.9454  1.8790  1.7027  1.5908  1.6022
    5.75   50.04  -0.7259  0.2116  1.0343  1.4293  1.8570  1.9605  1.9454  1.8790  1.7027  1.5908  1.6022
    5.75   50.06  -0.7259  0.2116  1.0343  1.4293  1.8570  1.9605  1.9454  1.8790  1.7027  1.5908  1.6022
    5.75   50.10  -0.7259  0.2116  1.0343  1.4293  1.8570  1.9605  1.9454  1.8790  1.7027  1.5908  1.6022
    5.75   50.16  -0.7197  0.2116  1.0343  1.4293  1.8570  1.9605  1.9454  1.8790  1.7027  1.5908  1.6022
    5.75   50.25  -0.6997  0.2116  1.0343  1.4293  1.8570  1.9605  1.9454  1.8790  1.7027  1.5908  1.6022
    5.75   50.40  -0.6710  0.2116  1.0343  1.4293  1.8569  1.9604  1.9453  1.8789  1.7026  1.5906  1.6020
    5.75   50.63  -0.6457  0.2108  1.0334  1.4281  1.8558  1.9594  1.9443  1.8778  1.7015  1.5896  1.6010
    5.75   50.99  -0.6145  0.2092  1.0316  1.4260  1.8534  1.9571  1.9420  1.8753  1.6989  1.5870  1.5987
    5.75   51.56  -0.5877  0.2056  1.0279  1.4215  1.8486  1.9524  1.9373  1.8703  1.6937  1.5821  1.5938
    5.75   52.45  -0.5620  0.1996  1.0211  1.4134  1.8400  1.9439  1.9289  1.8613  1.6842  1.5729  1.5849
    5.75   53.83  -0.5417  0.1893  1.0096  1.3993  1.8253  1.9293  1.9145  1.8459  1.6681  1.5575  1.5698
    5.75   55.96  -0.5290  0.1723  0.9909  1.3770  1.8013  1.9058  1.8911  1.8209  1.6419  1.5322  1.5452
    5.75   59.16  -0.5261  0.1461  0.9620  1.3420  1.7644  1.8693  1.8550  1.7822  1.6014  1.4932  1.5074
    5.75   63.91  -0.5358  0.1078  0.9198  1.2912  1.7103  1.8160  1.8022  1.7255  1.5424  1.4364  1.4522
    5.75   70.80  -0.5611  0.0538  0.8604  1.2200  1.6343  1.7400  1.7264  1.6440  1.4580  1.3556  1.3741
    5.75   80.51  -0.6045 -0.0171  0.7829  1.1277  1.5352  1.6400  1.6263  1.5365  1.3470  1.2491  1.2727
    5.75   93.86  -0.6639 -0.1052  0.6870  1.0130  1.4113  1.5136  1.4977  1.3977  1.2049  1.1151  1.1472
    5.75  111.80  -0.7404 -0.2092  0.5748  0.8790  1.2651  1.3629  1.3429  1.2298  1.0342  0.9545  0.9994
    5.75  135.46  -0.8312 -0.3275  0.4480  0.7280  1.0991  1.1878  1.1617  1.0310  0.8356  0.7680  0.8305
    5.75  166.19  -0.9359 -0.4593  0.3082  0.5621  0.9137  0.9886  0.9517  0.8005  0.6077  0.5559  0.6436
    5.75  205.70  -1.0536 -0.6054  0.1562  0.3815  0.7097  0.7645  0.7112  0.5342  0.3482  0.3161  0.4362
    5.75  256.12  -1.1866 -0.7646 -0.0080  0.1875  0.4863  0.5113  0.4363  0.2266  0.0523  0.0454  0.2033
    5.75  320.16  -1.3361 -0.9405 -0.1869 -0.0223  0.2392  0.2248  0.1192 -0.1307 -0.2863 -0.2611 -0.0508
    5.75  401.24  -1.5016 -1.1341 -0.3815 -0.2492 -0.0337 -0.1020 -0.2483 -0.5478 -0.6751 -0.6108 -0.3376
    5.75  503.68  -1.6918 -1.3508 -0.5959 -0.4973 -0.3386 -0.4769 -0.6772 -1.0390 -1.1282 -1.0142 -0.6672
    5.75  632.94  -1.9098 -1.5959 -0.8335 -0.7721 -0.6835 -0.9139 -1.1841 -1.6225 -1.6596 -1.4832 -1.0128
    5.75  795.90  -2.1620 -1.8753 -1.1004 -1.0785 -1.0783 -1.4264 -1.7878 -2.3211 -2.2898 -2.0351 -1.4071
    6.00   50.01  -0.4691  0.3993  1.2264  1.5937  1.9859  2.0715  2.0489  1.9755  1.7986  1.6937  1.7397
    6.00   50.02  -0.4691  0.3993  1.2264  1.5937  1.9859  2.0715  2.0489  1.9755  1.7986  1.6937  1.7397
    6.00   50.02  -0.4691  0.3993  1.2264  1.5937  1.9859  2.0715  2.0489  1.9755  1.7986  1.6937  1.7397
    6.00   50.04  -0.4691  0.3993  1.2264  1.5937  1.9859  2.0715  2.0489  1.9755  1.7986  1.6937  1.7397
    6.00   50.06  -0.4691  0.3993  1.2264  1.5937  1.9859  2.0715  2.0489  1.9755  1.7986  1.6937  1.7397
    6.00   50.10  -0.4691  0.3993  1.2264  1.5937  1.9859  2.0715  2.0489  1.9755  1.7986  1.6937  1.7397
    6.00   50.16  -0.4691  0.3993  1.2264  1.5937  1.9859  2.0715  2.0489  1.9755  1.7986  1.6937  1.7397
    6.00   50.25  -0.4651  0.3993  1.2264  1.5937  1.9859  2.0715  2.0489  1.9755  1.7986  1.6937  1.7397
    6.00   50.40  -0.4412  0.3993  1.2264  1.5937  1.9859  2.0715  2.0489  1.9755  1.7986  1.6937  1.7397
    6.00   50.63  -0.4109  0.3990  1.2260  1.5935  1.9858  2.0713  2.0487  1.9753  1.7985  1.6935  1.7395
    6.00   50.99  -0.3823  0.3977  1.2249  1.5923  1.9843  2.0699  2.0473  1.9738  1.7969  1.6920  1.7380
    6.00   51.56  -0.3549  0.3954  1.2222  1.5887  1.9806  2.0663  2.0437  1.9700  1.7929  1.6882  1.7343
    6.00   52.45  -0.3303  0.3902  1.2165  1.5817  1.9733  2.0591  2.0366  1.9624  1.7848  1.6805  1.7269
    6.00   53.83  -0.3103  0.3809  1.2063  1.5692  1.9601  2.0462  2.0238  1.9486  1.7704  1.6665  1.7136
    6.00   55.96  -0.2974  0.3651  1.1889  1.5483  1.9379  2.0243  2.0023  1.9255  1.7462  1.6432  1.6911
    6.00   59.16  -0.2957  0.3403  1.1612  1.5149  1.9027  1.9897  1.9681  1.8888  1.7076  1.6061  1.6555
    6.00   63.91  -0.3064  0.3032  1.1201  1.4651  1.8501  1.9381  1.9171  1.8341  1.6501  1.5507  1.6023
    6.00   70.80  -0.3335  0.2501  1.0618  1.3951  1.7755  1.8639  1.8432  1.7549  1.5676  1.4716  1.5264
    6.00   80.51  -0.3773  0.1801  0.9848  1.3029  1.6766  1.7644  1.7438  1.6481  1.4575  1.3659  1.4252
    6.00   93.86  -0.4400  0.0921  0.8887  1.1883  1.5527  1.6384  1.6160  1.5104  1.3162  1.2319  1.2995
    6.00  111.80  -0.5171 -0.0119  0.7757  1.0537  1.4064  1.4877  1.4615  1.3429  1.1459  1.0715  1.1514
    6.00  135.46  -0.6125 -0.1306  0.6485  0.9021  1.2395  1.3125  1.2807  1.1443  0.9468  0.8849  0.9822
    6.00  166.19  -0.7191 -0.2626  0.5083  0.7352  1.0532  1.1128  1.0704  0.9139  0.7183  0.6723  0.7949
    6.00  205.70  -0.8413 -0.4086  0.3553  0.5536  0.8487  0.8884  0.8298  0.6473  0.4583  0.4316  0.5884
    6.00  256.12  -0.9773 -0.5689  0.1902  0.3591  0.6240  0.6343  0.5531  0.3384  0.1612  0.1598  0.3550
    6.00  320.16  -1.1282 -0.7452  0.0112  0.1484  0.3767  0.3467  0.2362 -0.0190 -0.1775 -0.1475  0.1017
    6.00  401.24  -1.2981 -0.9390 -0.1839 -0.0785  0.1032  0.0198 -0.1314 -0.4361 -0.5670 -0.4973 -0.1846
    6.00  503.68  -1.4903 -1.1556 -0.3985 -0.3272 -0.2022 -0.3552 -0.5609 -0.9273 -1.0205 -0.9013 -0.5126
    6.00  632.94  -1.7118 -1.4014 -0.6366 -0.6022 -0.5470 -0.7925 -1.0680 -1.5111 -1.5516 -1.3705 -0.8595
    6.00  795.90  -1.9665 -1.6805 -0.9038 -0.9095 -0.9421 -1.3054 -1.6714 -2.2095 -2.1822 -1.9222 -1.2534
    6.25   50.01  -0.2214  0.5866  1.4143  1.7587  2.1239  2.1966  2.1680  2.0879  1.9112  1.8097  1.8932
    6.25   50.02  -0.2214  0.5866  1.4143  1.7587  2.1239  2.1966  2.1680  2.0879  1.9112  1.8097  1.8932
    6.25   50.02  -0.2214  0.5866  1.4143  1.7587  2.1239  2.1966  2.1680  2.0879  1.9112  1.8097  1.8932
    6.25   50.04  -0.2214  0.5866  1.4143  1.7587  2.1239  2.1966  2.1680  2.0879  1.9112  1.8097  1.8932
    6.25   50.06  -0.2214  0.5866  1.4143  1.7587  2.1239  2.1966  2.1680  2.0879  1.9112  1.8097  1.8932
    6.25   50.10  -0.2214  0.5866  1.4143  1.7587  2.1239  2.1966  2.1680  2.0879  1.9112  1.8097  1.8932
    6.25   50.16  -0.2214  0.5866  1.4143  1.7587  2.1239  2.1966  2.1680  2.0879  1.9112  1.8097  1.8932
    6.25   50.25  -0.2214  0.5866  1.4143  1.7587  2.1239  2.1966  2.1680  2.0879  1.9112  1.8097  1.8932
    6.25   50.40  -0.2213  0.5866  1.4143  1.7587  2.1239  2.1966  2.1680  2.0879  1.9112  1.8097  1.8932
    6.25   50.63  -0.1926  0.5866  1.4143  1.7587  2.1239  2.1966  2.1680  2.0879  1.9112  1.8097  1.8932
    6.25   50.99  -0.1631  0.5864  1.4141  1.7585  2.1237  2.1962  2.1677  2.0875  1.9108  1.8094  1.8929
    6.25   51.56  -0.1312  0.5849  1.4124  1.7564  2.1215  2.1941  2.1656  2.0855  1.9085  1.8071  1.8907
    6.25   52.45  -0.1051  0.5810  1.4079  1.7511  2.1159  2.1885  2.1603  2.0797  1.9025  1.8013  1.8850
    6.25   53.83  -0.0849  0.5732  1.3994  1.7407  2.1048  2.1777  2.1496  2.0685  1.8904  1.7897  1.8739
    6.25   55.96  -0.0719  0.5591  1.3836  1.7219  2.0850  2.1584  2.1303  2.0478  1.8688  1.7688  1.8538
    6.25   59.16  -0.0675  0.5361  1.3578  1.6909  2.0522  2.1261  2.0986  2.0139  1.8331  1.7343  1.8206
    6.25   63.91  -0.0793  0.5006  1.3184  1.6432  2.0019  2.0766  2.0502  1.9620  1.7783  1.6815  1.7697
    6.25   70.80  -0.1063  0.4496  1.2613  1.5748  1.9294  2.0049  1.9793  1.8861  1.6987  1.6049  1.6962
    6.25   80.51  -0.1525  0.3801  1.1848  1.4830  1.8311  1.9067  1.8810  1.7808  1.5891  1.5002  1.5969
    6.25   93.86  -0.2167  0.2931  1.0889  1.3685  1.7076  1.7816  1.7549  1.6449  1.4491  1.3670  1.4721
    6.25  111.80  -0.2986  0.1889  0.9757  1.2338  1.5611  1.6311  1.6014  1.4788  1.2795  1.2066  1.3240
    6.25  135.46  -0.3955  0.0704  0.8479  1.0812  1.3936  1.4556  1.4205  1.2809  1.0809  1.0199  1.1554
    6.25  166.19  -0.5074 -0.0627  0.7066  0.9129  1.2064  1.2556  1.2103  1.0504  0.8520  0.8069  0.9668
    6.25  205.70  -0.6314 -0.2093  0.5528  0.7307  1.0003  1.0297  0.9683  0.7824  0.5903  0.5650  0.7595
    6.25  256.12  -0.7696 -0.3699  0.3865  0.5350  0.7748  0.7750  0.6918  0.4735  0.2926  0.2927  0.5274
    6.25  320.16  -0.9241 -0.5459  0.2067  0.3234  0.5268  0.4872  0.3740  0.1157 -0.0467 -0.0150  0.2736
    6.25  401.24  -1.0978 -0.7402  0.0116  0.0956  0.2530  0.1599  0.0062 -0.3015 -0.4365 -0.3656 -0.0108
    6.25  503.68  -1.2928 -0.9575 -0.2036 -0.1536 -0.0532 -0.2160 -0.4234 -0.7927 -0.8902 -0.7696 -0.3369
    6.25  632.94  -1.5161 -1.2033 -0.4416 -0.4287 -0.3985 -0.6535 -0.9304 -1.3765 -1.4217 -1.2389 -0.6838
    6.25  795.90  -1.7743 -1.4827 -0.7094 -0.7362 -0.7936 -1.1666 -1.5337 -2.0753 -2.0522 -1.7911 -1.0788
    6.50   50.01   0.0252  0.7741  1.6023  1.9238  2.2619  2.3214  2.2868  2.2005  2.0236  1.9256  2.0466
    6.50   50.02   0.0252  0.7741  1.6023  1.9238  2.2619  2.3214  2.2868  2.2005  2.0236  1.9256  2.0466
    6.50   50.02   0.0252  0.7741  1.6023  1.9238  2.2619  2.3214  2.2868  2.2005  2.0236  1.9256  2.0466
    6.50   50.04   0.0252  0.7741  1.6023  1.9238  2.2619  2.3214  2.2868  2.2005  2.0236  1.9256  2.0466
    6.50   50.06   0.0252  0.7741  1.6023  1.9238  2.2619  2.3214  2.2868  2.2005  2.0236  1.9256  2.0466
    6.50   50.10   0.0252  0.7741  1.6023  1.9238  2.2619  2.3214  2.2868  2.2005  2.0236  1.9256  2.0466
    6.50   50.16   0.0252  0.7741  1.6023  1.9238  2.2619  2.3214  2.2868  2.2005  2.0236  1.9256  2.0466
    6.50   50.25   0.0252  0.7741  1.6023  1.9238  2.2619  2.3214  2.2868  2.2005  2.0236  1.9256  2.0466
    6.50   50.40   0.0252  0.7741  1.6023  1.9238  2.2619  2.3214  2.2868  2.2005  2.0236  1.9256  2.0466
    6.50   50.63   0.0252  0.7741  1.6023  1.9238  2.2619  2.3214  2.2868  2.2005  2.0236  1.9256  2.0466
    6.50   50.99   0.0479  0.7741  1.6023  1.9238  2.2619  2.3214  2.2868  2.2005  2.0236  1.9256  2.0466
    6.50   51.56   0.0819  0.7739  1.6021  1.9235  2.2616  2.3212  2.2866  2.1999  2.0233  1.9253  2.0463
    6.50   52.45   0.1117  0.7716  1.5995  1.9204  2.2583  2.3180  2.2834  2.1968  2.0198  1.9220  2.0430
    6.50   53.83   0.1346  0.7658  1.5929  1.9125  2.2500  2.3098  2.2756  2.1882  2.0108  1.9133  2.0346
    6.50   55.96   0.1497  0.7540  1.5797  1.8967  2.2333  2.2934  2.2596  2.1712  1.9927  1.8957  2.0177
    6.50   59.16   0.1536  0.7334  1.5563  1.8688  2.2038  2.2644  2.2312  2.1411  1.9607  1.8649  1.9879
    6.50   63.91   0.1444  0.7003  1.5191  1.8240  2.1568  2.2179  2.1860  2.0927  1.9095  1.8153  1.9400
    6.50   70.80   0.1169  0.6515  1.4641  1.7582  2.0869  2.1496  2.1188  2.0210  1.8337  1.7422  1.8696
    6.50   80.51   0.0703  0.5832  1.3880  1.6670  1.9896  2.0528  2.0222  1.9175  1.7253  1.6388  1.7722
    6.50   93.86   0.0021  0.4967  1.2922  1.5525  1.8665  1.9290  1.8978  1.7840  1.5866  1.5067  1.6487
    6.50  111.80  -0.0798  0.3928  1.1789  1.4172  1.7196  1.7784  1.7453  1.6190  1.4178  1.3462  1.5005
    6.50  135.46  -0.1802  0.2737  1.0499  1.2634  1.5507  1.6024  1.5640  1.4216  1.2189  1.1587  1.3325
    6.50  166.19  -0.2947  0.1389  0.9067  1.0929  1.3622  1.4008  1.3521  1.1892  0.9881  0.9440  1.1414
    6.50  205.70  -0.4234 -0.0079  0.7519  0.9098  1.1543  1.1737  1.1098  0.9208  0.7253  0.7014  0.9331
    6.50  256.12  -0.5667 -0.1690  0.5847  0.7128  0.9279  0.9184  0.8329  0.6116  0.4268  0.4283  0.7020
    6.50  320.16  -0.7236 -0.3455  0.4039  0.5001  0.6786  0.6299  0.5141  0.2534  0.0868  0.1199  0.4478
    6.50  401.24  -0.8996 -0.5407  0.2083  0.2712  0.4040  0.3022  0.1459 -0.1643 -0.3036 -0.2317  0.1647
    6.50  503.68  -1.0993 -0.7586 -0.0075  0.0211  0.0973 -0.0750 -0.2838 -0.6557 -0.7573 -0.6360 -0.1597
    6.50  632.94  -1.3266 -1.0042 -0.2455 -0.2541 -0.2487 -0.5126 -0.7910 -1.2397 -1.2898 -1.1055 -0.5070
    6.50  795.90  -1.5879 -1.2840 -0.5144 -0.5622 -0.6438 -1.0262 -1.3942 -1.9388 -1.9203 -1.6581 -0.9030
    6.75   50.01   0.2616  0.9586  1.7853  2.0892  2.4080  2.4589  2.4193  2.3264  2.1502  2.0526  2.2137
    6.75   50.02   0.2616  0.9586  1.7853  2.0892  2.4080  2.4589  2.4193  2.3264  2.1502  2.0526  2.2137
    6.75   50.02   0.2616  0.9586  1.7853  2.0892  2.4080  2.4589  2.4193  2.3264  2.1502  2.0526  2.2137
    6.75   50.04   0.2616  0.9586  1.7853  2.0892  2.4080  2.4589  2.4193  2.3264  2.1502  2.0526  2.2137
    6.75   50.06   0.2616  0.9586  1.7853  2.0892  2.4080  2.4589  2.4193  2.3264  2.1502  2.0526  2.2137
    6.75   50.10   0.2616  0.9586  1.7853  2.0892  2.4080  2.4589  2.4193  2.3264  2.1502  2.0526  2.2137
    6.75   50.16   0.2616  0.9586  1.7853  2.0892  2.4080  2.4589  2.4193  2.3264  2.1502  2.0526  2.2137
    6.75   50.25   0.2616  0.9586  1.7853  2.0892  2.4080  2.4589  2.4193  2.3264  2.1502  2.0526  2.2137
    6.75   50.40   0.2616  0.9586  1.7853  2.0892  2.4080  2.4589  2.4193  2.3264  2.1502  2.0526  2.2137
    6.75   50.63   0.2616  0.9586  1.7853  2.0892  2.4080  2.4589  2.4193  2.3264  2.1502  2.0526  2.2137
    6.75   50.99   0.2616  0.9586  1.7853  2.0892  2.4080  2.4589  2.4193  2.3264  2.1502  2.0526  2.2137
    6.75   51.56   0.2741  0.9586  1.7853  2.0892  2.4080  2.4589  2.4193  2.3264  2.1502  2.0526  2.2137
    6.75   52.45   0.3127  0.9583  1.7850  2.0889  2.4075  2.4585  2.4189  2.3259  2.1495  2.0522  2.2130
    6.75   53.83   0.3431  0.9550  1.7813  2.0845  2.4029  2.4541  2.4146  2.3212  2.1448  2.0474  2.2087
    6.75   55.96   0.3602  0.9465  1.7714  2.0727  2.3905  2.4418  2.4028  2.3088  2.1312  2.0345  2.1963
    6.75   59.16   0.3684  0.9293  1.7518  2.0492  2.3656  2.4176  2.3792  2.2838  2.1046  2.0086  2.1715
    6.75   63.91   0.3599  0.8995  1.7178  2.0085  2.3225  2.3758  2.3383  2.2402  2.0583  1.9639  2.1290
    6.75   70.80   0.3341  0.8537  1.6654  1.9460  2.2563  2.3111  2.2756  2.1735  1.9872  1.8953  2.0631
    6.75   80.51   0.2876  0.7878  1.5911  1.8570  2.1617  2.2173  2.1827  2.0744  1.8828  1.7951  1.9684
    6.75   93.86   0.2199  0.7027  1.4961  1.7430  2.0400  2.0955  2.0611  1.9444  1.7470  1.6652  1.8464
    6.75  111.80   0.1348  0.5994  1.3817  1.6065  1.8927  1.9454  1.9098  1.7816  1.5788  1.5052  1.6979
    6.75  135.46   0.0310  0.4790  1.2510  1.4507  1.7217  1.7677  1.7273  1.5832  1.3778  1.3161  1.5283
    6.75  166.19  -0.0860  0.3444  1.1067  1.2789  1.5314  1.5651  1.5155  1.3509  1.1463  1.1004  1.3373
    6.75  205.70  -0.2184  0.1967  0.9502  1.0941  1.3228  1.3370  1.2729  1.0826  0.8830  0.8568  1.1280
    6.75  256.12  -0.3636  0.0348  0.7818  0.8956  1.0944  1.0805  0.9957  0.7737  0.5840  0.5827  0.8975
    6.75  320.16  -0.5255 -0.1424  0.6002  0.6817  0.8444  0.7914  0.6766  0.4150  0.2435  0.2738  0.6436
    6.75  401.24  -0.7037 -0.3380  0.4036  0.4516  0.5687  0.4630  0.3082 -0.0029 -0.1475 -0.0785  0.3608
    6.75  503.68  -0.9068 -0.5559  0.1873  0.2011  0.2612  0.0854 -0.1219 -0.4944 -0.6020 -0.4833  0.0380
    6.75  632.94  -1.1369 -0.8021 -0.0518 -0.0751 -0.0852 -0.3525 -0.6294 -1.0785 -1.1347 -0.9537 -0.3104
    6.75  795.90  -1.4013 -1.0821 -0.3203 -0.3834 -0.4814 -0.8662 -1.2332 -1.7779 -1.7658 -1.5066 -0.7067
    7.00   50.01   0.4940  1.1430  1.9683  2.2548  2.5539  2.5964  2.5517  2.4522  2.2766  2.1797  2.3805
    7.00   50.02   0.4940  1.1430  1.9683  2.2548  2.5539  2.5964  2.5517  2.4522  2.2766  2.1797  2.3805
    7.00   50.02   0.4940  1.1430  1.9683  2.2548  2.5539  2.5964  2.5517  2.4522  2.2766  2.1797  2.3805
    7.00   50.04   0.4940  1.1430  1.9683  2.2548  2.5539  2.5964  2.5517  2.4522  2.2766  2.1797  2.3805
    7.00   50.06   0.4940  1.1430  1.9683  2.2548  2.5539  2.5964  2.5517  2.4522  2.2766  2.1797  2.3805
    7.00   50.10   0.4940  1.1430  1.9683  2.2548  2.5539  2.5964  2.5517  2.4522  2.2766  2.1797  2.3805
    7.00   50.16   0.4940  1.1430  1.9683  2.2548  2.5539  2.5964  2.5517  2.4522  2.2766  2.1797  2.3805
    7.00   50.25   0.4940  1.1430  1.9683  2.2548  2.5539  2.5964  2.5517  2.4522  2.2766  2.1797  2.3805
    7.00   50.40   0.4940  1.1430  1.9683  2.2548  2.5539  2.5964  2.5517  2.4522  2.2766  2.1797  2.3805
    7.00   50.63   0.4940  1.1430  1.9683  2.2548  2.5539  2.5964  2.5517  2.4522  2.2766  2.1797  2.3805
    7.00   50.99   0.4940  1.1430  1.9683  2.2548  2.5539  2.5964  2.5517  2.4522  2.2766  2.1797  2.3805
    7.00   51.56   0.4940  1.1430  1.9683  2.2548  2.5539  2.5964  2.5517  2.4522  2.2766  2.1797  2.3805
    7.00   52.45   0.4957  1.1430  1.9683  2.2548  2.5539  2.5964  2.5517  2.4522  2.2766  2.1797  2.3805
    7.00   53.83   0.5345  1.1428  1.9680  2.2545  2.5535  2.5960  2.5514  2.4519  2.2761  2.1790  2.3802
    7.00   55.96   0.5626  1.1382  1.9627  2.2481  2.5468  2.5895  2.5452  2.4454  2.2690  2.1724  2.3736
    7.00   59.16   0.5753  1.1256  1.9481  2.2304  2.5284  2.5717  2.5278  2.4270  2.2493  2.1532  2.3557
    7.00   63.91   0.5714  1.1006  1.9191  2.1959  2.4919  2.5362  2.4935  2.3905  2.2103  2.1155  2.3198
    7.00   70.80   0.5499  1.0589  1.8706  2.1383  2.4306  2.4769  2.4361  2.3299  2.1452  2.0527  2.2604
    7.00   80.51   0.5048  0.9964  1.7993  2.0528  2.3400  2.3878  2.3489  2.2373  2.0468  1.9579  2.1707
    7.00   93.86   0.4374  0.9132  1.7054  1.9399  2.2203  2.2688  2.2312  2.1115  1.9149  1.8309  2.0508
    7.00  111.80   0.3483  0.8095  1.5892  1.8011  2.0713  2.1175  2.0790  1.9487  1.7452  1.6696  1.9011
    7.00  135.46   0.2428  0.6885  1.4566  1.6433  1.8986  1.9389  1.8965  1.7512  1.5433  1.4800  1.7298
    7.00  166.19   0.1204  0.5528  1.3107  1.4694  1.7058  1.7348  1.6846  1.5188  1.3108  1.2625  1.5382
    7.00  205.70  -0.0146  0.4044  1.1519  1.2822  1.4953  1.5052  1.4413  1.2503  1.0461  1.0173  1.3273
    7.00  256.12  -0.1642  0.2414  0.9818  1.0817  1.2648  1.2467  1.1631  0.9407  0.7463  0.7418  1.0965
    7.00  320.16  -0.3289  0.0631  0.7990  0.8664  1.0134  0.9567  0.8432  0.5814  0.4049  0.4318  0.8427
    7.00  401.24  -0.5112 -0.1333  0.6008  0.6345  0.7361  0.6274  0.4742  0.1628  0.0126  0.0783  0.5598
    7.00  503.68  -0.7172 -0.3518  0.3841  0.3828  0.4275  0.2489  0.0434 -0.3288 -0.4428 -0.3274  0.2384
    7.00  632.94  -0.9509 -0.5979  0.1435  0.1057  0.0805 -0.1896 -0.4645 -0.9133 -0.9761 -0.7990 -0.1116
    7.00  795.90  -1.2190 -0.8788 -0.1249 -0.2031 -0.3169 -0.7038 -1.0692 -1.6131 -1.6081 -1.3522 -0.5083
    7.25   50.01   0.7153  1.3226  2.1442  2.4182  2.7053  2.7438  2.6942  2.5883  2.4139  2.3146  2.6190
    7.25   50.02   0.7153  1.3226  2.1442  2.4182  2.7053  2.7438  2.6942  2.5883  2.4139  2.3146  2.6190
    7.25   50.02   0.7153  1.3226  2.1442  2.4182  2.7053  2.7438  2.6942  2.5883  2.4139  2.3146  2.6190
    7.25   50.04   0.7153  1.3226  2.1442  2.4182  2.7053  2.7438  2.6942  2.5883  2.4139  2.3146  2.6190
    7.25   50.06   0.7153  1.3226  2.1442  2.4182  2.7053  2.7438  2.6942  2.5883  2.4139  2.3146  2.6190
    7.25   50.10   0.7153  1.3226  2.1442  2.4182  2.7053  2.7438  2.6942  2.5883  2.4139  2.3146  2.6190
    7.25   50.16   0.7153  1.3226  2.1442  2.4182  2.7053  2.7438  2.6942  2.5883  2.4139  2.3146  2.6190
    7.25   50.25   0.7153  1.3226  2.1442  2.4182  2.7053  2.7438  2.6942  2.5883  2.4139  2.3146  2.6190
    7.25   50.40   0.7153  1.3226  2.1442  2.4182  2.7053  2.7438  2.6942  2.5883  2.4139  2.3146  2.6190
    7.25   50.63   0.7153  1.3226  2.1442  2.4182  2.7053  2.7438  2.6942  2.5883  2.4139  2.3146  2.6190
    7.25   50.99   0.7153  1.3226  2.1442  2.4182  2.7053  2.7438  2.6942  2.5883  2.4139  2.3146  2.6190
    7.25   51.56   0.7153  1.3226  2.1442  2.4182  2.7053  2.7438  2.6942  2.5883  2.4139  2.3146  2.6190
    7.25   52.45   0.7153  1.3226  2.1442  2.4182  2.7053  2.7438  2.6942  2.5883  2.4139  2.3146  2.6190
    7.25   53.83   0.7153  1.3226  2.1442  2.4182  2.7053  2.7438  2.6942  2.5883  2.4139  2.3146  2.6190
    7.25   55.96   0.7446  1.3223  2.1440  2.4179  2.7050  2.7436  2.6939  2.5879  2.4135  2.3141  2.6186
    7.25   59.16   0.7710  1.3161  2.1366  2.4090  2.6957  2.7346  2.6853  2.5790  2.4039  2.3048  2.6095
    7.25   63.91   0.7756  1.2980  2.1152  2.3836  2.6689  2.7086  2.6603  2.5526  2.3756  2.2772  2.5831
    7.25   70.80   0.7586  1.2626  2.0736  2.3339  2.6164  2.6581  2.6117  2.5014  2.3203  2.2235  2.5316
    7.25   80.51   0.7168  1.2060  2.0072  2.2548  2.5328  2.5770  2.5335  2.4190  2.2315  2.1375  2.4491
    7.25   93.86   0.6499  1.1253  1.9144  2.1433  2.4147  2.4598  2.4189  2.2974  2.1018  2.0134  2.3319
    7.25  111.80   0.5598  1.0230  1.7985  2.0043  2.2661  2.3101  2.2699  2.1382  1.9350  1.8540  2.1842
    7.25  135.46   0.4514  0.9022  1.6640  1.8441  2.0919  2.1314  2.0887  1.9425  1.7338  1.6639  2.0118
    7.25  166.19   0.3267  0.7659  1.5152  1.6674  1.8967  1.9256  1.8762  1.7111  1.5004  1.4455  1.8179
    7.25  205.70   0.1878  0.6160  1.3542  1.4774  1.6833  1.6940  1.6325  1.4425  1.2345  1.1987  1.6049
    7.25  256.12   0.0348  0.4521  1.1819  1.2742  1.4505  1.4343  1.3532  1.1324  0.9331  0.9217  1.3726
    7.25  320.16  -0.1343  0.2730  0.9973  1.0569  1.1967  1.1426  1.0330  0.7731  0.5900  0.6100  1.1183
    7.25  401.24  -0.3200  0.0759  0.7978  0.8234  0.9181  0.8120  0.6632  0.3542  0.1963  0.2553  0.8346
    7.25  503.68  -0.5302 -0.1433  0.5796  0.5699  0.6083  0.4324  0.2318 -0.1381 -0.2593 -0.1512  0.5141
    7.25  632.94  -0.7667 -0.3901  0.3381  0.2919  0.2599 -0.0071 -0.2768 -0.7230 -0.7935 -0.6237  0.1631
    7.25  795.90  -1.0369 -0.6710  0.0689 -0.0181 -0.1384 -0.5223 -0.8815 -1.4227 -1.4259 -1.1776 -0.2348
    7.50   50.01   0.9313  1.5020  2.3202  2.5817  2.8568  2.8913  2.8367  2.7242  2.5514  2.4495  2.8574
    7.50   50.02   0.9313  1.5020  2.3202  2.5817  2.8568  2.8913  2.8367  2.7242  2.5514  2.4495  2.8574
    7.50   50.02   0.9313  1.5020  2.3202  2.5817  2.8568  2.8913  2.8367  2.7242  2.5514  2.4495  2.8574
    7.50   50.04   0.9313  1.5020  2.3202  2.5817  2.8568  2.8913  2.8367  2.7242  2.5514  2.4495  2.8574
    7.50   50.06   0.9313  1.5020  2.3202  2.5817  2.8568  2.8913  2.8367  2.7242  2.5514  2.4495  2.8574
    7.50   50.10   0.9313  1.5020  2.3202  2.5817  2.8568  2.8913  2.8367  2.7242  2.5514  2.4495  2.8574
    7.50   50.16   0.9313  1.5020  2.3202  2.5817  2.8568  2.8913  2.8367  2.7242  2.5514  2.4495  2.8574
    7.50   50.25   0.9313  1.5020  2.3202  2.5817  2.8568  2.8913  2.8367  2.7242  2.5514  2.4495  2.8574
    7.50   50.40   0.9313  1.5020  2.3202  2.5817  2.8568  2.8913  2.8367  2.7242  2.5514  2.4495  2.8574
    7.50   50.63   0.9313  1.5020  2.3202  2.5817  2.8568  2.8913  2.8367  2.7242  2.5514  2.4495  2.8574
    7.50   50.99   0.9313  1.5020  2.3202  2.5817  2.8568  2.8913  2.8367  2.7242  2.5514  2.4495  2.8574
    7.50   51.56   0.9313  1.5020  2.3202  2.5817  2.8568  2.8913  2.8367  2.7242  2.5514  2.4495  2.8574
    7.50   52.45   0.9313  1.5020  2.3202  2.5817  2.8568  2.8913  2.8367  2.7242  2.5514  2.4495  2.8574
    7.50   53.83   0.9313  1.5020  2.3202  2.5817  2.8568  2.8913  2.8367  2.7242  2.5514  2.4495  2.8574
    7.50   55.96   0.9313  1.5020  2.3202  2.5817  2.8568  2.8913  2.8367  2.7242  2.5514  2.4495  2.8574
    7.50   59.16   0.9432  1.5018  2.3199  2.5814  2.8566  2.8911  2.8364  2.7240  2.5512  2.4493  2.8573
    7.50   63.91   0.9684  1.4934  2.3101  2.5694  2.8440  2.8789  2.8249  2.7118  2.5380  2.4364  2.8447
    7.50   70.80   0.9634  1.4677  2.2790  2.5328  2.8053  2.8418  2.7894  2.6747  2.4977  2.3970  2.8063
    7.50   80.51   0.9283  1.4191  2.2207  2.4631  2.7321  2.7714  2.7223  2.6043  2.4213  2.3224  2.7335
    7.50   93.86   0.8648  1.3435  2.1317  2.3566  2.6194  2.6610  2.6158  2.4919  2.3000  2.2060  2.6225
    7.50  111.80   0.7748  1.2436  2.0161  2.2177  2.4719  2.5138  2.4715  2.3388  2.1368  2.0500  2.4776
    7.50  135.46   0.6629  1.1226  1.8796  2.0546  2.2954  2.3340  2.2910  2.1450  1.9359  1.8591  2.3039
    7.50  166.19   0.5340  0.9851  1.7271  1.8735  2.0967  2.1261  2.0777  1.9137  1.7011  1.6385  2.1068
    7.50  205.70   0.3910  0.8333  1.5626  1.6795  1.8792  1.8913  1.8326  1.6447  1.4326  1.3894  1.8904
    7.50  256.12   0.2333  0.6674  1.3873  1.4725  1.6430  1.6290  1.5517  1.3329  1.1286  1.1099  1.6552
    7.50  320.16   0.0596  0.4868  1.1999  1.2524  1.3861  1.3350  1.2300  0.9728  0.7830  0.7953  1.3992
    7.50  401.24  -0.1314  0.2885  0.9983  1.0164  1.1050  1.0025  0.8589  0.5531  0.3874  0.4389  1.1145
    7.50  503.68  -0.3443  0.0683  0.7781  0.7606  0.7934  0.6213  0.4262  0.0595 -0.0695  0.0307  0.7942
    7.50  632.94  -0.5846 -0.1794  0.5357  0.4809  0.4428  0.1803 -0.0835 -0.5261 -0.6050 -0.4431  0.4415
    7.50  795.90  -0.8590 -0.4613  0.2651  0.1696  0.0435 -0.3363 -0.6888 -1.2263 -1.2380 -0.9982  0.0422
    7.75   50.01   1.1347  1.6733  2.4873  2.7397  3.0118  3.0468  2.9871  2.8676  2.6973  2.5890  3.0859
    7.75   50.02   1.1347  1.6733  2.4873  2.7397  3.0118  3.0468  2.9871  2.8676  2.6973  2.5890  3.0859
    7.75   50.02   1.1347  1.6733  2.4873  2.7397  3.0118  3.0468  2.9871  2.8676  2.6973  2.5890  3.0859
    7.75   50.04   1.1347  1.6733  2.4873  2.7397  3.0118  3.0468  2.9871  2.8676  2.6973  2.5890  3.0859
    7.75   50.06   1.1347  1.6733  2.4873  2.7397  3.0118  3.0468  2.9871  2.8676  2.6973  2.5890  3.0859
    7.75   50.10   1.1347  1.6733  2.4873  2.7397  3.0118  3.0468  2.9871  2.8676  2.6973  2.5890  3.0859
    7.75   50.16   1.1347  1.6733  2.4873  2.7397  3.0118  3.0468  2.9871  2.8676  2.6973  2.5890  3.0859
    7.75   50.25   1.1347  1.6733  2.4873  2.7397  3.0118  3.0468  2.9871  2.8676  2.6973  2.5890  3.0859
    7.75   50.40   1.1347  1.6733  2.4873  2.7397  3.0118  3.0468  2.9871  2.8676  2.6973  2.5890  3.0859
    7.75   50.63   1.1347  1.6733  2.4873  2.7397  3.0118  3.0468  2.9871  2.8676  2.6973  2.5890  3.0859
    7.75   50.99   1.1347  1.6733  2.4873  2.7397  3.0118  3.0468  2.9871  2.8676  2.6973  2.5890  3.0859
    7.75   51.56   1.1347  1.6733  2.4873  2.7397  3.0118  3.0468  2.9871  2.8676  2.6973  2.5890  3.0859
    7.75   52.45   1.1347  1.6733  2.4873  2.7397  3.0118  3.0468  2.9871  2.8676  2.6973  2.5890  3.0859
    7.75   53.83   1.1347  1.6733  2.4873  2.7397  3.0118  3.0468  2.9871  2.8676  2.6973  2.5890  3.0859
    7.75   55.96   1.1347  1.6733  2.4873  2.7397  3.0118  3.0468  2.9871  2.8676  2.6973  2.5890  3.0859
    7.75   59.16   1.1347  1.6733  2.4873  2.7397  3.0118  3.0468  2.9871  2.8676  2.6973  2.5890  3.0859
    7.75   63.91   1.1347  1.6733  2.4871  2.7395  3.0118  3.0467  2.9871  2.8676  2.6973  2.5889  3.0859
    7.75   70.80   1.1519  1.6625  2.4738  2.7237  2.9950  3.0308  2.9720  2.8519  2.6801  2.5721  3.0695
    7.75   80.51   1.1320  1.6271  2.4304  2.6721  2.9408  2.9788  2.9229  2.8006  2.6236  2.5173  3.0161
    7.75   93.86   1.0768  1.5622  2.3514  2.5778  2.8415  2.8834  2.8323  2.7060  2.5199  2.4168  2.9186
    7.75  111.80   0.9885  1.4675  2.2383  2.4426  2.6977  2.7424  2.6966  2.5627  2.3655  2.2685  2.7789
    7.75  135.46   0.8760  1.3478  2.0995  2.2772  2.5199  2.5628  2.5197  2.3743  2.1664  2.0792  2.6041
    7.75  166.19   0.7427  1.2092  1.9430  2.0911  2.3171  2.3526  2.3062  2.1436  1.9300  1.8561  2.4039
    7.75  205.70   0.5945  1.0558  1.7744  1.8914  2.0941  2.1141  2.0592  1.8738  1.6591  1.6035  2.1823
    7.75  256.12   0.4318  0.8883  1.5947  1.6799  1.8536  1.8482  1.7763  1.5614  1.3520  1.3209  1.9447
    7.75  320.16   0.2545  0.7059  1.4039  1.4557  1.5928  1.5510  1.4530  1.1999  1.0039  1.0038  1.6864
    7.75  401.24   0.0583  0.5059  1.1995  1.2166  1.3084  1.2159  1.0803  0.7790  0.6061  0.6450  1.4011
    7.75  503.68  -0.1583  0.2842  0.9775  0.9583  0.9942  0.8330  0.6462  0.2848  0.1470  0.2347  1.0799
    7.75  632.94  -0.4018  0.0358  0.7335  0.6765  0.6420  0.3903  0.1356 -0.3013 -0.3899 -0.2404  0.7247
    7.75  795.90  -0.6800 -0.2469  0.4612  0.3637  0.2409 -0.1275 -0.4707 -1.0020 -1.0240 -0.7970  0.3237
    8.00   50.01   1.1613  1.6733  2.4873  2.7397  3.0118  3.0468  2.9871  2.8676  2.6973  2.5890  3.0859
    8.00   50.02   1.1613  1.6733  2.4873  2.7397  3.0118  3.0468  2.9871  2.8676  2.6973  2.5890  3.0859
    8.00   50.02   1.1613  1.6733  2.4873  2.7397  3.0118  3.0468  2.9871  2.8676  2.6973  2.5890  3.0859
    8.00   50.04   1.1613  1.6733  2.4873  2.7397  3.0118  3.0468  2.9871  2.8676  2.6973  2.5890  3.0859
    8.00   50.06   1.1613  1.6733  2.4873  2.7397  3.0118  3.0468  2.9871  2.8676  2.6973  2.5890  3.0859
    8.00   50.10   1.1613  1.6733  2.4873  2.7397  3.0118  3.0468  2.9871  2.8676  2.6973  2.5890  3.0859
    8.00   50.16   1.1613  1.6733  2.4873  2.7397  3.0118  3.0468  2.9871  2.8676  2.6973  2.5890  3.0859
    8.00   50.25   1.1613  1.6733  2.4873  2.7397  3.0118  3.0468  2.9871  2.8676  2.6973  2.5890  3.0859
    8.00   50.40   1.1613  1.6733  2.4873  2.7397  3.0118  3.0468  2.9871  2.8676  2.6973  2.5890  3.0859
    8.00   50.63   1.1613  1.6733  2.4873  2.7397  3.0118  3.0468  2.9871  2.8676  2.6973  2.5890  3.0859
    8.00   50.99   1.1613  1.6733  2.4873  2.7397  3.0118  3.0468  2.9871  2.8676  2.6973  2.5890  3.0859
    8.00   51.56   1.1613  1.6733  2.4873  2.7397  3.0118  3.0468  2.9871  2.8676  2.6973  2.5890  3.0859
    8.00   52.45   1.1613  1.6733  2.4873  2.7397  3.0118  3.0468  2.9871  2.8676  2.6973  2.5890  3.0859
    8.00   53.83   1.1613  1.6733  2.4873  2.7397  3.0118  3.0468  2.9871  2.8676  2.6973  2.5890  3.0859
    8.00   55.96   1.1613  1.6733  2.4873  2.7397  3.0118  3.0468  2.9871  2.8676  2.6973  2.5890  3.0859
    8.00   59.16   1.1613  1.6733  2.4873  2.7397  3.0118  3.0468  2.9871  2.8676  2.6973  2.5890  3.0859
    8.00   63.91   1.1613  1.6733  2.4871  2.7395  3.0118  3.0467  2.9871  2.8676  2.6973  2.5889  3.0859
    8.00   70.80   1.1506  1.6625  2.4738  2.7237  2.9950  3.0308  2.9720  2.8519  2.6801  2.5721  3.0695
    8.00   80.51   1.1265  1.6271  2.4304  2.6721  2.9408  2.9788  2.9229  2.8006  2.6236  2.5173  3.0161
    8.00   93.86   1.0684  1.5622  2.3514  2.5778  2.8415  2.8834  2.8323  2.7060  2.5199  2.4168  2.9186
    8.00  111.80   0.9780  1.4675  2.2383  2.4426  2.6977  2.7424  2.6966  2.5627  2.3655  2.2685  2.7789
    8.00  135.46   0.8622  1.3478  2.0995  2.2772  2.5199  2.5628  2.5197  2.3743  2.1664  2.0792  2.6041
    8.00  166.19   0.7257  1.2092  1.9430  2.0911  2.3171  2.3526  2.3062  2.1436  1.9300  1.8561  2.4039
    8.00  205.70   0.5719  1.0558  1.7744  1.8914  2.0941  2.1141  2.0592  1.8738  1.6591  1.6035  2.1823
    8.00  256.12   0.4074  0.8883  1.5947  1.6799  1.8536  1.8482  1.7763  1.5614  1.3520  1.3209  1.9447
    8.00  320.16   0.2254  0.7059  1.4039  1.4557  1.5928  1.5510  1.4530  1.1999  1.0039  1.0038  1.6864
    8.00  401.24   0.0268  0.5059  1.1995  1.2166  1.3084  1.2159  1.0803  0.7790  0.6061  0.6450  1.4011
    8.00  503.68  -0.1929  0.2842  0.9775  0.9583  0.9942  0.8330  0.6462  0.2848  0.1470  0.2347  1.0799
    8.00  632.94  -0.4395  0.0358  0.7335  0.6765  0.6420  0.3903  0.1356 -0.3013 -0.3899 -0.2404  0.7247
    8.00  795.90  -0.7210 -0.2469  0.4612  0.3637  0.2409 -0.1275 -0.4707 -1.0020 -1.0240 -0.7970  0.3237
