Western North America low inslab ground motion CLASS C, distance is Rhypo (depth 50 km). 5s values increased by 10%. PGA is period 0.02, PGV 0.01. Log10 hazard values in cgs units. Original file GMPEt_WInslab_med.dat,provided by G Atkinson 20130413
      15      30      11        : nmag, ndist, nperiod
                      10       5       2       1     0.5  0.3003     0.2     0.1    0.05    0.02    0.01
                    0.62    0.62    0.62    0.62    0.58    0.54    0.53    0.53    0.53    0.53    0.62
    4.50   50.01  -2.2254 -0.8719 -0.0966  0.4727  1.1240  1.3455  1.3819  1.3605  1.1846  1.0178  0.8708
    4.50   50.02  -2.2254 -0.8719 -0.0966  0.4727  1.1240  1.3455  1.3819  1.3605  1.1846  1.0178  0.8708
    4.50   50.02  -2.2225 -0.8719 -0.0966  0.4727  1.1240  1.3455  1.3819  1.3605  1.1846  1.0178  0.8708
    4.50   50.04  -2.2118 -0.8719 -0.0966  0.4727  1.1240  1.3455  1.3819  1.3605  1.1846  1.0178  0.8708
    4.50   50.06  -2.2014 -0.8719 -0.0967  0.4727  1.1239  1.3455  1.3819  1.3605  1.1846  1.0177  0.8707
    4.50   50.10  -2.1748 -0.8721 -0.0969  0.4725  1.1237  1.3453  1.3817  1.3603  1.1843  1.0174  0.8704
    4.50   50.16  -2.1499 -0.8725 -0.0973  0.4721  1.1232  1.3448  1.3811  1.3597  1.1839  1.0169  0.8699
    4.50   50.25  -2.1258 -0.8731 -0.0981  0.4711  1.1222  1.3438  1.3802  1.3588  1.1829  1.0159  0.8689
    4.50   50.40  -2.0940 -0.8743 -0.0993  0.4696  1.1205  1.3420  1.3785  1.3568  1.1809  1.0141  0.8672
    4.50   50.63  -2.0578 -0.8763 -0.1015  0.4670  1.1178  1.3393  1.3758  1.3540  1.1779  1.0112  0.8643
    4.50   50.99  -2.0235 -0.8796 -0.1051  0.4627  1.1131  1.3348  1.3712  1.3492  1.1729  1.0063  0.8594
    4.50   51.56  -1.9887 -0.8849 -0.1109  0.4557  1.1057  1.3274  1.3638  1.3413  1.1646  0.9984  0.8516
    4.50   52.45  -1.9566 -0.8933 -0.1201  0.4446  1.0938  1.3156  1.3519  1.3287  1.1516  0.9859  0.8392
    4.50   53.83  -1.9290 -0.9065 -0.1344  0.4274  1.0754  1.2973  1.3336  1.3093  1.1312  0.9664  0.8199
    4.50   55.96  -1.9074 -0.9265 -0.1561  0.4016  1.0474  1.2694  1.3059  1.2796  1.1002  0.9368  0.7907
    4.50   59.16  -1.8956 -0.9556 -0.1879  0.3634  1.0065  1.2287  1.2652  1.2362  1.0550  0.8935  0.7478
    4.50   63.91  -1.8942 -0.9966 -0.2326  0.3097  0.9488  1.1715  1.2078  1.1755  0.9915  0.8325  0.6875
    4.50   70.80  -1.9094 -1.0533 -0.2941  0.2363  0.8701  1.0914  1.1273  1.0887  0.9026  0.7477  0.6048
    4.50   80.51  -1.9413 -1.1250 -0.3718  0.1434  0.7705  0.9901  1.0255  0.9790  0.7901  0.6402  0.5003
    4.50   93.86  -1.9890 -1.2142 -0.4679  0.0286  0.6464  0.8626  0.8947  0.8368  0.6466  0.5047  0.3721
    4.50  111.80  -2.0505 -1.3182 -0.5791 -0.1041  0.5011  0.7114  0.7388  0.6670  0.4756  0.3443  0.2226
    4.50  135.46  -2.1283 -1.4362 -0.7042 -0.2531  0.3362  0.5366  0.5571  0.4682  0.2771  0.1587  0.0538
    4.50  166.19  -2.2179 -1.5674 -0.8423 -0.4173  0.1526  0.3383  0.3478  0.2376  0.0500 -0.0533 -0.1342
    4.50  205.70  -2.3205 -1.7121 -0.9925 -0.5954 -0.0496  0.1149  0.1078 -0.0291 -0.2087 -0.2919 -0.3448
    4.50  256.12  -2.4390 -1.8709 -1.1560 -0.7876 -0.2720 -0.1369 -0.1674 -0.3364 -0.5041 -0.5611 -0.5841
    4.50  320.16  -2.5712 -2.0449 -1.3338 -0.9957 -0.5172 -0.4226 -0.4835 -0.6929 -0.8409 -0.8664 -0.8433
    4.50  401.24  -2.7252 -2.2391 -1.5270 -1.2215 -0.7884 -0.7471 -0.8497 -1.1095 -1.2287 -1.2146 -1.1354
    4.50  503.68  -2.8997 -2.4554 -1.7401 -1.4693 -1.0929 -1.1222 -1.2785 -1.5997 -1.6811 -1.6164 -1.4722
    4.50  632.94  -3.1023 -2.6991 -1.9770 -1.7431 -1.4373 -1.5582 -1.7841 -2.1820 -2.2116 -2.0852 -1.8165
    4.50  795.90  -3.3403 -2.9783 -2.2431 -2.0489 -1.8306 -2.0692 -2.3868 -2.8794 -2.8402 -2.6351 -2.2101
    4.75   50.01  -1.9472 -0.6858  0.1024  0.6323  1.2319  1.4261  1.4504  1.4186  1.2432  1.0898  0.9728
    4.75   50.02  -1.9472 -0.6858  0.1024  0.6323  1.2319  1.4261  1.4504  1.4186  1.2432  1.0898  0.9728
    4.75   50.02  -1.9472 -0.6858  0.1024  0.6323  1.2319  1.4261  1.4504  1.4186  1.2432  1.0898  0.9728
    4.75   50.04  -1.9381 -0.6858  0.1024  0.6323  1.2319  1.4261  1.4504  1.4186  1.2432  1.0898  0.9728
    4.75   50.06  -1.9268 -0.6858  0.1024  0.6323  1.2319  1.4261  1.4504  1.4186  1.2432  1.0898  0.9728
    4.75   50.10  -1.9049 -0.6858  0.1023  0.6322  1.2319  1.4259  1.4502  1.4184  1.2430  1.0894  0.9726
    4.75   50.16  -1.8797 -0.6864  0.1019  0.6318  1.2316  1.4255  1.4499  1.4181  1.2427  1.0890  0.9722
    4.75   50.25  -1.8561 -0.6870  0.1013  0.6310  1.2305  1.4247  1.4492  1.4171  1.2418  1.0881  0.9713
    4.75   50.40  -1.8275 -0.6880  0.1001  0.6296  1.2291  1.4233  1.4477  1.4156  1.2401  1.0869  0.9698
    4.75   50.63  -1.7928 -0.6898  0.0981  0.6272  1.2267  1.4206  1.4450  1.4127  1.2371  1.0838  0.9671
    4.75   50.99  -1.7600 -0.6927  0.0947  0.6230  1.2220  1.4164  1.4407  1.4081  1.2324  1.0794  0.9625
    4.75   51.56  -1.7275 -0.6981  0.0891  0.6164  1.2149  1.4092  1.4336  1.4007  1.2247  1.0719  0.9550
    4.75   52.45  -1.6973 -0.7062  0.0802  0.6057  1.2035  1.3978  1.4222  1.3885  1.2118  1.0597  0.9431
    4.75   53.83  -1.6710 -0.7191  0.0661  0.5887  1.1856  1.3799  1.4045  1.3695  1.1921  1.0407  0.9243
    4.75   55.96  -1.6522 -0.7388  0.0447  0.5629  1.1580  1.3526  1.3770  1.3402  1.1619  1.0117  0.8956
    4.75   59.16  -1.6438 -0.7676  0.0132  0.5250  1.1174  1.3125  1.3369  1.2974  1.1172  0.9690  0.8533
    4.75   63.91  -1.6449 -0.8086 -0.0313  0.4715  1.0603  1.2559  1.2802  1.2370  1.0542  0.9086  0.7936
    4.75   70.80  -1.6622 -0.8649 -0.0926  0.3983  0.9817  1.1763  1.2001  1.1507  0.9656  0.8242  0.7118
    4.75   80.51  -1.6958 -0.9362 -0.1705  0.3057  0.8820  1.0752  1.0986  1.0413  0.8530  0.7170  0.6078
    4.75   93.86  -1.7458 -1.0255 -0.2662  0.1911  0.7582  0.9477  0.9681  0.8998  0.7097  0.5814  0.4799
    4.75  111.80  -1.8114 -1.1295 -0.3774  0.0582  0.6129  0.7965  0.8123  0.7303  0.5389  0.4210  0.3309
    4.75  135.46  -1.8918 -1.2473 -0.5029 -0.0912  0.4477  0.6218  0.6303  0.5313  0.3402  0.2350  0.1623
    4.75  166.19  -1.9849 -1.3788 -0.6413 -0.2554  0.2638  0.4235  0.4210  0.3004  0.1129  0.0233 -0.0248
    4.75  205.70  -2.0917 -1.5236 -0.7917 -0.4338  0.0614  0.2000  0.1807  0.0340 -0.1457 -0.2156 -0.2350
    4.75  256.12  -2.2094 -1.6820 -0.9553 -0.6264 -0.1608 -0.0519 -0.0942 -0.2734 -0.4408 -0.4849 -0.4727
    4.75  320.16  -2.3473 -1.8568 -1.1332 -0.8347 -0.4062 -0.3377 -0.4100 -0.6297 -0.7778 -0.7898 -0.7308
    4.75  401.24  -2.5021 -2.0507 -1.3266 -1.0604 -0.6775 -0.6625 -0.7764 -1.0459 -1.1662 -1.1389 -1.0219
    4.75  503.68  -2.6803 -2.2670 -1.5399 -1.3083 -0.9822 -1.0377 -1.2052 -1.5362 -1.6182 -1.5408 -1.3575
    4.75  632.94  -2.8852 -2.5109 -1.7766 -1.5816 -1.3262 -1.4737 -1.7108 -2.1185 -2.1488 -2.0091 -1.7013
    4.75  795.90  -3.1263 -2.7900 -2.0431 -1.8879 -1.7206 -1.9854 -2.3144 -2.8173 -2.7784 -2.5603 -2.0954
    5.00   50.01  -1.6733 -0.5000  0.3012  0.7918  1.3400  1.5065  1.5190  1.4765  1.3018  1.1616  1.0748
    5.00   50.02  -1.6733 -0.5000  0.3012  0.7918  1.3400  1.5065  1.5190  1.4765  1.3018  1.1616  1.0748
    5.00   50.02  -1.6733 -0.5000  0.3012  0.7918  1.3400  1.5065  1.5190  1.4765  1.3018  1.1616  1.0748
    5.00   50.04  -1.6724 -0.5000  0.3012  0.7918  1.3400  1.5065  1.5190  1.4765  1.3018  1.1616  1.0748
    5.00   50.06  -1.6592 -0.5000  0.3012  0.7918  1.3400  1.5065  1.5190  1.4765  1.3018  1.1616  1.0748
    5.00   50.10  -1.6430 -0.5000  0.3012  0.7918  1.3400  1.5065  1.5190  1.4765  1.3018  1.1616  1.0748
    5.00   50.16  -1.6162 -0.5000  0.3012  0.7916  1.3397  1.5064  1.5186  1.4762  1.3015  1.1616  1.0745
    5.00   50.25  -1.5919 -0.5004  0.3006  0.7909  1.3392  1.5057  1.5180  1.4755  1.3008  1.1609  1.0738
    5.00   50.40  -1.5664 -0.5016  0.2996  0.7897  1.3378  1.5043  1.5168  1.4742  1.2993  1.1595  1.0725
    5.00   50.63  -1.5333 -0.5031  0.2977  0.7875  1.3353  1.5021  1.5144  1.4717  1.2967  1.1569  1.0700
    5.00   50.99  -1.5023 -0.5061  0.2945  0.7837  1.3315  1.4981  1.5105  1.4675  1.2923  1.1529  1.0658
    5.00   51.56  -1.4720 -0.5109  0.2893  0.7773  1.3248  1.4915  1.5038  1.4604  1.2848  1.1454  1.0588
    5.00   52.45  -1.4434 -0.5187  0.2807  0.7670  1.3136  1.4806  1.4928  1.4487  1.2728  1.1340  1.0473
    5.00   53.83  -1.4195 -0.5312  0.2672  0.7505  1.2960  1.4632  1.4756  1.4302  1.2535  1.1155  1.0291
    5.00   55.96  -1.4039 -0.5506  0.2460  0.7250  1.2693  1.4367  1.4490  1.4017  1.2241  1.0873  1.0011
    5.00   59.16  -1.3961 -0.5792  0.2149  0.6874  1.2291  1.3971  1.4095  1.3594  1.1799  1.0452  0.9595
    5.00   63.91  -1.3999 -0.6199  0.1709  0.6340  1.1726  1.3410  1.3535  1.2994  1.1179  0.9856  0.9005
    5.00   70.80  -1.4226 -0.6756  0.1095  0.5614  1.0942  1.2620  1.2740  1.2141  1.0297  0.9018  0.8195
    5.00   80.51  -1.4553 -0.7470  0.0316  0.4689  0.9945  1.1611  1.1725  1.1046  0.9170  0.7947  0.7165
    5.00   93.86  -1.5078 -0.8363 -0.0639  0.3546  0.8708  1.0336  1.0425  0.9638  0.7740  0.6591  0.5887
    5.00  111.80  -1.5778 -0.9403 -0.1752  0.2211  0.7255  0.8825  0.8866  0.7945  0.6032  0.4982  0.4396
    5.00  135.46  -1.6586 -1.0580 -0.3009  0.0713  0.5600  0.7078  0.7045  0.5952  0.4041  0.3123  0.2714
    5.00  166.19  -1.7537 -1.1897 -0.4396 -0.0928  0.3754  0.5091  0.4948  0.3644  0.1766  0.1008  0.0852
    5.00  205.70  -1.8632 -1.3348 -0.5904 -0.2717  0.1730  0.2858  0.2542  0.0979 -0.0818 -0.1385 -0.1246
    5.00  256.12  -1.9890 -1.4931 -0.7544 -0.4645 -0.0491  0.0336 -0.0203 -0.2097 -0.3767 -0.4082 -0.3610
    5.00  320.16  -2.1271 -1.6683 -0.9323 -0.6728 -0.2948 -0.2524 -0.3360 -0.5656 -0.7139 -0.7130 -0.6176
    5.00  401.24  -2.2836 -1.8620 -1.1258 -0.8990 -0.5665 -0.5774 -0.7025 -0.9816 -1.1032 -1.0626 -0.9080
    5.00  503.68  -2.4660 -2.0784 -1.3393 -1.1471 -0.8712 -0.9527 -1.1314 -1.4721 -1.5549 -1.4647 -1.2425
    5.00  632.94  -2.6742 -2.3225 -1.5765 -1.4201 -1.2148 -1.3891 -1.6376 -2.0548 -2.0858 -1.9328 -1.5861
    5.00  795.90  -2.9177 -2.6018 -1.8428 -1.7264 -1.6100 -1.9010 -2.2412 -2.7542 -2.7155 -2.4846 -1.9803
    5.25   50.01  -1.4019 -0.3129  0.4969  0.9533  1.4590  1.6031  1.6054  1.5545  1.3792  1.2497  1.1948
    5.25   50.02  -1.4019 -0.3129  0.4969  0.9533  1.4590  1.6031  1.6054  1.5545  1.3792  1.2497  1.1948
    5.25   50.02  -1.4019 -0.3129  0.4969  0.9533  1.4590  1.6031  1.6054  1.5545  1.3792  1.2497  1.1948
    5.25   50.04  -1.4019 -0.3129  0.4969  0.9533  1.4590  1.6031  1.6054  1.5545  1.3792  1.2497  1.1948
    5.25   50.06  -1.3978 -0.3129  0.4969  0.9533  1.4590  1.6031  1.6054  1.5545  1.3792  1.2497  1.1948
    5.25   50.10  -1.3848 -0.3129  0.4969  0.9533  1.4590  1.6031  1.6054  1.5545  1.3792  1.2497  1.1948
    5.25   50.16  -1.3606 -0.3129  0.4969  0.9533  1.4590  1.6031  1.6054  1.5545  1.3792  1.2497  1.1948
    5.25   50.25  -1.3352 -0.3133  0.4965  0.9529  1.4586  1.6026  1.6049  1.5541  1.3788  1.2494  1.1944
    5.25   50.40  -1.3120 -0.3139  0.4957  0.9519  1.4576  1.6016  1.6040  1.5530  1.3775  1.2482  1.1933
    5.25   50.63  -1.2802 -0.3154  0.4941  0.9500  1.4555  1.5997  1.6020  1.5509  1.3754  1.2462  1.1911
    5.25   50.99  -1.2503 -0.3179  0.4912  0.9466  1.4520  1.5961  1.5984  1.5471  1.3714  1.2423  1.1873
    5.25   51.56  -1.2220 -0.3225  0.4865  0.9407  1.4456  1.5898  1.5923  1.5405  1.3646  1.2356  1.1808
    5.25   52.45  -1.1950 -0.3299  0.4783  0.9310  1.4353  1.5796  1.5820  1.5295  1.3531  1.2248  1.1699
    5.25   53.83  -1.1726 -0.3418  0.4652  0.9151  1.4183  1.5628  1.5654  1.5117  1.3348  1.2069  1.1526
    5.25   55.96  -1.1574 -0.3605  0.4446  0.8905  1.3922  1.5370  1.5396  1.4841  1.3060  1.1794  1.1254
    5.25   59.16  -1.1510 -0.3885  0.4141  0.8536  1.3528  1.4983  1.5010  1.4427  1.2630  1.1382  1.0847
    5.25   63.91  -1.1572 -0.4285  0.3705  0.8011  1.2969  1.4428  1.4457  1.3834  1.2015  1.0792  1.0265
    5.25   70.80  -1.1798 -0.4840  0.3097  0.7287  1.2192  1.3646  1.3673  1.2989  1.1144  0.9960  0.9463
    5.25   80.51  -1.2185 -0.5552  0.2317  0.6361  1.1196  1.2638  1.2663  1.1901  1.0023  0.8892  0.8437
    5.25   93.86  -1.2737 -0.6441  0.1362  0.5216  0.9957  1.1366  1.1364  1.0501  0.8592  0.7541  0.7173
    5.25  111.80  -1.3452 -0.7481  0.0248  0.3882  0.8503  0.9858  0.9810  0.8811  0.6885  0.5934  0.5690
    5.25  135.46  -1.4296 -0.8660 -0.1013  0.2381  0.6847  0.8109  0.7992  0.6820  0.4897  0.4072  0.4006
    5.25  166.19  -1.5283 -0.9977 -0.2404  0.0734  0.5002  0.6120  0.5892  0.4512  0.2622  0.1954  0.2141
    5.25  205.70  -1.6409 -1.1430 -0.3914 -0.1058  0.2972  0.3885  0.3489  0.1850  0.0035 -0.0436  0.0050
    5.25  256.12  -1.7664 -1.3018 -0.5551 -0.2990  0.0748  0.1358  0.0743 -0.1226 -0.2918 -0.3136 -0.2294
    5.25  320.16  -1.9090 -1.4770 -0.7335 -0.5079 -0.1713 -0.1494 -0.2415 -0.4788 -0.6293 -0.6186 -0.4854
    5.25  401.24  -2.0689 -1.6704 -0.9273 -0.7342 -0.4431 -0.4751 -0.6084 -0.8950 -1.0178 -0.9681 -0.7739
    5.25  503.68  -2.2536 -1.8871 -1.1410 -0.9822 -0.7477 -0.8504 -1.0373 -1.3861 -1.4701 -1.3707 -1.1070
    5.25  632.94  -2.4655 -2.1313 -1.3783 -1.2558 -1.0922 -1.2870 -1.5436 -1.9691 -2.0013 -1.8391 -1.4510
    5.25  795.90  -2.7128 -2.4109 -1.6450 -1.5619 -1.4870 -1.7989 -2.1474 -2.6682 -2.6312 -2.3912 -1.8454
    5.50   50.01  -1.1353 -0.1259  0.6923  1.1148  1.5779  1.6996  1.6919  1.6325  1.4568  1.3379  1.3148
    5.50   50.02  -1.1353 -0.1259  0.6923  1.1148  1.5779  1.6996  1.6919  1.6325  1.4568  1.3379  1.3148
    5.50   50.02  -1.1353 -0.1259  0.6923  1.1148  1.5779  1.6996  1.6919  1.6325  1.4568  1.3379  1.3148
    5.50   50.04  -1.1353 -0.1259  0.6923  1.1148  1.5779  1.6996  1.6919  1.6325  1.4568  1.3379  1.3148
    5.50   50.06  -1.1353 -0.1259  0.6923  1.1148  1.5779  1.6996  1.6919  1.6325  1.4568  1.3379  1.3148
    5.50   50.10  -1.1299 -0.1259  0.6923  1.1148  1.5779  1.6996  1.6919  1.6325  1.4568  1.3379  1.3148
    5.50   50.16  -1.1158 -0.1259  0.6923  1.1148  1.5779  1.6996  1.6919  1.6325  1.4568  1.3379  1.3148
    5.50   50.25  -1.0874 -0.1259  0.6923  1.1147  1.5779  1.6994  1.6919  1.6324  1.4566  1.3376  1.3148
    5.50   50.40  -1.0633 -0.1264  0.6918  1.1141  1.5773  1.6988  1.6913  1.6317  1.4559  1.3369  1.3139
    5.50   50.63  -1.0348 -0.1275  0.6905  1.1126  1.5757  1.6973  1.6897  1.6301  1.4543  1.3354  1.3122
    5.50   50.99  -1.0048 -0.1297  0.6882  1.1097  1.5726  1.6942  1.6867  1.6269  1.4509  1.3320  1.3091
    5.50   51.56  -0.9775 -0.1337  0.6837  1.1045  1.5670  1.6887  1.6812  1.6210  1.4448  1.3261  1.3033
    5.50   52.45  -0.9518 -0.1405  0.6762  1.0954  1.5573  1.6791  1.6716  1.6108  1.4341  1.3161  1.2933
    5.50   53.83  -0.9318 -0.1518  0.6639  1.0805  1.5414  1.6634  1.6560  1.5940  1.4166  1.2993  1.2767
    5.50   55.96  -0.9161 -0.1698  0.6441  1.0569  1.5161  1.6384  1.6311  1.5674  1.3890  1.2727  1.2506
    5.50   59.16  -0.9121 -0.1969  0.6143  1.0210  1.4778  1.6005  1.5935  1.5272  1.3473  1.2322  1.2109
    5.50   63.91  -0.9187 -0.2362  0.5713  0.9693  1.4224  1.5459  1.5392  1.4690  1.2869  1.1741  1.1538
    5.50   70.80  -0.9429 -0.2912  0.5109  0.8974  1.3456  1.4685  1.4619  1.3857  1.2008  1.0920  1.0746
    5.50   80.51  -0.9835 -0.3625  0.4328  0.8048  1.2463  1.3679  1.3613  1.2773  1.0893  0.9852  0.9724
    5.50   93.86  -1.0422 -0.4510  0.3375  0.6900  1.1221  1.2414  1.2321  1.1379  0.9461  0.8507  0.8473
    5.50  111.80  -1.1149 -0.5548  0.2257  0.5562  0.9764  1.0905  1.0769  0.9693  0.7754  0.6901  0.6997
    5.50  135.46  -1.2033 -0.6732  0.0992  0.4058  0.8106  0.9152  0.8952  0.7702  0.5769  0.5035  0.5309
    5.50  166.19  -1.3056 -0.8049 -0.0403  0.2406  0.6259  0.7163  0.6849  0.5393  0.3493  0.2916  0.3443
    5.50  205.70  -1.4214 -0.9506 -0.1917  0.0608  0.4224  0.4923  0.4446  0.2733  0.0901  0.0524  0.1354
    5.50  256.12  -1.5492 -1.1096 -0.3555 -0.1329  0.1994  0.2392  0.1701 -0.0343 -0.2058 -0.2181 -0.0970
    5.50  320.16  -1.6958 -1.2853 -0.5342 -0.3421 -0.0470 -0.0455 -0.1462 -0.3908 -0.5436 -0.5234 -0.3523
    5.50  401.24  -1.8598 -1.4786 -0.7284 -0.5689 -0.3195 -0.3725 -0.5138 -0.8080 -0.9318 -0.8734 -0.6397
    5.50  503.68  -2.0460 -1.6952 -0.9424 -0.8166 -0.6241 -0.7477 -0.9426 -1.2994 -1.3846 -1.2761 -0.9710
    5.50  632.94  -2.2613 -1.9399 -1.1798 -1.0912 -0.9691 -1.1843 -1.4490 -1.8824 -1.9161 -1.7447 -1.3155
    5.50  795.90  -2.5118 -2.2196 -1.4465 -1.3968 -1.3636 -1.6967 -2.0530 -2.5814 -2.5461 -2.2970 -1.7099
    5.75   50.01  -0.8759  0.0616  0.8844  1.2792  1.7069  1.8105  1.7954  1.7290  1.5527  1.4408  1.4522
    5.75   50.02  -0.8759  0.0616  0.8844  1.2792  1.7069  1.8105  1.7954  1.7290  1.5527  1.4408  1.4522
    5.75   50.02  -0.8759  0.0616  0.8844  1.2792  1.7069  1.8105  1.7954  1.7290  1.5527  1.4408  1.4522
    5.75   50.04  -0.8759  0.0616  0.8844  1.2792  1.7069  1.8105  1.7954  1.7290  1.5527  1.4408  1.4522
    5.75   50.06  -0.8759  0.0616  0.8844  1.2792  1.7069  1.8105  1.7954  1.7290  1.5527  1.4408  1.4522
    5.75   50.10  -0.8759  0.0616  0.8844  1.2792  1.7069  1.8105  1.7954  1.7290  1.5527  1.4408  1.4522
    5.75   50.16  -0.8698  0.0616  0.8844  1.2792  1.7069  1.8105  1.7954  1.7290  1.5527  1.4408  1.4522
    5.75   50.25  -0.8498  0.0616  0.8844  1.2792  1.7069  1.8105  1.7954  1.7290  1.5527  1.4408  1.4522
    5.75   50.40  -0.8210  0.0615  0.8843  1.2792  1.7068  1.8105  1.7953  1.7289  1.5526  1.4406  1.4522
    5.75   50.63  -0.7959  0.0608  0.8834  1.2782  1.7059  1.8094  1.7943  1.7279  1.5514  1.4397  1.4511
    5.75   50.99  -0.7646  0.0591  0.8816  1.2759  1.7034  1.8071  1.7920  1.7254  1.5489  1.4370  1.4487
    5.75   51.56  -0.7377  0.0557  0.8778  1.2716  1.6987  1.8023  1.7873  1.7203  1.5437  1.4320  1.4437
    5.75   52.45  -0.7121  0.0496  0.8711  1.2634  1.6900  1.7938  1.7789  1.7113  1.5342  1.4229  1.4350
    5.75   53.83  -0.6915  0.0392  0.8596  1.2496  1.6754  1.7793  1.7645  1.6959  1.5181  1.4074  1.4197
    5.75   55.96  -0.6788  0.0222  0.8409  1.2267  1.6513  1.7557  1.7411  1.6708  1.4919  1.3823  1.3953
    5.75   59.16  -0.6762 -0.0039  0.8120  1.1919  1.6144  1.7193  1.7050  1.6321  1.4514  1.3434  1.3575
    5.75   63.91  -0.6859 -0.0422  0.7698  1.1412  1.5603  1.6660  1.6522  1.5755  1.3923  1.2865  1.3022
    5.75   70.80  -0.7112 -0.0963  0.7104  1.0701  1.4843  1.5900  1.5764  1.4940  1.3080  1.2053  1.2243
    5.75   80.51  -0.7544 -0.1670  0.6328  0.9777  1.3851  1.4899  1.4764  1.3865  1.1970  1.0991  1.1225
    5.75   93.86  -0.8138 -0.2553  0.5370  0.8630  1.2612  1.3636  1.3478  1.2478  1.0548  0.9650  0.9971
    5.75  111.80  -0.8904 -0.3593  0.4250  0.7289  1.1153  1.2129  1.1929  1.0797  0.8843  0.8046  0.8494
    5.75  135.46  -0.9811 -0.4776  0.2980  0.5779  0.9491  1.0378  1.0118  0.8811  0.6856  0.6180  0.6805
    5.75  166.19  -1.0860 -0.6093  0.1583  0.4122  0.7637  0.8386  0.8017  0.6505  0.4576  0.4060  0.4936
    5.75  205.70  -1.2037 -0.7553  0.0062  0.2315  0.5596  0.6144  0.5612  0.3843  0.1983  0.1660  0.2862
    5.75  256.12  -1.3365 -0.9146 -0.1580  0.0376  0.3362  0.3613  0.2863  0.0768 -0.0977 -0.1046  0.0534
    5.75  320.16  -1.4861 -1.0906 -0.3370 -0.1723  0.0893  0.0750 -0.0307 -0.2806 -0.4362 -0.4111 -0.2009
    5.75  401.24  -1.6514 -1.2841 -0.5316 -0.3992 -0.1836 -0.2519 -0.3982 -0.6978 -0.8251 -0.7607 -0.4877
    5.75  503.68  -1.8417 -1.5008 -0.7458 -0.6473 -0.4885 -0.6270 -0.8275 -1.1890 -1.2782 -1.1642 -0.8173
    5.75  632.94  -2.0597 -1.7459 -0.9835 -0.9220 -0.8334 -1.0639 -1.3341 -1.7725 -1.8095 -1.6332 -1.1628
    5.75  795.90  -2.3120 -2.0253 -1.2505 -1.2284 -1.2282 -1.5763 -1.9378 -2.4711 -2.4397 -2.1851 -1.5570
    6.00   50.01  -0.6193  0.2491  1.0764  1.4437  1.8360  1.9215  1.8989  1.8255  1.6486  1.5437  1.5897
    6.00   50.02  -0.6193  0.2491  1.0764  1.4437  1.8360  1.9215  1.8989  1.8255  1.6486  1.5437  1.5897
    6.00   50.02  -0.6193  0.2491  1.0764  1.4437  1.8360  1.9215  1.8989  1.8255  1.6486  1.5437  1.5897
    6.00   50.04  -0.6193  0.2491  1.0764  1.4437  1.8360  1.9215  1.8989  1.8255  1.6486  1.5437  1.5897
    6.00   50.06  -0.6193  0.2491  1.0764  1.4437  1.8360  1.9215  1.8989  1.8255  1.6486  1.5437  1.5897
    6.00   50.10  -0.6193  0.2491  1.0764  1.4437  1.8360  1.9215  1.8989  1.8255  1.6486  1.5437  1.5897
    6.00   50.16  -0.6193  0.2491  1.0764  1.4437  1.8360  1.9215  1.8989  1.8255  1.6486  1.5437  1.5897
    6.00   50.25  -0.6152  0.2491  1.0764  1.4437  1.8360  1.9215  1.8989  1.8255  1.6486  1.5437  1.5897
    6.00   50.40  -0.5915  0.2491  1.0764  1.4437  1.8360  1.9215  1.8989  1.8255  1.6486  1.5437  1.5897
    6.00   50.63  -0.5609  0.2491  1.0762  1.4435  1.8358  1.9213  1.8987  1.8252  1.6485  1.5436  1.5894
    6.00   50.99  -0.5323  0.2480  1.0750  1.4421  1.8343  1.9199  1.8973  1.8238  1.6469  1.5419  1.5879
    6.00   51.56  -0.5047  0.2454  1.0721  1.4387  1.8307  1.9163  1.8937  1.8200  1.6428  1.5382  1.5843
    6.00   52.45  -0.4804  0.2403  1.0664  1.4318  1.8233  1.9091  1.8866  1.8123  1.6349  1.5303  1.5768
    6.00   53.83  -0.4604  0.2305  1.0561  1.4194  1.8102  1.8962  1.8739  1.7986  1.6205  1.5165  1.5635
    6.00   55.96  -0.4475  0.2151  1.0387  1.3983  1.7880  1.8744  1.8523  1.7755  1.5962  1.4932  1.5411
    6.00   59.16  -0.4458  0.1901  1.0112  1.3650  1.7527  1.8397  1.8181  1.7389  1.5576  1.4561  1.5054
    6.00   63.91  -0.4565  0.1533  0.9701  1.3152  1.7001  1.7882  1.7671  1.6842  1.5001  1.4008  1.4522
    6.00   70.80  -0.4833  0.1003  0.9118  1.2449  1.6255  1.7138  1.6932  1.6049  1.4176  1.3216  1.3763
    6.00   80.51  -0.5273  0.0301  0.8349  1.1529  1.5266  1.6144  1.5938  1.4981  1.3075  1.2160  1.2752
    6.00   93.86  -0.5900 -0.0579  0.7386  1.0382  1.4026  1.4885  1.4659  1.3605  1.1664  1.0819  1.1493
    6.00  111.80  -0.6670 -0.1619  0.6256  0.9037  1.2563  1.3378  1.3117  1.1930  0.9958  0.9215  1.0014
    6.00  135.46  -0.7624 -0.2805  0.4985  0.7521  1.0897  1.1626  1.1307  0.9944  0.7967  0.7349  0.8323
    6.00  166.19  -0.8692 -0.4126  0.3584  0.5852  0.9033  0.9630  0.9206  0.7640  0.5684  0.5224  0.6449
    6.00  205.70  -0.9913 -0.5587  0.2055  0.4036  0.6987  0.7384  0.6798  0.4973  0.3085  0.2816  0.4384
    6.00  256.12  -1.1274 -0.7191  0.0402  0.2089  0.4739  0.4842  0.4032  0.1885  0.0113  0.0098  0.2047
    6.00  320.16  -1.2782 -0.8950 -0.1389 -0.0015  0.2267  0.1969  0.0862 -0.1689 -0.3275 -0.2975 -0.0483
    6.00  401.24  -1.4482 -1.0890 -0.3339 -0.2286 -0.0468 -0.1303 -0.2813 -0.5861 -0.7170 -0.6472 -0.3346
    6.00  503.68  -1.6401 -1.3055 -0.5486 -0.4773 -0.3521 -0.5052 -0.7108 -1.0773 -1.1705 -1.0511 -0.6627
    6.00  632.94  -1.8617 -1.5516 -0.7866 -0.7522 -0.6969 -0.9425 -1.2180 -1.6612 -1.7018 -1.5205 -1.0093
    6.00  795.90  -2.1166 -1.8306 -1.0538 -1.0595 -1.0921 -1.4553 -1.8214 -2.3594 -2.3322 -2.0722 -1.4034
    6.25   50.01  -0.3714  0.4366  1.2644  1.6088  1.9739  2.0465  2.0178  1.9379  1.7611  1.6597  1.7431
    6.25   50.02  -0.3714  0.4366  1.2644  1.6088  1.9739  2.0465  2.0178  1.9379  1.7611  1.6597  1.7431
    6.25   50.02  -0.3714  0.4366  1.2644  1.6088  1.9739  2.0465  2.0178  1.9379  1.7611  1.6597  1.7431
    6.25   50.04  -0.3714  0.4366  1.2644  1.6088  1.9739  2.0465  2.0178  1.9379  1.7611  1.6597  1.7431
    6.25   50.06  -0.3714  0.4366  1.2644  1.6088  1.9739  2.0465  2.0178  1.9379  1.7611  1.6597  1.7431
    6.25   50.10  -0.3714  0.4366  1.2644  1.6088  1.9739  2.0465  2.0178  1.9379  1.7611  1.6597  1.7431
    6.25   50.16  -0.3714  0.4366  1.2644  1.6088  1.9739  2.0465  2.0178  1.9379  1.7611  1.6597  1.7431
    6.25   50.25  -0.3714  0.4366  1.2644  1.6088  1.9739  2.0465  2.0178  1.9379  1.7611  1.6597  1.7431
    6.25   50.40  -0.3713  0.4366  1.2644  1.6088  1.9739  2.0465  2.0178  1.9379  1.7611  1.6597  1.7431
    6.25   50.63  -0.3427  0.4366  1.2644  1.6088  1.9739  2.0465  2.0178  1.9379  1.7611  1.6597  1.7431
    6.25   50.99  -0.3132  0.4364  1.2641  1.6085  1.9737  2.0463  2.0176  1.9377  1.7609  1.6595  1.7429
    6.25   51.56  -0.2811  0.4349  1.2623  1.6065  1.9715  2.0441  2.0155  1.9354  1.7585  1.6572  1.7407
    6.25   52.45  -0.2550  0.4311  1.2581  1.6012  1.9660  2.0387  2.0102  1.9297  1.7525  1.6514  1.7350
    6.25   53.83  -0.2350  0.4232  1.2492  1.5907  1.9548  2.0278  1.9995  1.9183  1.7404  1.6396  1.7238
    6.25   55.96  -0.2218  0.4094  1.2335  1.5719  1.9350  2.0083  1.9803  1.8978  1.7188  1.6188  1.7037
    6.25   59.16  -0.2174  0.3860  1.2079  1.5410  1.9022  1.9760  1.9487  1.8640  1.6831  1.5844  1.6706
    6.25   63.91  -0.2294  0.3507  1.1683  1.4932  1.8519  1.9267  1.9002  1.8119  1.6283  1.5316  1.6196
    6.25   70.80  -0.2561  0.2996  1.1114  1.4248  1.7794  1.8550  1.8293  1.7361  1.5486  1.4548  1.5462
    6.25   80.51  -0.3024  0.2302  1.0348  1.3331  1.6811  1.7567  1.7311  1.6308  1.4391  1.3502  1.4468
    6.25   93.86  -0.3667  0.1429  0.9389  1.2185  1.5577  1.6316  1.6048  1.4950  1.2993  1.2169  1.3221
    6.25  111.80  -0.4485  0.0391  0.8257  1.0837  1.4110  1.4811  1.4513  1.3287  1.1297  1.0567  1.1742
    6.25  135.46  -0.5456 -0.0797  0.6978  0.9312  1.2436  1.3057  1.2704  1.1310  0.9307  0.8699  1.0056
    6.25  166.19  -0.6575 -0.2127  0.5565  0.7629  1.0566  1.1056  1.0603  0.9004  0.7020  0.6569  0.8168
    6.25  205.70  -0.7812 -0.3593  0.4026  0.5806  0.8502  0.8797  0.8183  0.6324  0.4402  0.4149  0.6095
    6.25  256.12  -0.9197 -0.5200  0.2365  0.3849  0.6248  0.6250  0.5417  0.3236  0.1426  0.1428  0.3773
    6.25  320.16  -1.0741 -0.6959  0.0569  0.1734  0.3767  0.3373  0.2239 -0.0342 -0.1967 -0.1650  0.1237
    6.25  401.24  -1.2480 -0.8905 -0.1384 -0.0544  0.1029  0.0100 -0.1438 -0.4515 -0.5865 -0.5156 -0.1609
    6.25  503.68  -1.4429 -1.1076 -0.3536 -0.3036 -0.2031 -0.3660 -0.5734 -0.9427 -1.0401 -0.9195 -0.4870
    6.25  632.94  -1.6662 -1.3533 -0.5916 -0.5787 -0.5485 -0.8034 -1.0804 -1.5266 -1.5717 -1.3889 -0.8337
    6.25  795.90  -1.9243 -1.6327 -0.8595 -0.8864 -0.9435 -1.3166 -1.6838 -2.2253 -2.2022 -1.9410 -1.2288
    6.50   50.01  -0.1247  0.6241  1.4523  1.7738  2.1119  2.1715  2.1367  2.0504  1.8736  1.7757  1.8966
    6.50   50.02  -0.1247  0.6241  1.4523  1.7738  2.1119  2.1715  2.1367  2.0504  1.8736  1.7757  1.8966
    6.50   50.02  -0.1247  0.6241  1.4523  1.7738  2.1119  2.1715  2.1367  2.0504  1.8736  1.7757  1.8966
    6.50   50.04  -0.1247  0.6241  1.4523  1.7738  2.1119  2.1715  2.1367  2.0504  1.8736  1.7757  1.8966
    6.50   50.06  -0.1247  0.6241  1.4523  1.7738  2.1119  2.1715  2.1367  2.0504  1.8736  1.7757  1.8966
    6.50   50.10  -0.1247  0.6241  1.4523  1.7738  2.1119  2.1715  2.1367  2.0504  1.8736  1.7757  1.8966
    6.50   50.16  -0.1247  0.6241  1.4523  1.7738  2.1119  2.1715  2.1367  2.0504  1.8736  1.7757  1.8966
    6.50   50.25  -0.1247  0.6241  1.4523  1.7738  2.1119  2.1715  2.1367  2.0504  1.8736  1.7757  1.8966
    6.50   50.40  -0.1247  0.6241  1.4523  1.7738  2.1119  2.1715  2.1367  2.0504  1.8736  1.7757  1.8966
    6.50   50.63  -0.1247  0.6241  1.4523  1.7738  2.1119  2.1715  2.1367  2.0504  1.8736  1.7757  1.8966
    6.50   50.99  -0.1020  0.6241  1.4523  1.7738  2.1119  2.1715  2.1367  2.0504  1.8736  1.7757  1.8966
    6.50   51.56  -0.0681  0.6238  1.4521  1.7735  2.1116  2.1711  2.1364  2.0501  1.8733  1.7753  1.8963
    6.50   52.45  -0.0382  0.6216  1.4494  1.7704  2.1084  2.1682  2.1334  2.0468  1.8698  1.7719  1.8930
    6.50   53.83  -0.0154  0.6157  1.4430  1.7626  2.1000  2.1599  2.1254  2.0383  1.8608  1.7633  1.8846
    6.50   55.96  -0.0003  0.6040  1.4297  1.7467  2.0833  2.1434  2.1094  2.0212  1.8427  1.7457  1.8678
    6.50   59.16   0.0037  0.5834  1.4064  1.7188  2.0539  2.1145  2.0811  1.9910  1.8108  1.7149  1.8379
    6.50   63.91  -0.0056  0.5503  1.3691  1.6741  2.0066  2.0681  2.0359  1.9426  1.7595  1.6653  1.7900
    6.50   70.80  -0.0332  0.5014  1.3141  1.6082  1.9369  1.9995  1.9690  1.8710  1.6837  1.5922  1.7196
    6.50   80.51  -0.0798  0.4331  1.2380  1.5170  1.8396  1.9028  1.8721  1.7675  1.5752  1.4886  1.6223
    6.50   93.86  -0.1481  0.3464  1.1422  1.4026  1.7165  1.7790  1.7478  1.6339  1.4365  1.3565  1.4986
    6.50  111.80  -0.2299  0.2425  1.0288  1.2672  1.5697  1.6284  1.5952  1.4690  1.2679  1.1964  1.3506
    6.50  135.46  -0.3303  0.1237  0.8999  1.1134  1.4007  1.4526  1.4140  1.2717  1.0686  1.0088  1.1823
    6.50  166.19  -0.4448 -0.0111  0.7567  0.9429  1.2123  1.2508  1.2020  1.0391  0.8380  0.7940  0.9912
    6.50  205.70  -0.5732 -0.1579  0.6019  0.7598  1.0043  1.0238  0.9597  0.7707  0.5753  0.5515  0.7830
    6.50  256.12  -0.7165 -0.3191  0.4347  0.5628  0.7779  0.7684  0.6830  0.4617  0.2766  0.2783  0.5520
    6.50  320.16  -0.8738 -0.4955  0.2539  0.3502  0.5286  0.4798  0.3642  0.1034 -0.0632 -0.0301  0.2978
    6.50  401.24  -1.0496 -0.6908  0.0583  0.1212  0.2540  0.1523 -0.0040 -0.3143 -0.4536 -0.3817  0.0146
    6.50  503.68  -1.2491 -0.9084 -0.1575 -0.1288 -0.0526 -0.2250 -0.4338 -0.8057 -0.9075 -0.7860 -0.3096
    6.50  632.94  -1.4765 -1.1542 -0.3955 -0.4041 -0.3987 -0.6625 -0.9409 -1.3897 -1.4398 -1.2555 -0.6571
    6.50  795.90  -1.7377 -1.4339 -0.6645 -0.7123 -0.7939 -1.1761 -1.5442 -2.0889 -2.0703 -1.8080 -1.0530
    6.75   50.01   0.1115  0.8085  1.6353  1.9393  2.2580  2.3090  2.2693  2.1765  2.0001  1.9026  2.0636
    6.75   50.02   0.1115  0.8085  1.6353  1.9393  2.2580  2.3090  2.2693  2.1765  2.0001  1.9026  2.0636
    6.75   50.02   0.1115  0.8085  1.6353  1.9393  2.2580  2.3090  2.2693  2.1765  2.0001  1.9026  2.0636
    6.75   50.04   0.1115  0.8085  1.6353  1.9393  2.2580  2.3090  2.2693  2.1765  2.0001  1.9026  2.0636
    6.75   50.06   0.1115  0.8085  1.6353  1.9393  2.2580  2.3090  2.2693  2.1765  2.0001  1.9026  2.0636
    6.75   50.10   0.1115  0.8085  1.6353  1.9393  2.2580  2.3090  2.2693  2.1765  2.0001  1.9026  2.0636
    6.75   50.16   0.1115  0.8085  1.6353  1.9393  2.2580  2.3090  2.2693  2.1765  2.0001  1.9026  2.0636
    6.75   50.25   0.1115  0.8085  1.6353  1.9393  2.2580  2.3090  2.2693  2.1765  2.0001  1.9026  2.0636
    6.75   50.40   0.1115  0.8085  1.6353  1.9393  2.2580  2.3090  2.2693  2.1765  2.0001  1.9026  2.0636
    6.75   50.63   0.1115  0.8085  1.6353  1.9393  2.2580  2.3090  2.2693  2.1765  2.0001  1.9026  2.0636
    6.75   50.99   0.1115  0.8085  1.6353  1.9393  2.2580  2.3090  2.2693  2.1765  2.0001  1.9026  2.0636
    6.75   51.56   0.1242  0.8085  1.6353  1.9393  2.2580  2.3090  2.2693  2.1765  2.0001  1.9026  2.0636
    6.75   52.45   0.1625  0.8083  1.6350  1.9389  2.2576  2.3084  2.2691  2.1758  1.9996  1.9022  2.0632
    6.75   53.83   0.1929  0.8051  1.6313  1.9345  2.2530  2.3041  2.2646  2.1712  1.9947  1.8974  2.0586
    6.75   55.96   0.2102  0.7964  1.6214  1.9227  2.2405  2.2920  2.2528  2.1586  1.9813  1.8845  2.0462
    6.75   59.16   0.2184  0.7792  1.6018  1.8991  2.2156  2.2676  2.2291  2.1335  1.9545  1.8586  2.0215
    6.75   63.91   0.2098  0.7495  1.5677  1.8585  2.1726  2.2258  2.1883  2.0903  1.9083  1.8139  1.9787
    6.75   70.80   0.1842  0.7037  1.5154  1.7960  2.1064  2.1611  2.1258  2.0236  1.8372  1.7452  1.9131
    6.75   80.51   0.1375  0.6378  1.4412  1.7070  2.0117  2.0673  2.0326  1.9244  1.7328  1.6451  1.8184
    6.75   93.86   0.0697  0.5526  1.3462  1.5929  1.8900  1.9455  1.9111  1.7944  1.5970  1.5152  1.6964
    6.75  111.80  -0.0154  0.4494  1.2317  1.4564  1.7427  1.7954  1.7598  1.6316  1.4289  1.3551  1.5479
    6.75  135.46  -0.1190  0.3290  1.1010  1.3007  1.5718  1.6177  1.5772  1.4333  1.2277  1.1663  1.3783
    6.75  166.19  -0.2360  0.1943  0.9567  1.1289  1.3814  1.4151  1.3655  1.2009  0.9963  0.9503  1.1873
    6.75  205.70  -0.3684  0.0466  0.8003  0.9441  1.1726  1.1871  1.1231  0.9328  0.7330  0.7068  0.9779
    6.75  256.12  -0.5135 -0.1152  0.6318  0.7457  0.9443  0.9305  0.8456  0.6236  0.4341  0.4327  0.7474
    6.75  320.16  -0.6756 -0.2925  0.4503  0.5318  0.6944  0.6415  0.5266  0.2651  0.0933  0.1239  0.4936
    6.75  401.24  -0.8537 -0.4880  0.2535  0.3017  0.4186  0.3130  0.1582 -0.1529 -0.2975 -0.2285  0.2109
    6.75  503.68  -1.0567 -0.7059  0.0374  0.0510  0.1112 -0.0646 -0.2720 -0.6442 -0.7519 -0.6332 -0.1120
    6.75  632.94  -1.2869 -0.9519 -0.2018 -0.2251 -0.2352 -0.5026 -0.7795 -1.2285 -1.2847 -1.1037 -0.4604
    6.75  795.90  -1.5512 -1.2320 -0.4703 -0.5334 -0.6314 -1.0163 -1.3833 -1.9277 -1.9157 -1.6566 -0.8565
    7.00   50.01   0.3439  0.9930  1.8182  2.1047  2.4038  2.4464  2.4018  2.3024  2.1267  2.0296  2.2305
    7.00   50.02   0.3439  0.9930  1.8182  2.1047  2.4038  2.4464  2.4018  2.3024  2.1267  2.0296  2.2305
    7.00   50.02   0.3439  0.9930  1.8182  2.1047  2.4038  2.4464  2.4018  2.3024  2.1267  2.0296  2.2305
    7.00   50.04   0.3439  0.9930  1.8182  2.1047  2.4038  2.4464  2.4018  2.3024  2.1267  2.0296  2.2305
    7.00   50.06   0.3439  0.9930  1.8182  2.1047  2.4038  2.4464  2.4018  2.3024  2.1267  2.0296  2.2305
    7.00   50.10   0.3439  0.9930  1.8182  2.1047  2.4038  2.4464  2.4018  2.3024  2.1267  2.0296  2.2305
    7.00   50.16   0.3439  0.9930  1.8182  2.1047  2.4038  2.4464  2.4018  2.3024  2.1267  2.0296  2.2305
    7.00   50.25   0.3439  0.9930  1.8182  2.1047  2.4038  2.4464  2.4018  2.3024  2.1267  2.0296  2.2305
    7.00   50.40   0.3439  0.9930  1.8182  2.1047  2.4038  2.4464  2.4018  2.3024  2.1267  2.0296  2.2305
    7.00   50.63   0.3439  0.9930  1.8182  2.1047  2.4038  2.4464  2.4018  2.3024  2.1267  2.0296  2.2305
    7.00   50.99   0.3439  0.9930  1.8182  2.1047  2.4038  2.4464  2.4018  2.3024  2.1267  2.0296  2.2305
    7.00   51.56   0.3439  0.9930  1.8182  2.1047  2.4038  2.4464  2.4018  2.3024  2.1267  2.0296  2.2305
    7.00   52.45   0.3458  0.9930  1.8182  2.1047  2.4038  2.4464  2.4018  2.3024  2.1267  2.0296  2.2305
    7.00   53.83   0.3845  0.9928  1.8180  2.1043  2.4036  2.4460  2.4014  2.3019  2.1259  2.0292  2.2302
    7.00   55.96   0.4126  0.9882  1.8127  2.0980  2.3969  2.4397  2.3951  2.2954  2.1191  2.0224  2.2236
    7.00   59.16   0.4254  0.9756  1.7981  2.0806  2.3784  2.4218  2.3779  2.2770  2.0994  2.0034  2.2058
    7.00   63.91   0.4215  0.9506  1.7690  2.0460  2.3419  2.3862  2.3434  2.2407  2.0603  1.9656  2.1699
    7.00   70.80   0.3999  0.9089  1.7206  1.9883  2.2807  2.3271  2.2860  2.1801  1.9952  1.9027  2.1104
    7.00   80.51   0.3548  0.8464  1.6493  1.9027  2.1899  2.2380  2.1988  2.0871  1.8968  1.8078  2.0207
    7.00   93.86   0.2872  0.7632  1.5554  1.7899  2.0701  2.1187  2.0811  1.9617  1.7649  1.6809  1.9008
    7.00  111.80   0.1984  0.6594  1.4391  1.6511  1.9212  1.9673  1.9289  1.7987  1.5952  1.5195  1.7511
    7.00  135.46   0.0928  0.5385  1.3066  1.4934  1.7487  1.7890  1.7465  1.6012  1.3934  1.3301  1.5799
    7.00  166.19  -0.0296  0.4028  1.1605  1.3195  1.5557  1.5847  1.5346  1.3689  1.1608  1.1127  1.3882
    7.00  205.70  -0.1647  0.2541  1.0019  1.1322  1.3454  1.3550  1.2913  1.1003  0.8961  0.8672  1.1773
    7.00  256.12  -0.3143  0.0913  0.8318  0.9317  1.1148  1.0969  1.0130  0.7907  0.5963  0.5918  0.9465
    7.00  320.16  -0.4789 -0.0870  0.6490  0.7163  0.8634  0.8067  0.6931  0.4315  0.2549  0.2816  0.6926
    7.00  401.24  -0.6611 -0.2834  0.4510  0.4844  0.5860  0.4773  0.3242  0.0129 -0.1374 -0.0717  0.4098
    7.00  503.68  -0.8672 -0.5018  0.2339  0.2327  0.2775  0.0988 -0.1066 -0.4789 -0.5928 -0.4775  0.0882
    7.00  632.94  -1.1007 -0.7477 -0.0065 -0.0443 -0.0695 -0.3396 -0.6145 -1.0634 -1.1261 -0.9489 -0.2617
    7.00  795.90  -1.3690 -1.0288 -0.2750 -0.3531 -0.4669 -0.8539 -1.2191 -1.7630 -1.7582 -1.5021 -0.6584
    7.25   50.01   0.5651  1.1723  1.9942  2.2682  2.5554  2.5939  2.5442  2.4382  2.2641  2.1645  2.4689
    7.25   50.02   0.5651  1.1723  1.9942  2.2682  2.5554  2.5939  2.5442  2.4382  2.2641  2.1645  2.4689
    7.25   50.02   0.5651  1.1723  1.9942  2.2682  2.5554  2.5939  2.5442  2.4382  2.2641  2.1645  2.4689
    7.25   50.04   0.5651  1.1723  1.9942  2.2682  2.5554  2.5939  2.5442  2.4382  2.2641  2.1645  2.4689
    7.25   50.06   0.5651  1.1723  1.9942  2.2682  2.5554  2.5939  2.5442  2.4382  2.2641  2.1645  2.4689
    7.25   50.10   0.5651  1.1723  1.9942  2.2682  2.5554  2.5939  2.5442  2.4382  2.2641  2.1645  2.4689
    7.25   50.16   0.5651  1.1723  1.9942  2.2682  2.5554  2.5939  2.5442  2.4382  2.2641  2.1645  2.4689
    7.25   50.25   0.5651  1.1723  1.9942  2.2682  2.5554  2.5939  2.5442  2.4382  2.2641  2.1645  2.4689
    7.25   50.40   0.5651  1.1723  1.9942  2.2682  2.5554  2.5939  2.5442  2.4382  2.2641  2.1645  2.4689
    7.25   50.63   0.5651  1.1723  1.9942  2.2682  2.5554  2.5939  2.5442  2.4382  2.2641  2.1645  2.4689
    7.25   50.99   0.5651  1.1723  1.9942  2.2682  2.5554  2.5939  2.5442  2.4382  2.2641  2.1645  2.4689
    7.25   51.56   0.5651  1.1723  1.9942  2.2682  2.5554  2.5939  2.5442  2.4382  2.2641  2.1645  2.4689
    7.25   52.45   0.5651  1.1723  1.9942  2.2682  2.5554  2.5939  2.5442  2.4382  2.2641  2.1645  2.4689
    7.25   53.83   0.5651  1.1723  1.9942  2.2682  2.5554  2.5939  2.5442  2.4382  2.2641  2.1645  2.4689
    7.25   55.96   0.5945  1.1723  1.9940  2.2679  2.5550  2.5935  2.5439  2.4378  2.2636  2.1642  2.4687
    7.25   59.16   0.6209  1.1660  1.9866  2.2590  2.5457  2.5846  2.5353  2.4289  2.2538  2.1547  2.4595
    7.25   63.91   0.6254  1.1479  1.9652  2.2338  2.5190  2.5586  2.5104  2.4027  2.2256  2.1270  2.4332
    7.25   70.80   0.6083  1.1126  1.9236  2.1842  2.4664  2.5081  2.4617  2.3514  2.1701  2.0735  2.3814
    7.25   80.51   0.5668  1.0561  1.8572  2.1048  2.3829  2.4269  2.3836  2.2691  2.0814  1.9875  2.2992
    7.25   93.86   0.4998  0.9754  1.7645  1.9933  2.2648  2.3098  2.2691  2.1472  1.9520  1.8634  2.1819
    7.25  111.80   0.4097  0.8729  1.6484  1.8543  2.1160  2.1599  2.1200  1.9882  1.7850  1.7040  2.0343
    7.25  135.46   0.3015  0.7522  1.5140  1.6941  1.9419  1.9813  1.9386  1.7925  1.5839  1.5139  1.8618
    7.25  166.19   0.1770  0.6160  1.3653  1.5174  1.7466  1.7756  1.7262  1.5611  1.3504  1.2954  1.6679
    7.25  205.70   0.0380  0.4662  1.2043  1.3272  1.5333  1.5439  1.4825  1.2927  1.0847  1.0488  1.4550
    7.25  256.12  -0.1150  0.3022  1.0320  1.1242  1.3005  1.2841  1.2033  0.9823  0.7831  0.7718  1.2226
    7.25  320.16  -0.2844  0.1230  0.8473  0.9069  1.0468  0.9925  0.8830  0.6231  0.4400  0.4600  0.9683
    7.25  401.24  -0.4700 -0.0741  0.6478  0.6733  0.7680  0.6619  0.5132  0.2043  0.0465  0.1054  0.6846
    7.25  503.68  -0.6803 -0.2933  0.4295  0.4198  0.4584  0.2824  0.0820 -0.2881 -0.4093 -0.3012  0.3641
    7.25  632.94  -0.9166 -0.5400  0.1881  0.1418  0.1098 -0.1570 -0.4268 -0.8731 -0.9435 -0.7736  0.0131
    7.25  795.90  -1.1870 -0.8212 -0.0811 -0.1681 -0.2884 -0.6724 -1.0316 -1.5728 -1.5759 -1.3276 -0.3848
    7.50   50.01   0.7812  1.3519  2.1704  2.4316  2.7068  2.7414  2.6867  2.5742  2.4015  2.2996  2.7074
    7.50   50.02   0.7812  1.3519  2.1704  2.4316  2.7068  2.7414  2.6867  2.5742  2.4015  2.2996  2.7074
    7.50   50.02   0.7812  1.3519  2.1704  2.4316  2.7068  2.7414  2.6867  2.5742  2.4015  2.2996  2.7074
    7.50   50.04   0.7812  1.3519  2.1704  2.4316  2.7068  2.7414  2.6867  2.5742  2.4015  2.2996  2.7074
    7.50   50.06   0.7812  1.3519  2.1704  2.4316  2.7068  2.7414  2.6867  2.5742  2.4015  2.2996  2.7074
    7.50   50.10   0.7812  1.3519  2.1704  2.4316  2.7068  2.7414  2.6867  2.5742  2.4015  2.2996  2.7074
    7.50   50.16   0.7812  1.3519  2.1704  2.4316  2.7068  2.7414  2.6867  2.5742  2.4015  2.2996  2.7074
    7.50   50.25   0.7812  1.3519  2.1704  2.4316  2.7068  2.7414  2.6867  2.5742  2.4015  2.2996  2.7074
    7.50   50.40   0.7812  1.3519  2.1704  2.4316  2.7068  2.7414  2.6867  2.5742  2.4015  2.2996  2.7074
    7.50   50.63   0.7812  1.3519  2.1704  2.4316  2.7068  2.7414  2.6867  2.5742  2.4015  2.2996  2.7074
    7.50   50.99   0.7812  1.3519  2.1704  2.4316  2.7068  2.7414  2.6867  2.5742  2.4015  2.2996  2.7074
    7.50   51.56   0.7812  1.3519  2.1704  2.4316  2.7068  2.7414  2.6867  2.5742  2.4015  2.2996  2.7074
    7.50   52.45   0.7812  1.3519  2.1704  2.4316  2.7068  2.7414  2.6867  2.5742  2.4015  2.2996  2.7074
    7.50   53.83   0.7812  1.3519  2.1704  2.4316  2.7068  2.7414  2.6867  2.5742  2.4015  2.2996  2.7074
    7.50   55.96   0.7812  1.3519  2.1704  2.4316  2.7068  2.7414  2.6867  2.5742  2.4015  2.2996  2.7074
    7.50   59.16   0.7932  1.3519  2.1700  2.4314  2.7066  2.7411  2.6865  2.5740  2.4013  2.2993  2.7072
    7.50   63.91   0.8182  1.3432  2.1600  2.4194  2.6939  2.7290  2.6748  2.5619  2.3880  2.2865  2.6947
    7.50   70.80   0.8135  1.3180  2.1292  2.3828  2.6553  2.6918  2.6394  2.5247  2.3477  2.2470  2.6564
    7.50   80.51   0.7781  1.2689  2.0708  2.3131  2.5820  2.6214  2.5721  2.4543  2.2712  2.1724  2.5836
    7.50   93.86   0.7148  1.1934  1.9817  2.2066  2.4694  2.5109  2.4657  2.3420  2.1499  2.0559  2.4725
    7.50  111.80   0.6248  1.0935  1.8661  2.0679  2.3219  2.3636  2.3216  2.1888  1.9867  1.9000  2.3276
    7.50  135.46   0.5129  0.9726  1.7296  1.9045  2.1454  2.1842  2.1412  1.9951  1.7858  1.7091  2.1538
    7.50  166.19   0.3840  0.8351  1.5770  1.7236  1.9467  1.9762  1.9278  1.7638  1.5512  1.4885  1.9568
    7.50  205.70   0.2411  0.6833  1.4126  1.5294  1.7292  1.7413  1.6825  1.4947  1.2827  1.2393  1.7404
    7.50  256.12   0.0834  0.5175  1.2372  1.3228  1.4930  1.4789  1.4018  1.1830  0.9786  0.9596  1.5052
    7.50  320.16  -0.0904  0.3367  1.0498  1.1023  1.2361  1.1849  1.0799  0.8228  0.6330  0.6453  1.2493
    7.50  401.24  -0.2815  0.1386  0.8483  0.8664  0.9550  0.8525  0.7089  0.4031  0.2374  0.2889  0.9645
    7.50  503.68  -0.4943 -0.0817  0.6282  0.6106  0.6433  0.4713  0.2764 -0.0904 -0.2195 -0.1193  0.6442
    7.50  632.94  -0.7347 -0.3293  0.3857  0.3307  0.2929  0.0304 -0.2335 -0.6762 -0.7550 -0.5930  0.2916
    7.50  795.90  -1.0088 -0.6111  0.1151  0.0195 -0.1065 -0.4862 -0.8390 -1.3764 -1.3880 -1.1482 -0.1078
    7.75   50.01   0.9847  1.5234  2.3372  2.5897  2.8617  2.8968  2.8371  2.7177  2.5474  2.4389  2.9359
    7.75   50.02   0.9847  1.5234  2.3372  2.5897  2.8617  2.8968  2.8371  2.7177  2.5474  2.4389  2.9359
    7.75   50.02   0.9847  1.5234  2.3372  2.5897  2.8617  2.8968  2.8371  2.7177  2.5474  2.4389  2.9359
    7.75   50.04   0.9847  1.5234  2.3372  2.5897  2.8617  2.8968  2.8371  2.7177  2.5474  2.4389  2.9359
    7.75   50.06   0.9847  1.5234  2.3372  2.5897  2.8617  2.8968  2.8371  2.7177  2.5474  2.4389  2.9359
    7.75   50.10   0.9847  1.5234  2.3372  2.5897  2.8617  2.8968  2.8371  2.7177  2.5474  2.4389  2.9359
    7.75   50.16   0.9847  1.5234  2.3372  2.5897  2.8617  2.8968  2.8371  2.7177  2.5474  2.4389  2.9359
    7.75   50.25   0.9847  1.5234  2.3372  2.5897  2.8617  2.8968  2.8371  2.7177  2.5474  2.4389  2.9359
    7.75   50.40   0.9847  1.5234  2.3372  2.5897  2.8617  2.8968  2.8371  2.7177  2.5474  2.4389  2.9359
    7.75   50.63   0.9847  1.5234  2.3372  2.5897  2.8617  2.8968  2.8371  2.7177  2.5474  2.4389  2.9359
    7.75   50.99   0.9847  1.5234  2.3372  2.5897  2.8617  2.8968  2.8371  2.7177  2.5474  2.4389  2.9359
    7.75   51.56   0.9847  1.5234  2.3372  2.5897  2.8617  2.8968  2.8371  2.7177  2.5474  2.4389  2.9359
    7.75   52.45   0.9847  1.5234  2.3372  2.5897  2.8617  2.8968  2.8371  2.7177  2.5474  2.4389  2.9359
    7.75   53.83   0.9847  1.5234  2.3372  2.5897  2.8617  2.8968  2.8371  2.7177  2.5474  2.4389  2.9359
    7.75   55.96   0.9847  1.5234  2.3372  2.5897  2.8617  2.8968  2.8371  2.7177  2.5474  2.4389  2.9359
    7.75   59.16   0.9847  1.5234  2.3372  2.5897  2.8617  2.8968  2.8371  2.7177  2.5474  2.4389  2.9359
    7.75   63.91   0.9847  1.5234  2.3372  2.5895  2.8617  2.8968  2.8370  2.7176  2.5473  2.4389  2.9358
    7.75   70.80   1.0015  1.5124  2.3239  2.5736  2.8450  2.8807  2.8220  2.7018  2.5300  2.4221  2.9195
    7.75   80.51   0.9820  1.4770  2.2804  2.5222  2.7908  2.8288  2.7728  2.6506  2.4737  2.3672  2.8661
    7.75   93.86   0.9269  1.4124  2.2015  2.4279  2.6915  2.7334  2.6823  2.5560  2.3698  2.2668  2.7686
    7.75  111.80   0.8386  1.3177  2.0884  2.2925  2.5479  2.5923  2.5467  2.4127  2.2155  2.1187  2.6289
    7.75  135.46   0.7260  1.1975  1.9495  2.1271  2.3699  2.4128  2.3697  2.2242  2.0163  1.9292  2.4540
    7.75  166.19   0.5928  1.0593  1.7931  1.9411  2.1670  2.2024  2.1560  1.9937  1.7800  1.7061  2.2539
    7.75  205.70   0.4444  0.9058  1.6244  1.7414  1.9441  1.9641  1.9092  1.7238  1.5091  1.4535  2.0325
    7.75  256.12   0.2819  0.7382  1.4449  1.5300  1.7035  1.6982  1.6263  1.4114  1.2021  1.1709  1.7947
    7.75  320.16   0.1043  0.5558  1.2539  1.3057  1.4428  1.4010  1.3029  1.0498  0.8539  0.8538  1.5365
    7.75  401.24  -0.0916  0.3559  1.0495  1.0664  1.1584  1.0659  0.9302  0.6290  0.4561  0.4949  1.2510
    7.75  503.68  -0.3083  0.1342  0.8275  0.8082  0.8441  0.6830  0.4961  0.1346 -0.0032  0.0847  0.9299
    7.75  632.94  -0.5518 -0.1142  0.5834  0.5265  0.4919  0.2402 -0.0145 -0.4513 -0.5399 -0.3904  0.5748
    7.75  795.90  -0.8300 -0.3969  0.3113  0.2135  0.0910 -0.2775 -0.6206 -1.1520 -1.1740 -0.9469  0.1738
    8.00   50.01   1.0113  1.5234  2.3372  2.5897  2.8617  2.8968  2.8371  2.7177  2.5474  2.4389  2.9359
    8.00   50.02   1.0113  1.5234  2.3372  2.5897  2.8617  2.8968  2.8371  2.7177  2.5474  2.4389  2.9359
    8.00   50.02   1.0113  1.5234  2.3372  2.5897  2.8617  2.8968  2.8371  2.7177  2.5474  2.4389  2.9359
    8.00   50.04   1.0113  1.5234  2.3372  2.5897  2.8617  2.8968  2.8371  2.7177  2.5474  2.4389  2.9359
    8.00   50.06   1.0113  1.5234  2.3372  2.5897  2.8617  2.8968  2.8371  2.7177  2.5474  2.4389  2.9359
    8.00   50.10   1.0113  1.5234  2.3372  2.5897  2.8617  2.8968  2.8371  2.7177  2.5474  2.4389  2.9359
    8.00   50.16   1.0113  1.5234  2.3372  2.5897  2.8617  2.8968  2.8371  2.7177  2.5474  2.4389  2.9359
    8.00   50.25   1.0113  1.5234  2.3372  2.5897  2.8617  2.8968  2.8371  2.7177  2.5474  2.4389  2.9359
    8.00   50.40   1.0113  1.5234  2.3372  2.5897  2.8617  2.8968  2.8371  2.7177  2.5474  2.4389  2.9359
    8.00   50.63   1.0113  1.5234  2.3372  2.5897  2.8617  2.8968  2.8371  2.7177  2.5474  2.4389  2.9359
    8.00   50.99   1.0113  1.5234  2.3372  2.5897  2.8617  2.8968  2.8371  2.7177  2.5474  2.4389  2.9359
    8.00   51.56   1.0113  1.5234  2.3372  2.5897  2.8617  2.8968  2.8371  2.7177  2.5474  2.4389  2.9359
    8.00   52.45   1.0113  1.5234  2.3372  2.5897  2.8617  2.8968  2.8371  2.7177  2.5474  2.4389  2.9359
    8.00   53.83   1.0113  1.5234  2.3372  2.5897  2.8617  2.8968  2.8371  2.7177  2.5474  2.4389  2.9359
    8.00   55.96   1.0113  1.5234  2.3372  2.5897  2.8617  2.8968  2.8371  2.7177  2.5474  2.4389  2.9359
    8.00   59.16   1.0113  1.5234  2.3372  2.5897  2.8617  2.8968  2.8371  2.7177  2.5474  2.4389  2.9359
    8.00   63.91   1.0113  1.5234  2.3372  2.5895  2.8617  2.8968  2.8370  2.7176  2.5473  2.4389  2.9358
    8.00   70.80   1.0004  1.5124  2.3239  2.5736  2.8450  2.8807  2.8220  2.7018  2.5300  2.4221  2.9195
    8.00   80.51   0.9764  1.4770  2.2804  2.5222  2.7908  2.8288  2.7728  2.6506  2.4737  2.3672  2.8661
    8.00   93.86   0.9184  1.4124  2.2015  2.4279  2.6915  2.7334  2.6823  2.5560  2.3698  2.2668  2.7686
    8.00  111.80   0.8280  1.3177  2.0884  2.2925  2.5479  2.5923  2.5467  2.4127  2.2155  2.1187  2.6289
    8.00  135.46   0.7122  1.1975  1.9495  2.1271  2.3699  2.4128  2.3697  2.2242  2.0163  1.9292  2.4540
    8.00  166.19   0.5758  1.0593  1.7931  1.9411  2.1670  2.2024  2.1560  1.9937  1.7800  1.7061  2.2539
    8.00  205.70   0.4219  0.9058  1.6244  1.7414  1.9441  1.9641  1.9092  1.7238  1.5091  1.4535  2.0325
    8.00  256.12   0.2572  0.7382  1.4449  1.5300  1.7035  1.6982  1.6263  1.4114  1.2021  1.1709  1.7947
    8.00  320.16   0.0753  0.5558  1.2539  1.3057  1.4428  1.4010  1.3029  1.0498  0.8539  0.8538  1.5365
    8.00  401.24  -0.1230  0.3559  1.0495  1.0664  1.1584  1.0659  0.9302  0.6290  0.4561  0.4949  1.2510
    8.00  503.68  -0.3429  0.1342  0.8275  0.8082  0.8441  0.6830  0.4961  0.1346 -0.0032  0.0847  0.9299
    8.00  632.94  -0.5895 -0.1142  0.5834  0.5265  0.4919  0.2402 -0.0145 -0.4513 -0.5399 -0.3904  0.5748
    8.00  795.90  -0.8711 -0.3969  0.3113  0.2135  0.0910 -0.2775 -0.6206 -1.1520 -1.1740 -0.9469  0.1738
