Western North America median inslab ground motion CLASS C, distance is Rhypo (depth 30 km). ESTIMATED - see Inslab30kmdepth_estimates.xls. Log10 hazard values in cgs units  PGA 0.02 PGV 0.01. Original file GMPEt_WInslab_med.dat,provided by G Atkinson 20120807
      15      30      11        : nmag, ndist, nperiod
                      10       5       2       1     0.5  0.3003     0.2     0.1    0.05    0.02    0.01
                    0.62    0.62    0.62    0.62    0.58    0.54    0.53    0.53    0.53    0.53    0.62
    4.50   30.02  -2.1195 -0.7661 -0.0189  0.5356  1.1773  1.3689  1.4050  1.3868  1.2077  1.0450  0.9336
    4.50   30.03  -2.1195 -0.7661 -0.0189  0.5356  1.1773  1.3689  1.4050  1.3868  1.2077  1.0450  0.9336
    4.50   30.04  -2.1166 -0.7661 -0.0189  0.5356  1.1773  1.3689  1.4050  1.3868  1.2077  1.0450  0.9336
    4.50   30.07  -2.1060 -0.7661 -0.0189  0.5356  1.1773  1.3689  1.4050  1.3868  1.2077  1.0450  0.9336
    4.50   30.10  -2.0959 -0.7664 -0.0190  0.5356  1.1773  1.3689  1.4050  1.3868  1.2075  1.0450  0.9335
    4.50   30.17  -2.0690 -0.7664 -0.0192  0.5353  1.1770  1.3687  1.4047  1.3865  1.2073  1.0447  0.9332
    4.50   30.26  -2.0442 -0.7668 -0.0196  0.5348  1.1764  1.3682  1.4043  1.3858  1.2068  1.0443  0.9327
    4.50   30.42  -2.0202 -0.7676 -0.0203  0.5339  1.1754  1.3671  1.4034  1.3849  1.2056  1.0433  0.9317
    4.50   30.66  -1.9882 -0.7687 -0.0216  0.5324  1.1738  1.3656  1.4017  1.3832  1.2040  1.0415  0.9299
    4.50   31.03  -1.9520 -0.7706 -0.0238  0.5298  1.1710  1.3627  1.3988  1.3801  1.2009  1.0386  0.9270
    4.50   31.62  -1.9178 -0.7740 -0.0274  0.5254  1.1664  1.3581  1.3944  1.3753  1.1956  1.0335  0.9222
    4.50   32.53  -1.8831 -0.7793 -0.0332  0.5185  1.1589  1.3507  1.3869  1.3674  1.1874  1.0257  0.9143
    4.50   33.93  -1.8510 -0.7879 -0.0423  0.5075  1.1472  1.3391  1.3751  1.3549  1.1745  1.0132  0.9020
    4.50   36.03  -1.8233 -0.8010 -0.0567  0.4904  1.1285  1.3207  1.3568  1.3354  1.1540  0.9936  0.8827
    4.50   39.13  -1.8018 -0.8208 -0.0784  0.4643  1.1007  1.2929  1.3290  1.3059  1.1230  0.9641  0.8534
    4.50   43.59  -1.7901 -0.8500 -0.1102  0.4262  1.0596  1.2521  1.2883  1.2625  1.0779  0.9208  0.8105
    4.50   49.85  -1.7884 -0.8911 -0.1548  0.3725  1.0021  1.1948  1.2309  1.2015  1.0145  0.8599  0.7503
    4.50   58.41  -1.8036 -0.9477 -0.2164  0.2990  0.9234  1.1148  1.1504  1.1150  0.9255  0.7750  0.6676
    4.50   69.87  -1.8356 -1.0194 -0.2942  0.2063  0.8238  1.0136  1.0487  1.0054  0.8130  0.6675  0.5629
    4.50   84.91  -1.8831 -1.1085 -0.3901  0.0916  0.6997  0.8860  0.9178  0.8630  0.6695  0.5320  0.4348
    4.50  104.40  -1.9448 -1.2126 -0.5014 -0.0412  0.5545  0.7349  0.7620  0.6933  0.4986  0.3717  0.2854
    4.50  129.42  -2.0225 -1.3305 -0.6265 -0.1902  0.3895  0.5601  0.5802  0.4945  0.3001  0.1860  0.1168
    4.50  161.30  -2.1122 -1.4617 -0.7648 -0.3544  0.2058  0.3618  0.3710  0.2637  0.0731 -0.0261 -0.0714
    4.50  201.77  -2.2149 -1.6066 -0.9148 -0.5326  0.0037  0.1383  0.1310 -0.0028 -0.1858 -0.2646 -0.2820
    4.50  252.98  -2.3334 -1.7653 -1.0784 -0.7249 -0.2187 -0.1135 -0.1443 -0.3102 -0.4812 -0.5337 -0.5214
    4.50  317.65  -2.4656 -1.9393 -1.2561 -0.9329 -0.4640 -0.3992 -0.4604 -0.6667 -0.8178 -0.8389 -0.7805
    4.50  399.24  -2.6196 -2.1336 -1.4494 -1.1587 -0.7353 -0.7239 -0.8268 -1.0833 -1.2058 -1.1873 -1.0727
    4.50  502.09  -2.7942 -2.3498 -1.6624 -1.4065 -1.0396 -1.0988 -1.2553 -1.5735 -1.6581 -1.5891 -1.4095
    4.50  631.67  -2.9967 -2.5936 -1.8993 -1.6802 -1.3840 -1.5347 -1.7609 -2.1558 -2.1887 -2.0579 -1.7537
    4.50  794.90  -3.2345 -2.8726 -2.1654 -1.9861 -1.7776 -2.0458 -2.3636 -2.8531 -2.8173 -2.6078 -2.1474
    4.75   30.02  -1.8413 -0.5803  0.1802  0.6952  1.2852  1.4495  1.4736  1.4447  1.2661  1.1172  1.0356
    4.75   30.03  -1.8413 -0.5803  0.1802  0.6952  1.2852  1.4495  1.4736  1.4447  1.2661  1.1172  1.0356
    4.75   30.04  -1.8413 -0.5803  0.1802  0.6952  1.2852  1.4495  1.4736  1.4447  1.2661  1.1172  1.0356
    4.75   30.07  -1.8322 -0.5803  0.1802  0.6952  1.2852  1.4495  1.4736  1.4447  1.2661  1.1172  1.0356
    4.75   30.10  -1.8211 -0.5803  0.1802  0.6952  1.2852  1.4495  1.4736  1.4447  1.2661  1.1172  1.0356
    4.75   30.17  -1.7991 -0.5803  0.1798  0.6950  1.2852  1.4493  1.4735  1.4446  1.2661  1.1169  1.0354
    4.75   30.26  -1.7741 -0.5808  0.1794  0.6946  1.2847  1.4489  1.4731  1.4442  1.2655  1.1166  1.0350
    4.75   30.42  -1.7502 -0.5813  0.1791  0.6938  1.2839  1.4480  1.4722  1.4434  1.2646  1.1156  1.0341
    4.75   30.66  -1.7217 -0.5822  0.1777  0.6925  1.2824  1.4466  1.4708  1.4418  1.2630  1.1141  1.0325
    4.75   31.03  -1.6871 -0.5842  0.1759  0.6900  1.2797  1.4441  1.4682  1.4391  1.2601  1.1114  1.0298
    4.75   31.62  -1.6545 -0.5874  0.1723  0.6859  1.2754  1.4397  1.4639  1.4345  1.2553  1.1068  1.0252
    4.75   32.53  -1.6217 -0.5924  0.1668  0.6792  1.2683  1.4326  1.4567  1.4269  1.2475  1.0993  1.0178
    4.75   33.93  -1.5916 -0.6007  0.1579  0.6684  1.2569  1.4212  1.4454  1.4147  1.2349  1.0872  1.0058
    4.75   36.03  -1.5655 -0.6136  0.1438  0.6516  1.2389  1.4033  1.4275  1.3957  1.2149  1.0680  0.9870
    4.75   39.13  -1.5465 -0.6332  0.1224  0.6258  1.2111  1.3762  1.4002  1.3666  1.1847  1.0389  0.9583
    4.75   43.59  -1.5382 -0.6621  0.0909  0.5879  1.1706  1.3359  1.3600  1.3237  1.1400  0.9964  0.9160
    4.75   49.85  -1.5391 -0.7030  0.0464  0.5342  1.1134  1.2792  1.3034  1.2631  1.0772  0.9359  0.8564
    4.75   58.41  -1.5569 -0.7594 -0.0149  0.4613  1.0350  1.1997  1.2234  1.1772  0.9885  0.8515  0.7745
    4.75   69.87  -1.5901 -0.8307 -0.0928  0.3686  0.9353  1.0985  1.1216  1.0676  0.8760  0.7443  0.6707
    4.75   84.91  -1.6401 -0.9199 -0.1885  0.2540  0.8114  0.9710  0.9912  0.9260  0.7327  0.6087  0.5427
    4.75  104.40  -1.7060 -1.0239 -0.2997  0.1209  0.6662  0.8199  0.8354  0.7565  0.5619  0.4481  0.3934
    4.75  129.42  -1.7861 -1.1418 -0.4252 -0.0284  0.5010  0.6452  0.6535  0.5575  0.3632  0.2624  0.2250
    4.75  161.30  -1.8793 -1.2732 -0.5636 -0.1925  0.3170  0.4467  0.4440  0.3267  0.1359  0.0507  0.0380
    4.75  201.77  -1.9861 -1.4181 -0.7139 -0.3710  0.1145  0.2236  0.2038  0.0602 -0.1228 -0.1882 -0.1723
    4.75  252.98  -2.1039 -1.5766 -0.8776 -0.5635 -0.1076 -0.0285 -0.0710 -0.2472 -0.4178 -0.4576 -0.4100
    4.75  317.65  -2.2414 -1.7511 -1.0555 -0.7716 -0.3530 -0.3144 -0.3870 -0.6033 -0.7547 -0.7625 -0.6678
    4.75  399.24  -2.3964 -1.9451 -1.2489 -0.9975 -0.6243 -0.6392 -0.7533 -1.0196 -1.1433 -1.1116 -0.9591
    4.75  502.09  -2.5745 -2.1614 -1.4622 -1.2456 -0.9289 -1.0142 -1.1821 -1.5100 -1.5954 -1.5135 -1.2948
    4.75  631.67  -2.7794 -2.4052 -1.6991 -1.5188 -1.2729 -1.4503 -1.6878 -2.0923 -2.1259 -1.9818 -1.6386
    4.75  794.90  -3.0208 -2.6847 -1.9654 -1.8251 -1.6674 -1.9622 -2.2913 -2.7911 -2.7553 -2.5330 -2.0327
    5.00   30.02  -1.5677 -0.3943  0.3791  0.8546  1.3932  1.5299  1.5421  1.5027  1.3247  1.1891  1.1374
    5.00   30.03  -1.5677 -0.3943  0.3791  0.8546  1.3932  1.5299  1.5421  1.5027  1.3247  1.1891  1.1374
    5.00   30.04  -1.5677 -0.3943  0.3791  0.8546  1.3932  1.5299  1.5421  1.5027  1.3247  1.1891  1.1374
    5.00   30.07  -1.5667 -0.3943  0.3791  0.8546  1.3932  1.5299  1.5421  1.5027  1.3247  1.1891  1.1374
    5.00   30.10  -1.5535 -0.3943  0.3791  0.8546  1.3932  1.5299  1.5421  1.5027  1.3247  1.1891  1.1374
    5.00   30.17  -1.5372 -0.3943  0.3791  0.8546  1.3932  1.5299  1.5421  1.5027  1.3247  1.1891  1.1374
    5.00   30.26  -1.5107 -0.3945  0.3789  0.8544  1.3930  1.5297  1.5418  1.5025  1.3244  1.1888  1.1374
    5.00   30.42  -1.4864 -0.3950  0.3782  0.8537  1.3924  1.5291  1.5412  1.5018  1.3236  1.1881  1.1367
    5.00   30.66  -1.4606 -0.3958  0.3773  0.8525  1.3911  1.5277  1.5399  1.5005  1.3222  1.1868  1.1353
    5.00   31.03  -1.4275 -0.3975  0.3755  0.8503  1.3887  1.5254  1.5376  1.4980  1.3197  1.1842  1.1329
    5.00   31.62  -1.3966 -0.4004  0.3723  0.8465  1.3846  1.5215  1.5336  1.4938  1.3153  1.1800  1.1286
    5.00   32.53  -1.3662 -0.4052  0.3670  0.8402  1.3779  1.5148  1.5270  1.4865  1.3078  1.1729  1.1215
    5.00   33.93  -1.3378 -0.4131  0.3584  0.8297  1.3668  1.5038  1.5160  1.4750  1.2957  1.1613  1.1102
    5.00   36.03  -1.3138 -0.4257  0.3447  0.8133  1.3493  1.4866  1.4987  1.4564  1.2764  1.1430  1.0920
    5.00   39.13  -1.2981 -0.4450  0.3237  0.7879  1.3225  1.4600  1.4721  1.4278  1.2468  1.1144  1.0637
    5.00   43.59  -1.2904 -0.4737  0.2927  0.7503  1.2824  1.4204  1.4326  1.3857  1.2030  1.0727  1.0223
    5.00   49.85  -1.2945 -0.5143  0.2482  0.6968  1.2258  1.3645  1.3767  1.3257  1.1409  1.0129  0.9633
    5.00   58.41  -1.3169 -0.5702  0.1872  0.6242  1.1475  1.2853  1.2973  1.2402  1.0525  0.9290  0.8823
    5.00   69.87  -1.3494 -0.6412  0.1092  0.5317  1.0478  1.1845  1.1957  1.1310  0.9398  0.8220  0.7792
    5.00   84.91  -1.4022 -0.7307  0.0138  0.4173  0.9241  1.0569  1.0657  0.9900  0.7969  0.6864  0.6514
    5.00  104.40  -1.4722 -0.8347 -0.0975  0.2840  0.7788  0.9059  0.9098  0.8207  0.6261  0.5256  0.5024
    5.00  129.42  -1.5529 -0.9524 -0.2232  0.1339  0.6132  0.7312  0.7276  0.6215  0.4271  0.3396  0.3342
    5.00  161.30  -1.6481 -1.0842 -0.3619 -0.0300  0.4288  0.5324  0.5179  0.3906  0.1995  0.1279  0.1481
    5.00  201.77  -1.7577 -1.2293 -0.5126 -0.2088  0.2260  0.3092  0.2776  0.1243 -0.0589 -0.1112 -0.0619
    5.00  252.98  -1.8835 -1.3876 -0.6765 -0.4017  0.0042  0.0569  0.0027 -0.1835 -0.3538 -0.3809 -0.2981
    5.00  317.65  -2.0215 -1.5629 -0.8547 -0.6100 -0.2415 -0.2290 -0.3128 -0.5394 -0.6909 -0.6855 -0.5548
    5.00  399.24  -2.1781 -1.7565 -1.0481 -0.8362 -0.5132 -0.5540 -0.6793 -0.9553 -1.0802 -1.0354 -0.8452
    5.00  502.09  -2.3603 -1.9728 -1.2616 -1.0843 -0.8180 -0.9294 -1.1083 -1.4458 -1.5319 -1.4373 -1.1797
    5.00  631.67  -2.5683 -2.2169 -1.4986 -1.3572 -1.1616 -1.3657 -1.6143 -2.0286 -2.0629 -1.9055 -1.5233
    5.00  794.90  -2.8121 -2.4963 -1.7651 -1.6635 -1.5567 -1.8777 -2.2181 -2.7280 -2.6926 -2.4574 -1.9178
    5.25   30.02  -1.2962 -0.2073  0.5745  1.0161  1.5123  1.6264  1.6286  1.5807  1.4021  1.2770  1.2575
    5.25   30.03  -1.2962 -0.2073  0.5745  1.0161  1.5123  1.6264  1.6286  1.5807  1.4021  1.2770  1.2575
    5.25   30.04  -1.2962 -0.2073  0.5745  1.0161  1.5123  1.6264  1.6286  1.5807  1.4021  1.2770  1.2575
    5.25   30.07  -1.2962 -0.2073  0.5745  1.0161  1.5123  1.6264  1.6286  1.5807  1.4021  1.2770  1.2575
    5.25   30.10  -1.2921 -0.2073  0.5745  1.0161  1.5123  1.6264  1.6286  1.5807  1.4021  1.2770  1.2575
    5.25   30.17  -1.2792 -0.2073  0.5745  1.0161  1.5123  1.6264  1.6286  1.5807  1.4021  1.2770  1.2575
    5.25   30.26  -1.2549 -0.2073  0.5745  1.0161  1.5123  1.6264  1.6286  1.5807  1.4021  1.2770  1.2575
    5.25   30.42  -1.2294 -0.2076  0.5742  1.0157  1.5118  1.6260  1.6281  1.5803  1.4016  1.2766  1.2570
    5.25   30.66  -1.2063 -0.2083  0.5734  1.0147  1.5108  1.6250  1.6271  1.5792  1.4006  1.2756  1.2560
    5.25   31.03  -1.1745 -0.2098  0.5718  1.0128  1.5087  1.6230  1.6251  1.5772  1.3983  1.2735  1.2538
    5.25   31.62  -1.1446 -0.2124  0.5690  1.0094  1.5052  1.6194  1.6216  1.5733  1.3944  1.2697  1.2501
    5.25   32.53  -1.1162 -0.2168  0.5641  1.0035  1.4989  1.6133  1.6154  1.5667  1.3875  1.2630  1.2436
    5.25   33.93  -1.0894 -0.2242  0.5559  0.9938  1.4884  1.6029  1.6052  1.5557  1.3760  1.2521  1.2329
    5.25   36.03  -1.0669 -0.2362  0.5428  0.9780  1.4717  1.5863  1.5886  1.5379  1.3577  1.2342  1.2152
    5.25   39.13  -1.0517 -0.2549  0.5224  0.9533  1.4453  1.5604  1.5627  1.5103  1.3290  1.2066  1.1882
    5.25   43.59  -1.0454 -0.2829  0.4919  0.9165  1.4061  1.5216  1.5241  1.4689  1.2859  1.1654  1.1474
    5.25   49.85  -1.0515 -0.3229  0.4481  0.8639  1.3501  1.4661  1.4688  1.4097  1.2245  1.1065  1.0893
    5.25   58.41  -1.0742 -0.3785  0.3874  0.7915  1.2724  1.3879  1.3904  1.3253  1.1373  1.0235  1.0091
    5.25   69.87  -1.1128 -0.4497  0.3094  0.6990  1.1729  1.2872  1.2895  1.2164  1.0253  0.9165  0.9064
    5.25   84.91  -1.1682 -0.5386  0.2140  0.5844  1.0491  1.1601  1.1597  1.0761  0.8822  0.7814  0.7800
    5.25  104.40  -1.2394 -0.6424  0.1024  0.4509  0.9035  1.0092  1.0042  0.9073  0.7115  0.6207  0.6317
    5.25  129.42  -1.3239 -0.7605 -0.0236  0.3008  0.7379  0.8343  0.8222  0.7082  0.5127  0.4345  0.4633
    5.25  161.30  -1.4228 -0.8921 -0.1627  0.1362  0.5535  0.6355  0.6123  0.4773  0.2851  0.2228  0.2769
    5.25  201.77  -1.5353 -1.0375 -0.3137 -0.0430  0.3504  0.4119  0.3720  0.2112  0.0264 -0.0161  0.0678
    5.25  252.98  -1.6608 -1.1961 -0.4774 -0.2362  0.1281  0.1595  0.0973 -0.0964 -0.2689 -0.2863 -0.1666
    5.25  317.65  -1.8032 -1.3715 -0.6558 -0.4450 -0.1180 -0.1260 -0.2184 -0.4525 -0.6064 -0.5913 -0.4226
    5.25  399.24  -1.9632 -1.5648 -0.8497 -0.6714 -0.3899 -0.4518 -0.5852 -0.8688 -0.9948 -0.9409 -0.7112
    5.25  502.09  -2.1481 -1.7816 -1.0633 -0.9193 -0.6946 -0.8271 -1.0143 -1.3598 -1.4471 -1.3434 -1.0442
    5.25  631.67  -2.3599 -2.0257 -1.3006 -1.1930 -1.0390 -1.2636 -1.5204 -1.9427 -1.9783 -1.8119 -1.3883
    5.25  794.90  -2.6072 -2.3053 -1.5672 -1.4991 -1.4337 -1.7757 -2.1243 -2.6420 -2.6082 -2.3638 -1.7825
    5.50   30.02  -1.0296 -0.0203  0.7700  1.1776  1.6313  1.7229  1.7150  1.6587  1.4796  1.3651  1.3775
    5.50   30.03  -1.0296 -0.0203  0.7700  1.1776  1.6313  1.7229  1.7150  1.6587  1.4796  1.3651  1.3775
    5.50   30.04  -1.0296 -0.0203  0.7700  1.1776  1.6313  1.7229  1.7150  1.6587  1.4796  1.3651  1.3775
    5.50   30.07  -1.0296 -0.0203  0.7700  1.1776  1.6313  1.7229  1.7150  1.6587  1.4796  1.3651  1.3775
    5.50   30.10  -1.0296 -0.0203  0.7700  1.1776  1.6313  1.7229  1.7150  1.6587  1.4796  1.3651  1.3775
    5.50   30.17  -1.0242 -0.0203  0.7700  1.1776  1.6313  1.7229  1.7150  1.6587  1.4796  1.3651  1.3775
    5.50   30.26  -1.0101 -0.0203  0.7700  1.1776  1.6313  1.7229  1.7150  1.6587  1.4796  1.3651  1.3775
    5.50   30.42  -0.9817 -0.0203  0.7700  1.1776  1.6312  1.7229  1.7150  1.6587  1.4796  1.3649  1.3775
    5.50   30.66  -0.9577 -0.0208  0.7695  1.1769  1.6305  1.7222  1.7143  1.6580  1.4789  1.3642  1.3767
    5.50   31.03  -0.9291 -0.0219  0.7682  1.1756  1.6289  1.7207  1.7128  1.6563  1.4771  1.3627  1.3751
    5.50   31.62  -0.8991 -0.0241  0.7658  1.1725  1.6258  1.7176  1.7098  1.6531  1.4737  1.3594  1.3719
    5.50   32.53  -0.8718 -0.0281  0.7614  1.1673  1.6202  1.7121  1.7043  1.6472  1.4676  1.3535  1.3662
    5.50   33.93  -0.8459 -0.0349  0.7539  1.1581  1.6106  1.7025  1.6947  1.6370  1.4570  1.3432  1.3560
    5.50   36.03  -0.8263 -0.0463  0.7415  1.1433  1.5946  1.6867  1.6791  1.6202  1.4396  1.3266  1.3395
    5.50   39.13  -0.8103 -0.0642  0.7218  1.1198  1.5693  1.6618  1.6542  1.5937  1.4120  1.3000  1.3134
    5.50   43.59  -0.8064 -0.0913  0.6919  1.0837  1.5310  1.6239  1.6166  1.5534  1.3701  1.2596  1.2738
    5.50   49.85  -0.8128 -0.1306  0.6489  1.0321  1.4758  1.5693  1.5623  1.4952  1.3098  1.2014  1.2167
    5.50   58.41  -0.8371 -0.1856  0.5885  0.9602  1.3987  1.4919  1.4850  1.4120  1.2238  1.1193  1.1374
    5.50   69.87  -0.8780 -0.2570  0.5106  0.8676  1.2995  1.3914  1.3844  1.3036  1.1121  1.0125  1.0351
    5.50   84.91  -0.9366 -0.3454  0.4152  0.7528  1.1754  1.2648  1.2551  1.1641  0.9691  0.8780  0.9100
    5.50  104.40  -1.0092 -0.4491  0.3036  0.6190  1.0297  1.1139  1.1001  0.9957  0.7984  0.7174  0.7625
    5.50  129.42  -1.0975 -0.5673  0.1769  0.4687  0.8639  0.9386  0.9183  0.7965  0.5999  0.5308  0.5936
    5.50  161.30  -1.1999 -0.6992  0.0374  0.3033  0.6792  0.7396  0.7080  0.5657  0.3722  0.3190  0.4069
    5.50  201.77  -1.3157 -0.8450 -0.1141  0.1237  0.4755  0.5157  0.4677  0.2996  0.1130  0.0796  0.1983
    5.50  252.98  -1.4435 -1.0039 -0.2778 -0.0701  0.2526  0.2627  0.1932 -0.0081 -0.1828 -0.1908 -0.0343
    5.50  317.65  -1.5901 -1.1797 -0.4566 -0.2792  0.0062 -0.0223 -0.1231 -0.3645 -0.5207 -0.4962 -0.2896
    5.50  399.24  -1.7539 -1.3729 -0.6507 -0.5061 -0.2663 -0.3491 -0.4906 -0.7815 -0.9091 -0.8458 -0.5769
    5.50  502.09  -1.9405 -1.5899 -0.8648 -0.7538 -0.5708 -0.7243 -0.9194 -1.2731 -1.3618 -1.2488 -0.9084
    5.50  631.67  -2.1556 -1.8342 -1.1021 -1.0283 -0.9158 -1.1610 -1.4259 -1.8563 -1.8932 -1.7176 -1.2527
    5.50  794.90  -2.4059 -2.1139 -1.3689 -1.3340 -1.3104 -1.6733 -2.0299 -2.5551 -2.5233 -2.2697 -1.6472
    5.75   30.02  -0.7702  0.1672  0.9620  1.3421  1.7602  1.8339  1.8185  1.7552  1.5756  1.4681  1.5149
    5.75   30.03  -0.7702  0.1672  0.9620  1.3421  1.7602  1.8339  1.8185  1.7552  1.5756  1.4681  1.5149
    5.75   30.04  -0.7702  0.1672  0.9620  1.3421  1.7602  1.8339  1.8185  1.7552  1.5756  1.4681  1.5149
    5.75   30.07  -0.7702  0.1672  0.9620  1.3421  1.7602  1.8339  1.8185  1.7552  1.5756  1.4681  1.5149
    5.75   30.10  -0.7702  0.1672  0.9620  1.3421  1.7602  1.8339  1.8185  1.7552  1.5756  1.4681  1.5149
    5.75   30.17  -0.7702  0.1672  0.9620  1.3421  1.7602  1.8339  1.8185  1.7552  1.5756  1.4681  1.5149
    5.75   30.26  -0.7641  0.1672  0.9620  1.3421  1.7602  1.8339  1.8185  1.7552  1.5756  1.4681  1.5149
    5.75   30.42  -0.7440  0.1672  0.9620  1.3421  1.7602  1.8339  1.8185  1.7552  1.5756  1.4681  1.5149
    5.75   30.66  -0.7153  0.1671  0.9620  1.3421  1.7601  1.8338  1.8184  1.7551  1.5755  1.4679  1.5148
    5.75   31.03  -0.6900  0.1664  0.9611  1.3409  1.7591  1.8328  1.8174  1.7541  1.5744  1.4668  1.5138
    5.75   31.62  -0.6588  0.1647  0.9593  1.3388  1.7567  1.8305  1.8151  1.7516  1.5718  1.4643  1.5114
    5.75   32.53  -0.6320  0.1613  0.9556  1.3343  1.7519  1.8257  1.8105  1.7466  1.5666  1.4594  1.5065
    5.75   33.93  -0.6063  0.1552  0.9488  1.3262  1.7433  1.8172  1.8020  1.7375  1.5571  1.4502  1.4977
    5.75   36.03  -0.5860  0.1448  0.9373  1.3122  1.7285  1.8027  1.7876  1.7221  1.5410  1.4348  1.4825
    5.75   39.13  -0.5733  0.1279  0.9186  1.2899  1.7046  1.7792  1.7643  1.6971  1.5148  1.4095  1.4580
    5.75   43.59  -0.5704  0.1017  0.8897  1.2548  1.6676  1.7427  1.7281  1.6584  1.4743  1.3705  1.4202
    5.75   49.85  -0.5801  0.0634  0.8475  1.2041  1.6136  1.6894  1.6754  1.6017  1.4153  1.3137  1.3649
    5.75   58.41  -0.6054  0.0093  0.7881  1.1328  1.5376  1.6134  1.5995  1.5203  1.3309  1.2329  1.2869
    5.75   69.87  -0.6488 -0.0615  0.7106  1.0405  1.4385  1.5133  1.4995  1.4127  1.2200  1.1264  1.1854
    5.75   84.91  -0.7082 -0.1496  0.6147  0.9258  1.3145  1.3870  1.3709  1.2740  1.0779  0.9924  1.0600
    5.75  104.40  -0.7847 -0.2535  0.5025  0.7918  1.1684  1.2363  1.2161  1.1060  0.9072  0.8318  0.9121
    5.75  129.42  -0.8755 -0.3720  0.3757  0.6408  1.0024  1.0612  1.0348  0.9073  0.7085  0.6453  0.7433
    5.75  161.30  -0.9802 -0.5036  0.2359  0.4749  0.8169  0.8620  0.8248  0.6767  0.4806  0.4332  0.5563
    5.75  201.77  -1.0979 -0.6497  0.0839  0.2943  0.6130  0.6378  0.5843  0.4104  0.2211  0.1934  0.3490
    5.75  252.98  -1.2309 -0.8091 -0.0803  0.1003  0.3895  0.3847  0.3094  0.1028 -0.0748 -0.0773  0.1160
    5.75  317.65  -1.3804 -0.9850 -0.2592 -0.1095  0.1424  0.0982 -0.0076 -0.2544 -0.4134 -0.3838 -0.1381
    5.75  399.24  -1.5459 -1.1785 -0.4538 -0.3364 -0.1304 -0.2286 -0.3751 -0.6715 -0.8022 -0.7335 -0.4249
    5.75  502.09  -1.7361 -1.3953 -0.6682 -0.5845 -0.4353 -0.6035 -0.8041 -1.1627 -1.2553 -1.1369 -0.7545
    5.75  631.67  -1.9542 -1.6404 -0.9058 -0.8593 -0.7802 -1.0406 -1.3110 -1.7463 -1.7867 -1.6059 -1.1000
    5.75  794.90  -2.2063 -1.9197 -1.1727 -1.1657 -1.1750 -1.5530 -1.9147 -2.4449 -2.4168 -2.1578 -1.4944
    6.00   30.02  -0.5134  0.3548  1.1541  1.5065  1.8892  1.9449  1.9220  1.8517  1.6716  1.5710  1.6525
    6.00   30.03  -0.5134  0.3548  1.1541  1.5065  1.8892  1.9449  1.9220  1.8517  1.6716  1.5710  1.6525
    6.00   30.04  -0.5134  0.3548  1.1541  1.5065  1.8892  1.9449  1.9220  1.8517  1.6716  1.5710  1.6525
    6.00   30.07  -0.5134  0.3548  1.1541  1.5065  1.8892  1.9449  1.9220  1.8517  1.6716  1.5710  1.6525
    6.00   30.10  -0.5134  0.3548  1.1541  1.5065  1.8892  1.9449  1.9220  1.8517  1.6716  1.5710  1.6525
    6.00   30.17  -0.5134  0.3548  1.1541  1.5065  1.8892  1.9449  1.9220  1.8517  1.6716  1.5710  1.6525
    6.00   30.26  -0.5134  0.3548  1.1541  1.5065  1.8892  1.9449  1.9220  1.8517  1.6716  1.5710  1.6525
    6.00   30.42  -0.5095  0.3548  1.1541  1.5065  1.8892  1.9449  1.9220  1.8517  1.6716  1.5710  1.6525
    6.00   30.66  -0.4855  0.3548  1.1541  1.5065  1.8892  1.9449  1.9220  1.8517  1.6716  1.5710  1.6525
    6.00   31.03  -0.4552  0.3546  1.1537  1.5064  1.8890  1.9447  1.9218  1.8515  1.6714  1.5708  1.6523
    6.00   31.62  -0.4266  0.3534  1.1526  1.5051  1.8875  1.9433  1.9204  1.8500  1.6698  1.5693  1.6508
    6.00   32.53  -0.3992  0.3509  1.1499  1.5015  1.8839  1.9397  1.9168  1.8462  1.6658  1.5655  1.6470
    6.00   33.93  -0.3747  0.3457  1.1442  1.4945  1.8766  1.9325  1.9098  1.8386  1.6578  1.5578  1.6396
    6.00   36.03  -0.3546  0.3364  1.1340  1.4820  1.8634  1.9195  1.8969  1.8248  1.6433  1.5438  1.6263
    6.00   39.13  -0.3417  0.3208  1.1166  1.4611  1.8412  1.8977  1.8754  1.8017  1.6191  1.5205  1.6039
    6.00   43.59  -0.3400  0.2960  1.0889  1.4278  1.8059  1.8631  1.8412  1.7651  1.5805  1.4834  1.5682
    6.00   49.85  -0.3508  0.2589  1.0477  1.3779  1.7534  1.8115  1.7902  1.7103  1.5230  1.4280  1.5151
    6.00   58.41  -0.3778  0.2058  0.9895  1.3079  1.6787  1.7373  1.7164  1.6311  1.4405  1.3489  1.4391
    6.00   69.87  -0.4217  0.1357  0.9125  1.2158  1.5799  1.6377  1.6169  1.5243  1.3304  1.2432  1.3380
    6.00   84.91  -0.4844  0.0477  0.8163  1.1011  1.4560  1.5118  1.4891  1.3866  1.1891  1.1092  1.2123
    6.00  104.40  -0.5615 -0.0563  0.7034  0.9665  1.3096  1.3611  1.3346  1.2191  1.0188  0.9488  1.0641
    6.00  129.42  -0.6568 -0.1750  0.5762  0.8149  1.1428  1.1858  1.1538  1.0206  0.8197  0.7622  0.8950
    6.00  161.30  -0.7634 -0.3070  0.4360  0.6480  0.9565  0.9862  0.9435  0.7902  0.5913  0.5496  0.7077
    6.00  201.77  -0.8856 -0.4531  0.2830  0.4664  0.7520  0.7618  0.7029  0.5235  0.3313  0.3089  0.5011
    6.00  252.98  -1.0216 -0.6133  0.1179  0.2719  0.5272  0.5077  0.4263  0.2146  0.0341  0.0371  0.2677
    6.00  317.65  -1.1725 -0.7894 -0.0611  0.0613  0.2800  0.2201  0.1094 -0.1427 -0.3046 -0.2702  0.0144
    6.00  399.24  -1.3424 -0.9834 -0.2562 -0.1657  0.0065 -0.1069 -0.2582 -0.5598 -0.6941 -0.6200 -0.2719
    6.00  502.09  -1.5346 -1.2000 -0.4708 -0.4144 -0.2989 -0.4818 -0.6878 -1.0511 -1.1476 -1.0240 -0.5999
    6.00  631.67  -1.7561 -1.4459 -0.7089 -0.6893 -0.6437 -0.9191 -1.1949 -1.6349 -1.6787 -1.4932 -0.9467
    6.00  794.90  -2.0108 -1.7249 -0.9761 -0.9967 -1.0388 -1.4320 -1.7983 -2.3333 -2.3093 -2.0449 -1.3407
    6.25   30.02  -0.2657  0.5422  1.3420  1.6716  2.0272  2.0699  2.0411  1.9641  1.7841  1.6870  1.8059
    6.25   30.03  -0.2657  0.5422  1.3420  1.6716  2.0272  2.0699  2.0411  1.9641  1.7841  1.6870  1.8059
    6.25   30.04  -0.2657  0.5422  1.3420  1.6716  2.0272  2.0699  2.0411  1.9641  1.7841  1.6870  1.8059
    6.25   30.07  -0.2657  0.5422  1.3420  1.6716  2.0272  2.0699  2.0411  1.9641  1.7841  1.6870  1.8059
    6.25   30.10  -0.2657  0.5422  1.3420  1.6716  2.0272  2.0699  2.0411  1.9641  1.7841  1.6870  1.8059
    6.25   30.17  -0.2657  0.5422  1.3420  1.6716  2.0272  2.0699  2.0411  1.9641  1.7841  1.6870  1.8059
    6.25   30.26  -0.2657  0.5422  1.3420  1.6716  2.0272  2.0699  2.0411  1.9641  1.7841  1.6870  1.8059
    6.25   30.42  -0.2657  0.5422  1.3420  1.6716  2.0272  2.0699  2.0411  1.9641  1.7841  1.6870  1.8059
    6.25   30.66  -0.2656  0.5422  1.3420  1.6716  2.0272  2.0699  2.0411  1.9641  1.7841  1.6870  1.8059
    6.25   31.03  -0.2369  0.5422  1.3420  1.6716  2.0272  2.0699  2.0411  1.9641  1.7841  1.6870  1.8059
    6.25   31.62  -0.2074  0.5420  1.3418  1.6713  2.0269  2.0696  2.0408  1.9637  1.7838  1.6867  1.8056
    6.25   32.53  -0.1755  0.5405  1.3400  1.6693  2.0247  2.0675  2.0387  1.9617  1.7814  1.6844  1.8035
    6.25   33.93  -0.1494  0.5366  1.3356  1.6640  2.0192  2.0619  2.0334  1.9560  1.7754  1.6786  1.7978
    6.25   36.03  -0.1292  0.5288  1.3270  1.6535  2.0081  2.0511  2.0227  1.9447  1.7633  1.6670  1.7866
    6.25   39.13  -0.1162  0.5147  1.3113  1.6348  1.9883  2.0318  2.0035  1.9240  1.7417  1.6461  1.7665
    6.25   43.59  -0.1118  0.4917  1.2855  1.6037  1.9555  1.9995  1.9717  1.8902  1.7060  1.6116  1.7333
    6.25   49.85  -0.1236  0.4563  1.2461  1.5560  1.9052  1.9500  1.9233  1.8382  1.6512  1.5588  1.6824
    6.25   58.41  -0.1506  0.4051  1.1890  1.4876  1.8326  1.8783  1.8524  1.7623  1.5716  1.4822  1.6089
    6.25   69.87  -0.1968  0.3358  1.1125  1.3958  1.7344  1.7800  1.7542  1.6570  1.4620  1.3775  1.5096
    6.25   84.91  -0.2610  0.2486  1.0166  1.2814  1.6109  1.6550  1.6280  1.5212  1.3220  1.2443  1.3849
    6.25  104.40  -0.3429  0.1447  0.9034  1.1466  1.4644  1.5045  1.4745  1.3551  1.1524  1.0839  1.2368
    6.25  129.42  -0.4398  0.0260  0.7756  0.9940  1.2969  1.3290  1.2936  1.1571  0.9539  0.8972  1.0682
    6.25  161.30  -0.5517 -0.1071  0.6343  0.8257  1.1097  1.1290  1.0834  0.9266  0.7249  0.6842  0.8796
    6.25  201.77  -0.6757 -0.2536  0.4805  0.6435  0.9035  0.9031  0.8414  0.6586  0.4632  0.4423  0.6723
    6.25  252.98  -0.8139 -0.4143  0.3142  0.4478  0.6780  0.6484  0.5649  0.3498  0.1655  0.1700  0.4402
    6.25  317.65  -0.9684 -0.5904  0.1344  0.2362  0.4301  0.3606  0.2472 -0.0081 -0.1738 -0.1377  0.1864
    6.25  399.24  -1.1421 -0.7847 -0.0607  0.0084  0.1563  0.0333 -0.1207 -0.4253 -0.5636 -0.4883 -0.0981
    6.25  502.09  -1.3371 -1.0019 -0.2759 -0.2408 -0.1499 -0.3426 -0.5502 -0.9164 -1.0173 -0.8923 -0.4241
    6.25  631.67  -1.5605 -1.2476 -0.5139 -0.5159 -0.4953 -0.7801 -1.0573 -1.5003 -1.5488 -1.3616 -0.7711
    6.25  794.90  -1.8186 -1.5271 -0.7817 -0.8234 -0.8903 -1.2932 -1.6606 -2.1990 -2.1793 -1.9138 -1.1661
    6.50   30.02  -0.0191  0.7297  1.5300  1.8366  2.1651  2.1948  2.1600  2.0768  1.8965  1.8029  1.9594
    6.50   30.03  -0.0191  0.7297  1.5300  1.8366  2.1651  2.1948  2.1600  2.0768  1.8965  1.8029  1.9594
    6.50   30.04  -0.0191  0.7297  1.5300  1.8366  2.1651  2.1948  2.1600  2.0768  1.8965  1.8029  1.9594
    6.50   30.07  -0.0191  0.7297  1.5300  1.8366  2.1651  2.1948  2.1600  2.0768  1.8965  1.8029  1.9594
    6.50   30.10  -0.0191  0.7297  1.5300  1.8366  2.1651  2.1948  2.1600  2.0768  1.8965  1.8029  1.9594
    6.50   30.17  -0.0191  0.7297  1.5300  1.8366  2.1651  2.1948  2.1600  2.0768  1.8965  1.8029  1.9594
    6.50   30.26  -0.0191  0.7297  1.5300  1.8366  2.1651  2.1948  2.1600  2.0768  1.8965  1.8029  1.9594
    6.50   30.42  -0.0191  0.7297  1.5300  1.8366  2.1651  2.1948  2.1600  2.0768  1.8965  1.8029  1.9594
    6.50   30.66  -0.0191  0.7297  1.5300  1.8366  2.1651  2.1948  2.1600  2.0768  1.8965  1.8029  1.9594
    6.50   31.03  -0.0191  0.7297  1.5300  1.8366  2.1651  2.1948  2.1600  2.0768  1.8965  1.8029  1.9594
    6.50   31.62   0.0036  0.7297  1.5300  1.8366  2.1651  2.1948  2.1600  2.0768  1.8965  1.8029  1.9594
    6.50   32.53   0.0376  0.7294  1.5298  1.8363  2.1648  2.1945  2.1597  2.0761  1.8962  1.8026  1.9590
    6.50   33.93   0.0674  0.7271  1.5272  1.8332  2.1615  2.1914  2.1565  2.0730  1.8927  1.7993  1.9558
    6.50   36.03   0.0903  0.7214  1.5206  1.8253  2.1533  2.1832  2.1487  2.0644  1.8837  1.7906  1.9473
    6.50   39.13   0.1054  0.7097  1.5074  1.8095  2.1366  2.1668  2.1327  2.0474  1.8656  1.7730  1.9305
    6.50   43.59   0.1093  0.6890  1.4840  1.7816  2.1071  2.1377  2.1043  2.0174  1.8336  1.7422  1.9007
    6.50   49.85   0.1001  0.6559  1.4467  1.7369  2.0600  2.0913  2.0591  1.9690  1.7824  1.6926  1.8528
    6.50   58.41   0.0726  0.6071  1.3918  1.6710  1.9902  2.0230  1.9920  1.8973  1.7067  1.6195  1.7824
    6.50   69.87   0.0260  0.5389  1.3157  1.5798  1.8928  1.9262  1.8953  1.7938  1.5982  1.5161  1.6850
    6.50   84.91  -0.0422  0.4523  1.2199  1.4653  1.7698  1.8024  1.7710  1.6602  1.4595  1.3840  1.5615
    6.50  104.40  -0.1241  0.3483  1.1066  1.3300  1.6229  1.6518  1.6184  1.4952  1.2907  1.2235  1.4132
    6.50  129.42  -0.2245  0.2294  0.9776  1.1763  1.4540  1.4758  1.4371  1.2979  1.0918  1.0360  1.2452
    6.50  161.30  -0.3390  0.0946  0.8344  1.0057  1.2655  1.2742  1.2252  1.0654  0.8610  0.8213  1.0541
    6.50  201.77  -0.4677 -0.0523  0.6796  0.8226  1.0575  1.0471  0.9829  0.7970  0.5982  0.5787  0.8458
    6.50  252.98  -0.6110 -0.2134  0.5124  0.6256  0.8311  0.7917  0.7061  0.4879  0.2997  0.3056  0.6148
    6.50  317.65  -0.7679 -0.3899  0.3316  0.4130  0.5819  0.5033  0.3873  0.1296 -0.0403 -0.0028  0.3606
    6.50  399.24  -0.9440 -0.5852  0.1360  0.1841  0.3073  0.1756  0.0191 -0.2881 -0.4306 -0.3544  0.0775
    6.50  502.09  -1.1436 -0.8030 -0.0798 -0.0661  0.0006 -0.2016 -0.4107 -0.7795 -0.8844 -0.7587 -0.2469
    6.50  631.67  -1.3709 -1.0486 -0.3178 -0.3413 -0.3454 -0.6392 -0.9179 -1.3635 -1.4168 -1.2282 -0.5942
    6.50  794.90  -1.6322 -1.3283 -0.5867 -0.6494 -0.7405 -1.1528 -1.5211 -2.0625 -2.0474 -1.7808 -0.9902
    6.75   30.02   0.2173  0.9142  1.7130  2.0020  2.3113  2.3323  2.2924  2.2026  2.0231  1.9299  2.1265
    6.75   30.03   0.2173  0.9142  1.7130  2.0020  2.3113  2.3323  2.2924  2.2026  2.0231  1.9299  2.1265
    6.75   30.04   0.2173  0.9142  1.7130  2.0020  2.3113  2.3323  2.2924  2.2026  2.0231  1.9299  2.1265
    6.75   30.07   0.2173  0.9142  1.7130  2.0020  2.3113  2.3323  2.2924  2.2026  2.0231  1.9299  2.1265
    6.75   30.10   0.2173  0.9142  1.7130  2.0020  2.3113  2.3323  2.2924  2.2026  2.0231  1.9299  2.1265
    6.75   30.17   0.2173  0.9142  1.7130  2.0020  2.3113  2.3323  2.2924  2.2026  2.0231  1.9299  2.1265
    6.75   30.26   0.2173  0.9142  1.7130  2.0020  2.3113  2.3323  2.2924  2.2026  2.0231  1.9299  2.1265
    6.75   30.42   0.2173  0.9142  1.7130  2.0020  2.3113  2.3323  2.2924  2.2026  2.0231  1.9299  2.1265
    6.75   30.66   0.2173  0.9142  1.7130  2.0020  2.3113  2.3323  2.2924  2.2026  2.0231  1.9299  2.1265
    6.75   31.03   0.2173  0.9142  1.7130  2.0020  2.3113  2.3323  2.2924  2.2026  2.0231  1.9299  2.1265
    6.75   31.62   0.2173  0.9142  1.7130  2.0020  2.3113  2.3323  2.2924  2.2026  2.0231  1.9299  2.1265
    6.75   32.53   0.2298  0.9142  1.7130  2.0020  2.3113  2.3323  2.2924  2.2026  2.0231  1.9299  2.1265
    6.75   33.93   0.2683  0.9138  1.7127  2.0017  2.3108  2.3319  2.2920  2.2022  2.0224  1.9295  2.1258
    6.75   36.03   0.2988  0.9106  1.7090  1.9973  2.3061  2.3275  2.2877  2.1975  2.0177  1.9247  2.1215
    6.75   39.13   0.3159  0.9021  1.6991  1.9855  2.2937  2.3152  2.2760  2.1850  2.0041  1.9118  2.1090
    6.75   43.59   0.3241  0.8849  1.6795  1.9620  2.2688  2.2910  2.2523  2.1600  1.9775  1.8859  2.0842
    6.75   49.85   0.3156  0.8551  1.6455  1.9214  2.2258  2.2492  2.2114  2.1164  1.9313  1.8412  2.0417
    6.75   58.41   0.2898  0.8094  1.5931  1.8588  2.1596  2.1845  2.1487  2.0497  1.8601  1.7726  1.9758
    6.75   69.87   0.2433  0.7434  1.5188  1.7698  2.0650  2.0907  2.0558  1.9506  1.7557  1.6724  1.8811
    6.75   84.91   0.1756  0.6583  1.4238  1.6558  1.9432  1.9689  1.9343  1.8206  1.6199  1.5425  1.7592
    6.75  104.40   0.0905  0.5550  1.3094  1.5193  1.7960  1.8188  1.7829  1.6578  1.4517  1.3825  1.6107
    6.75  129.42  -0.0133  0.4345  1.1787  1.3635  1.6250  1.6411  1.6004  1.4595  1.2507  1.1934  1.4410
    6.75  161.30  -0.1303  0.2999  1.0344  1.1917  1.4346  1.4385  1.3887  1.2272  1.0192  0.9777  1.2501
    6.75  201.77  -0.2627  0.1523  0.8779  1.0069  1.2260  1.2104  1.1460  0.9588  0.7559  0.7341  1.0407
    6.75  252.98  -0.4079 -0.0096  0.7095  0.8084  0.9976  0.9538  0.8688  0.6499  0.4569  0.4600  0.8102
    6.75  317.65  -0.5698 -0.1868  0.5279  0.5946  0.7477  0.6648  0.5497  0.2913  0.1165  0.1511  0.5563
    6.75  399.24  -0.7480 -0.3825  0.3313  0.3644  0.4720  0.3364  0.1813 -0.1266 -0.2746 -0.2012  0.2736
    6.75  502.09  -0.9511 -0.6004  0.1150  0.1139  0.1645 -0.0412 -0.2488 -0.6182 -0.7290 -0.6060 -0.0492
    6.75  631.67  -1.1812 -0.8463 -0.1241 -0.1623 -0.1819 -0.4791 -0.7563 -1.2022 -1.2617 -1.0764 -0.3977
    6.75  794.90  -1.4456 -1.1265 -0.3926 -0.4706 -0.5781 -0.9928 -1.3601 -1.9016 -1.8929 -1.6293 -0.7939
    7.00   30.02   0.4496  1.0986  1.8960  2.1676  2.4571  2.4698  2.4248  2.3285  2.1495  2.0570  2.2932
    7.00   30.03   0.4496  1.0986  1.8960  2.1676  2.4571  2.4698  2.4248  2.3285  2.1495  2.0570  2.2932
    7.00   30.04   0.4496  1.0986  1.8960  2.1676  2.4571  2.4698  2.4248  2.3285  2.1495  2.0570  2.2932
    7.00   30.07   0.4496  1.0986  1.8960  2.1676  2.4571  2.4698  2.4248  2.3285  2.1495  2.0570  2.2932
    7.00   30.10   0.4496  1.0986  1.8960  2.1676  2.4571  2.4698  2.4248  2.3285  2.1495  2.0570  2.2932
    7.00   30.17   0.4496  1.0986  1.8960  2.1676  2.4571  2.4698  2.4248  2.3285  2.1495  2.0570  2.2932
    7.00   30.26   0.4496  1.0986  1.8960  2.1676  2.4571  2.4698  2.4248  2.3285  2.1495  2.0570  2.2932
    7.00   30.42   0.4496  1.0986  1.8960  2.1676  2.4571  2.4698  2.4248  2.3285  2.1495  2.0570  2.2932
    7.00   30.66   0.4496  1.0986  1.8960  2.1676  2.4571  2.4698  2.4248  2.3285  2.1495  2.0570  2.2932
    7.00   31.03   0.4496  1.0986  1.8960  2.1676  2.4571  2.4698  2.4248  2.3285  2.1495  2.0570  2.2932
    7.00   31.62   0.4496  1.0986  1.8960  2.1676  2.4571  2.4698  2.4248  2.3285  2.1495  2.0570  2.2932
    7.00   32.53   0.4496  1.0986  1.8960  2.1676  2.4571  2.4698  2.4248  2.3285  2.1495  2.0570  2.2932
    7.00   33.93   0.4514  1.0986  1.8960  2.1676  2.4571  2.4698  2.4248  2.3285  2.1495  2.0570  2.2932
    7.00   36.03   0.4902  1.0983  1.8957  2.1673  2.4568  2.4693  2.4245  2.3281  2.1490  2.0563  2.2930
    7.00   39.13   0.5183  1.0938  1.8904  2.1610  2.4501  2.4629  2.4183  2.3216  2.1420  2.0497  2.2864
    7.00   43.59   0.5310  1.0812  1.8758  2.1433  2.4317  2.4451  2.4010  2.3033  2.1222  2.0305  2.2685
    7.00   49.85   0.5271  1.0562  1.8468  2.1087  2.3951  2.4095  2.3666  2.2668  2.0832  1.9928  2.2326
    7.00   58.41   0.5056  1.0145  1.7983  2.0511  2.3339  2.3503  2.3092  2.2061  2.0181  1.9300  2.1731
    7.00   69.87   0.4605  0.9520  1.7270  1.9656  2.2432  2.2612  2.2221  2.1135  1.9197  1.8352  2.0834
    7.00   84.91   0.3931  0.8687  1.6331  1.8527  2.1235  2.1422  2.1043  1.9877  1.7878  1.7082  1.9635
    7.00  104.40   0.3040  0.7651  1.5169  1.7139  1.9745  1.9908  1.9521  1.8249  1.6181  1.5469  1.8138
    7.00  129.42   0.1985  0.6440  1.3843  1.5561  1.8019  1.8123  1.7697  1.6275  1.4162  1.3573  1.6426
    7.00  161.30   0.0761  0.5084  1.2384  1.3822  1.6090  1.6082  1.5577  1.3951  1.1837  1.1398  1.4510
    7.00  201.77  -0.0589  0.3599  1.0796  1.1950  1.3985  1.3786  1.3144  1.1265  0.9191  0.8946  1.2401
    7.00  252.98  -0.2085  0.1970  0.9095  0.9945  1.1681  1.1201  1.0362  0.8169  0.6193  0.6191  1.0092
    7.00  317.65  -0.3732  0.0187  0.7267  0.7792  0.9166  0.8301  0.7163  0.4577  0.2778  0.3091  0.7554
    7.00  399.24  -0.5555 -0.1777  0.5285  0.5474  0.6393  0.5008  0.3473  0.0390 -0.1145 -0.0444  0.4725
    7.00  502.09  -0.7615 -0.3962  0.3118  0.2956  0.3308  0.1223 -0.0835 -0.4526 -0.5699 -0.4501  0.1511
    7.00  631.67  -0.9952 -0.6424  0.0712  0.0185 -0.0162 -0.3162 -0.5914 -1.0371 -1.1032 -0.9217 -0.1989
    7.00  794.90  -1.2633 -0.9232 -0.1972 -0.2903 -0.4137 -0.8304 -1.1961 -1.7369 -1.7352 -1.4749 -0.5955
    7.25   30.02   0.6709  1.2782  2.0719  2.3310  2.6086  2.6172  2.5673  2.4645  2.2868  2.1919  2.5318
    7.25   30.03   0.6709  1.2782  2.0719  2.3310  2.6086  2.6172  2.5673  2.4645  2.2868  2.1919  2.5318
    7.25   30.04   0.6709  1.2782  2.0719  2.3310  2.6086  2.6172  2.5673  2.4645  2.2868  2.1919  2.5318
    7.25   30.07   0.6709  1.2782  2.0719  2.3310  2.6086  2.6172  2.5673  2.4645  2.2868  2.1919  2.5318
    7.25   30.10   0.6709  1.2782  2.0719  2.3310  2.6086  2.6172  2.5673  2.4645  2.2868  2.1919  2.5318
    7.25   30.17   0.6709  1.2782  2.0719  2.3310  2.6086  2.6172  2.5673  2.4645  2.2868  2.1919  2.5318
    7.25   30.26   0.6709  1.2782  2.0719  2.3310  2.6086  2.6172  2.5673  2.4645  2.2868  2.1919  2.5318
    7.25   30.42   0.6709  1.2782  2.0719  2.3310  2.6086  2.6172  2.5673  2.4645  2.2868  2.1919  2.5318
    7.25   30.66   0.6709  1.2782  2.0719  2.3310  2.6086  2.6172  2.5673  2.4645  2.2868  2.1919  2.5318
    7.25   31.03   0.6709  1.2782  2.0719  2.3310  2.6086  2.6172  2.5673  2.4645  2.2868  2.1919  2.5318
    7.25   31.62   0.6709  1.2782  2.0719  2.3310  2.6086  2.6172  2.5673  2.4645  2.2868  2.1919  2.5318
    7.25   32.53   0.6709  1.2782  2.0719  2.3310  2.6086  2.6172  2.5673  2.4645  2.2868  2.1919  2.5318
    7.25   33.93   0.6709  1.2782  2.0719  2.3310  2.6086  2.6172  2.5673  2.4645  2.2868  2.1919  2.5318
    7.25   36.03   0.6709  1.2782  2.0719  2.3310  2.6086  2.6172  2.5673  2.4645  2.2868  2.1919  2.5318
    7.25   39.13   0.7003  1.2779  2.0717  2.3308  2.6082  2.6169  2.5670  2.4641  2.2864  2.1914  2.5314
    7.25   43.59   0.7267  1.2717  2.0643  2.3218  2.5990  2.6080  2.5584  2.4552  2.2768  2.1821  2.5223
    7.25   49.85   0.7313  1.2536  2.0429  2.2964  2.5722  2.5820  2.5335  2.4288  2.2486  2.1545  2.4959
    7.25   58.41   0.7142  1.2184  2.0013  2.2468  2.5197  2.5315  2.4849  2.3776  2.1932  2.1008  2.4443
    7.25   69.87   0.6725  1.1617  1.9349  2.1676  2.4360  2.4504  2.4067  2.2952  2.1045  2.0148  2.3618
    7.25   84.91   0.6056  1.0809  1.8421  2.0561  2.3180  2.3332  2.2920  2.1737  1.9748  1.8907  2.2447
    7.25  104.40   0.5155  0.9786  1.7262  1.9172  2.1693  2.1834  2.1430  2.0145  1.8079  1.7313  2.0970
    7.25  129.42   0.4071  0.8578  1.5917  1.7569  1.9952  2.0048  1.9618  1.8187  1.6068  1.5412  1.9245
    7.25  161.30   0.2824  0.7215  1.4429  1.5802  1.7999  1.7989  1.7494  1.5873  1.3733  1.3228  1.7307
    7.25  201.77   0.1435  0.5716  1.2819  1.3902  1.5866  1.5673  1.5056  1.3187  1.1074  1.0760  1.5177
    7.25  252.98  -0.0095  0.4076  1.1096  1.1871  1.3537  1.3076  1.2264  1.0087  0.8060  0.7990  1.2854
    7.25  317.65  -0.1786  0.2287  0.9250  0.9697  1.1000  1.0160  0.9061  0.6493  0.4629  0.4873  1.0311
    7.25  399.24  -0.3643  0.0315  0.7255  0.7362  0.8213  0.6854  0.5364  0.2305  0.0693  0.1326  0.7474
    7.25  502.09  -0.5745 -0.1877  0.5073  0.4827  0.5115  0.3058  0.1049 -0.2618 -0.3864 -0.2739  0.4268
    7.25  631.67  -0.8110 -0.4345  0.2658  0.2047  0.1632 -0.1337 -0.4036 -0.8468 -0.9206 -0.7464  0.0759
    7.25  794.90  -1.0812 -0.7155 -0.0034 -0.1053 -0.2352 -0.6489 -1.0084 -1.5465 -1.5530 -1.3003 -0.3221
    7.50   30.02   0.8870  1.4576  2.2479  2.4945  2.7601  2.7647  2.7098  2.6004  2.4244  2.3268  2.7702
    7.50   30.03   0.8870  1.4576  2.2479  2.4945  2.7601  2.7647  2.7098  2.6004  2.4244  2.3268  2.7702
    7.50   30.04   0.8870  1.4576  2.2479  2.4945  2.7601  2.7647  2.7098  2.6004  2.4244  2.3268  2.7702
    7.50   30.07   0.8870  1.4576  2.2479  2.4945  2.7601  2.7647  2.7098  2.6004  2.4244  2.3268  2.7702
    7.50   30.10   0.8870  1.4576  2.2479  2.4945  2.7601  2.7647  2.7098  2.6004  2.4244  2.3268  2.7702
    7.50   30.17   0.8870  1.4576  2.2479  2.4945  2.7601  2.7647  2.7098  2.6004  2.4244  2.3268  2.7702
    7.50   30.26   0.8870  1.4576  2.2479  2.4945  2.7601  2.7647  2.7098  2.6004  2.4244  2.3268  2.7702
    7.50   30.42   0.8870  1.4576  2.2479  2.4945  2.7601  2.7647  2.7098  2.6004  2.4244  2.3268  2.7702
    7.50   30.66   0.8870  1.4576  2.2479  2.4945  2.7601  2.7647  2.7098  2.6004  2.4244  2.3268  2.7702
    7.50   31.03   0.8870  1.4576  2.2479  2.4945  2.7601  2.7647  2.7098  2.6004  2.4244  2.3268  2.7702
    7.50   31.62   0.8870  1.4576  2.2479  2.4945  2.7601  2.7647  2.7098  2.6004  2.4244  2.3268  2.7702
    7.50   32.53   0.8870  1.4576  2.2479  2.4945  2.7601  2.7647  2.7098  2.6004  2.4244  2.3268  2.7702
    7.50   33.93   0.8870  1.4576  2.2479  2.4945  2.7601  2.7647  2.7098  2.6004  2.4244  2.3268  2.7702
    7.50   36.03   0.8870  1.4576  2.2479  2.4945  2.7601  2.7647  2.7098  2.6004  2.4244  2.3268  2.7702
    7.50   39.13   0.8870  1.4576  2.2479  2.4945  2.7601  2.7647  2.7098  2.6004  2.4244  2.3268  2.7702
    7.50   43.59   0.8989  1.4574  2.2476  2.4942  2.7598  2.7645  2.7096  2.6002  2.4241  2.3266  2.7700
    7.50   49.85   0.9241  1.4491  2.2377  2.4822  2.7472  2.7523  2.6980  2.5881  2.4109  2.3137  2.7574
    7.50   58.41   0.9191  1.4234  2.2067  2.4456  2.7086  2.7152  2.6625  2.5510  2.3706  2.2743  2.7191
    7.50   69.87   0.8840  1.3747  2.1484  2.3760  2.6354  2.6447  2.5954  2.4805  2.2942  2.1997  2.6463
    7.50   84.91   0.8205  1.2992  2.0594  2.2694  2.5227  2.5344  2.4890  2.3682  2.1729  2.0832  2.5353
    7.50  104.40   0.7304  1.1990  1.9438  2.1305  2.3751  2.3872  2.3446  2.2151  2.0097  1.9273  2.3903
    7.50  129.42   0.6186  1.0782  1.8073  1.9674  2.1986  2.2074  2.1642  2.0213  1.8088  1.7364  2.2167
    7.50  161.30   0.4897  0.9407  1.6548  1.7864  2.0000  1.9995  1.9508  1.7900  1.5740  1.5158  2.0196
    7.50  201.77   0.3467  0.7889  1.4903  1.5923  1.7825  1.7647  1.7057  1.5210  1.3055  1.2667  1.8032
    7.50  252.98   0.1890  0.6231  1.3149  1.3854  1.5463  1.5024  1.4248  1.2091  1.0015  0.9872  1.5680
    7.50  317.65   0.0153  0.4424  1.1276  1.1652  1.2893  1.2084  1.1031  0.8490  0.6559  0.6726  1.3120
    7.50  399.24  -0.1757  0.2442  0.9260  0.9292  1.0083  0.8759  0.7320  0.4294  0.2603  0.3162  1.0273
    7.50  502.09  -0.3886  0.0239  0.7058  0.6734  0.6966  0.4947  0.2994 -0.0643 -0.1966 -0.0920  0.7070
    7.50  631.67  -0.6289 -0.2238  0.4634  0.3937  0.3461  0.0536 -0.2104 -0.6499 -0.7321 -0.5658  0.3543
    7.50  794.90  -0.9034 -0.5057  0.1928  0.0824 -0.0532 -0.4629 -0.8157 -1.3501 -1.3651 -1.1209 -0.0450
    7.75   30.02   1.0904  1.6289  2.4150  2.6525  2.9150  2.9202  2.8602  2.7438  2.5703  2.4663  2.9987
    7.75   30.03   1.0904  1.6289  2.4150  2.6525  2.9150  2.9202  2.8602  2.7438  2.5703  2.4663  2.9987
    7.75   30.04   1.0904  1.6289  2.4150  2.6525  2.9150  2.9202  2.8602  2.7438  2.5703  2.4663  2.9987
    7.75   30.07   1.0904  1.6289  2.4150  2.6525  2.9150  2.9202  2.8602  2.7438  2.5703  2.4663  2.9987
    7.75   30.10   1.0904  1.6289  2.4150  2.6525  2.9150  2.9202  2.8602  2.7438  2.5703  2.4663  2.9987
    7.75   30.17   1.0904  1.6289  2.4150  2.6525  2.9150  2.9202  2.8602  2.7438  2.5703  2.4663  2.9987
    7.75   30.26   1.0904  1.6289  2.4150  2.6525  2.9150  2.9202  2.8602  2.7438  2.5703  2.4663  2.9987
    7.75   30.42   1.0904  1.6289  2.4150  2.6525  2.9150  2.9202  2.8602  2.7438  2.5703  2.4663  2.9987
    7.75   30.66   1.0904  1.6289  2.4150  2.6525  2.9150  2.9202  2.8602  2.7438  2.5703  2.4663  2.9987
    7.75   31.03   1.0904  1.6289  2.4150  2.6525  2.9150  2.9202  2.8602  2.7438  2.5703  2.4663  2.9987
    7.75   31.62   1.0904  1.6289  2.4150  2.6525  2.9150  2.9202  2.8602  2.7438  2.5703  2.4663  2.9987
    7.75   32.53   1.0904  1.6289  2.4150  2.6525  2.9150  2.9202  2.8602  2.7438  2.5703  2.4663  2.9987
    7.75   33.93   1.0904  1.6289  2.4150  2.6525  2.9150  2.9202  2.8602  2.7438  2.5703  2.4663  2.9987
    7.75   36.03   1.0904  1.6289  2.4150  2.6525  2.9150  2.9202  2.8602  2.7438  2.5703  2.4663  2.9987
    7.75   39.13   1.0904  1.6289  2.4150  2.6525  2.9150  2.9202  2.8602  2.7438  2.5703  2.4663  2.9987
    7.75   43.59   1.0904  1.6289  2.4150  2.6525  2.9150  2.9202  2.8602  2.7438  2.5703  2.4663  2.9987
    7.75   49.85   1.0904  1.6289  2.4148  2.6524  2.9150  2.9201  2.8602  2.7438  2.5703  2.4662  2.9986
    7.75   58.41   1.1076  1.6182  2.4015  2.6365  2.8983  2.9042  2.8451  2.7281  2.5530  2.4494  2.9822
    7.75   69.87   1.0877  1.5827  2.3581  2.5849  2.8441  2.8522  2.7960  2.6769  2.4966  2.3946  2.9289
    7.75   84.91   1.0325  1.5178  2.2791  2.4906  2.7448  2.7568  2.7055  2.5823  2.3929  2.2941  2.8313
    7.75  104.40   0.9442  1.4231  2.1660  2.3554  2.6010  2.6157  2.5698  2.4390  2.2384  2.1458  2.6916
    7.75  129.42   0.8317  1.3034  2.0272  2.1901  2.4231  2.4362  2.3929  2.2506  2.0393  1.9565  2.5168
    7.75  161.30   0.6984  1.1649  1.8707  2.0039  2.2204  2.2260  2.1793  2.0198  1.8029  1.7334  2.3166
    7.75  201.77   0.5502  1.0115  1.7021  1.8042  1.9974  1.9875  1.9323  1.7500  1.5320  1.4808  2.0951
    7.75  252.98   0.3874  0.8438  1.5224  1.5927  1.7568  1.7216  1.6495  1.4376  1.2249  1.1982  1.8575
    7.75  317.65   0.2102  0.6615  1.3316  1.3686  1.4960  1.4244  1.3261  1.0761  0.8768  0.8811  1.5992
    7.75  399.24   0.0139  0.4614  1.1272  1.1294  1.2117  1.0893  0.9534  0.6553  0.4790  0.5223  1.3139
    7.75  502.09  -0.2026  0.2398  0.9052  0.8711  0.8974  0.7063  0.5193  0.1610  0.0199  0.1120  0.9927
    7.75  631.67  -0.4461 -0.0086  0.6612  0.5893  0.5452  0.2636  0.0087 -0.4251 -0.5170 -0.3631  0.6375
    7.75  794.90  -0.7243 -0.2913  0.3889  0.2765  0.1441 -0.2542 -0.5975 -1.1258 -1.1510 -0.9197  0.2365
    8.00   30.02   1.1169  1.6289  2.4150  2.6525  2.9150  2.9202  2.8602  2.7438  2.5703  2.4663  2.9987
    8.00   30.03   1.1169  1.6289  2.4150  2.6525  2.9150  2.9202  2.8602  2.7438  2.5703  2.4663  2.9987
    8.00   30.04   1.1169  1.6289  2.4150  2.6525  2.9150  2.9202  2.8602  2.7438  2.5703  2.4663  2.9987
    8.00   30.07   1.1169  1.6289  2.4150  2.6525  2.9150  2.9202  2.8602  2.7438  2.5703  2.4663  2.9987
    8.00   30.10   1.1169  1.6289  2.4150  2.6525  2.9150  2.9202  2.8602  2.7438  2.5703  2.4663  2.9987
    8.00   30.17   1.1169  1.6289  2.4150  2.6525  2.9150  2.9202  2.8602  2.7438  2.5703  2.4663  2.9987
    8.00   30.26   1.1169  1.6289  2.4150  2.6525  2.9150  2.9202  2.8602  2.7438  2.5703  2.4663  2.9987
    8.00   30.42   1.1169  1.6289  2.4150  2.6525  2.9150  2.9202  2.8602  2.7438  2.5703  2.4663  2.9987
    8.00   30.66   1.1169  1.6289  2.4150  2.6525  2.9150  2.9202  2.8602  2.7438  2.5703  2.4663  2.9987
    8.00   31.03   1.1169  1.6289  2.4150  2.6525  2.9150  2.9202  2.8602  2.7438  2.5703  2.4663  2.9987
    8.00   31.62   1.1169  1.6289  2.4150  2.6525  2.9150  2.9202  2.8602  2.7438  2.5703  2.4663  2.9987
    8.00   32.53   1.1169  1.6289  2.4150  2.6525  2.9150  2.9202  2.8602  2.7438  2.5703  2.4663  2.9987
    8.00   33.93   1.1169  1.6289  2.4150  2.6525  2.9150  2.9202  2.8602  2.7438  2.5703  2.4663  2.9987
    8.00   36.03   1.1169  1.6289  2.4150  2.6525  2.9150  2.9202  2.8602  2.7438  2.5703  2.4663  2.9987
    8.00   39.13   1.1169  1.6289  2.4150  2.6525  2.9150  2.9202  2.8602  2.7438  2.5703  2.4663  2.9987
    8.00   43.59   1.1169  1.6289  2.4150  2.6525  2.9150  2.9202  2.8602  2.7438  2.5703  2.4663  2.9987
    8.00   49.85   1.1169  1.6289  2.4148  2.6524  2.9150  2.9201  2.8602  2.7438  2.5703  2.4662  2.9986
    8.00   58.41   1.1063  1.6182  2.4015  2.6365  2.8983  2.9042  2.8451  2.7281  2.5530  2.4494  2.9822
    8.00   69.87   1.0822  1.5827  2.3581  2.5849  2.8441  2.8522  2.7960  2.6769  2.4966  2.3946  2.9289
    8.00   84.91   1.0241  1.5178  2.2791  2.4906  2.7448  2.7568  2.7055  2.5823  2.3929  2.2941  2.8313
    8.00  104.40   0.9337  1.4231  2.1660  2.3554  2.6010  2.6157  2.5698  2.4390  2.2384  2.1458  2.6916
    8.00  129.42   0.8178  1.3034  2.0272  2.1901  2.4231  2.4362  2.3929  2.2506  2.0393  1.9565  2.5168
    8.00  161.30   0.6814  1.1649  1.8707  2.0039  2.2204  2.2260  2.1793  2.0198  1.8029  1.7334  2.3166
    8.00  201.77   0.5276  1.0115  1.7021  1.8042  1.9974  1.9875  1.9323  1.7500  1.5320  1.4808  2.0951
    8.00  252.98   0.3630  0.8438  1.5224  1.5927  1.7568  1.7216  1.6495  1.4376  1.2249  1.1982  1.8575
    8.00  317.65   0.1811  0.6615  1.3316  1.3686  1.4960  1.4244  1.3261  1.0761  0.8768  0.8811  1.5992
    8.00  399.24  -0.0175  0.4614  1.1272  1.1294  1.2117  1.0893  0.9534  0.6553  0.4790  0.5223  1.3139
    8.00  502.09  -0.2373  0.2398  0.9052  0.8711  0.8974  0.7063  0.5193  0.1610  0.0199  0.1120  0.9927
    8.00  631.67  -0.4839 -0.0086  0.6612  0.5893  0.5452  0.2636  0.0087 -0.4251 -0.5170 -0.3631  0.6375
    8.00  794.90  -0.7653 -0.2913  0.3889  0.2765  0.1441 -0.2542 -0.5975 -1.1258 -1.1510 -0.9197  0.2365
