Western North America high inslab ground motion CLASS C, distance is Rhypo (depth 30 km). ESTIMATED - see Inslab30kmdepth_estimates.xls. Log10 hazard values in cgs units  PGA 0.02 PGV 0.01. Original file GMPEt_WInslab_high.dat,provided by G Atkinson 20120807
      15      30      11        : nmag, ndist, nperiod
                      10       5       2       1     0.5  0.3003     0.2     0.1    0.05    0.02    0.01
                    0.62    0.62    0.62    0.62    0.58    0.54    0.53    0.53    0.53    0.53    0.62
    4.50   30.02  -1.9696 -0.6162  0.1312  0.6856  1.4065  1.6493  1.7311  1.7129  1.5339  1.3714  1.0834
    4.50   30.03  -1.9696 -0.6162  0.1312  0.6856  1.4065  1.6493  1.7311  1.7129  1.5339  1.3714  1.0834
    4.50   30.04  -1.9668 -0.6162  0.1312  0.6856  1.4065  1.6493  1.7311  1.7129  1.5339  1.3714  1.0834
    4.50   30.07  -1.9561 -0.6162  0.1312  0.6856  1.4065  1.6493  1.7311  1.7129  1.5339  1.3714  1.0834
    4.50   30.10  -1.9457 -0.6162  0.1308  0.6856  1.4065  1.6493  1.7311  1.7128  1.5336  1.3710  1.0834
    4.50   30.17  -1.9190 -0.6165  0.1308  0.6853  1.4063  1.6491  1.7308  1.7126  1.5333  1.3708  1.0830
    4.50   30.26  -1.8941 -0.6168  0.1304  0.6848  1.4055  1.6484  1.7304  1.7121  1.5329  1.3703  1.0826
    4.50   30.42  -1.8702 -0.6176  0.1296  0.6839  1.4046  1.6475  1.7294  1.7111  1.5319  1.3693  1.0819
    4.50   30.66  -1.8383 -0.6186  0.1284  0.6824  1.4031  1.6459  1.7279  1.7093  1.5300  1.3675  1.0799
    4.50   31.03  -1.8022 -0.6207  0.1260  0.6798  1.4001  1.6431  1.7251  1.7063  1.5269  1.3647  1.0771
    4.50   31.62  -1.7679 -0.6240  0.1228  0.6755  1.3955  1.6385  1.7204  1.7014  1.5218  1.3598  1.0723
    4.50   32.53  -1.7332 -0.6294  0.1166  0.6686  1.3882  1.6311  1.7131  1.6936  1.5136  1.3519  1.0645
    4.50   33.93  -1.7010 -0.6379  0.1075  0.6575  1.3763  1.6193  1.7012  1.6811  1.5005  1.3394  1.0520
    4.50   36.03  -1.6733 -0.6508  0.0933  0.6403  1.3579  1.6010  1.6829  1.6616  1.4801  1.3200  1.0327
    4.50   39.13  -1.6515 -0.6707  0.0716  0.6143  1.3299  1.5730  1.6551  1.6319  1.4493  1.2902  1.0034
    4.50   43.59  -1.6401 -0.7001  0.0398  0.5762  1.2889  1.5323  1.6143  1.5886  1.4040  1.2468  0.9606
    4.50   49.85  -1.6384 -0.7411 -0.0049  0.5225  1.2311  1.4751  1.5571  1.5277  1.3407  1.1860  0.9003
    4.50   58.41  -1.6538 -0.7978 -0.0663  0.4491  1.1526  1.3951  1.4767  1.4411  1.2517  1.1012  0.8176
    4.50   69.87  -1.6855 -0.8693 -0.1441  0.3561  1.0529  1.2937  1.3747  1.3314  1.1392  0.9936  0.7130
    4.50   84.91  -1.7332 -0.9586 -0.2401  0.2415  0.9288  1.1662  1.2439  1.1891  0.9954  0.8581  0.5848
    4.50  104.40  -1.7949 -1.0626 -0.3514  0.1087  0.7836  1.0152  1.0881  1.0195  0.8247  0.6977  0.4355
    4.50  129.42  -1.8726 -1.1805 -0.4765 -0.0402  0.6186  0.8404  0.9063  0.8205  0.6261  0.5121  0.2667
    4.50  161.30  -1.9623 -1.3118 -0.6146 -0.2044  0.4350  0.6420  0.6971  0.5900  0.3991  0.3002  0.0787
    4.50  201.77  -2.0649 -1.4566 -0.7648 -0.3827  0.2328  0.4187  0.4571  0.3234  0.1403  0.0615 -0.1320
    4.50  252.98  -2.1832 -1.6152 -0.9283 -0.5749  0.0104  0.1668  0.1818  0.0159 -0.1551 -0.2076 -0.3714
    4.50  317.65  -2.3157 -1.7894 -1.1060 -0.7830 -0.2348 -0.1188 -0.1344 -0.3405 -0.4917 -0.5128 -0.6306
    4.50  399.24  -2.4696 -1.9835 -1.2993 -1.0086 -0.5061 -0.4434 -0.5007 -0.7572 -0.8798 -0.8611 -0.9225
    4.50  502.09  -2.6439 -2.1997 -1.5125 -1.2565 -0.8105 -0.8184 -0.9294 -1.2474 -1.3321 -1.2630 -1.2595
    4.50  631.67  -2.8467 -2.4436 -1.7494 -1.5301 -1.1548 -1.2544 -1.4349 -1.8296 -1.8624 -1.7318 -1.6037
    4.50  794.90  -3.0844 -2.7225 -2.0154 -1.8362 -1.5484 -1.7654 -2.0378 -2.5269 -2.4912 -2.2816 -1.9973
    4.75   30.02  -1.6914 -0.4303  0.3301  0.8451  1.5145  1.7297  1.7997  1.7708  1.5923  1.4433  1.1854
    4.75   30.03  -1.6914 -0.4303  0.3301  0.8451  1.5145  1.7297  1.7997  1.7708  1.5923  1.4433  1.1854
    4.75   30.04  -1.6914 -0.4303  0.3301  0.8451  1.5145  1.7297  1.7997  1.7708  1.5923  1.4433  1.1854
    4.75   30.07  -1.6825 -0.4303  0.3301  0.8451  1.5145  1.7297  1.7997  1.7708  1.5923  1.4433  1.1854
    4.75   30.10  -1.6713 -0.4303  0.3301  0.8451  1.5145  1.7297  1.7997  1.7708  1.5923  1.4433  1.1854
    4.75   30.17  -1.6491 -0.4303  0.3298  0.8450  1.5143  1.7296  1.7995  1.7708  1.5921  1.4430  1.1854
    4.75   30.26  -1.6240 -0.4307  0.3296  0.8446  1.5139  1.7293  1.7992  1.7703  1.5918  1.4426  1.1848
    4.75   30.42  -1.6003 -0.4312  0.3291  0.8439  1.5131  1.7284  1.7983  1.7695  1.5907  1.4417  1.1842
    4.75   30.66  -1.5718 -0.4324  0.3278  0.8425  1.5115  1.7270  1.7969  1.7679  1.5891  1.4403  1.1826
    4.75   31.03  -1.5370 -0.4341  0.3258  0.8400  1.5089  1.7244  1.7943  1.7651  1.5863  1.4374  1.1798
    4.75   31.62  -1.5045 -0.4372  0.3225  0.8359  1.5046  1.7201  1.7900  1.7605  1.5815  1.4329  1.1753
    4.75   32.53  -1.4716 -0.4424  0.3168  0.8292  1.4974  1.7130  1.7829  1.7530  1.5735  1.4254  1.1676
    4.75   33.93  -1.4415 -0.4506  0.3078  0.8184  1.4860  1.7015  1.7715  1.7408  1.5609  1.4132  1.1558
    4.75   36.03  -1.4154 -0.4636  0.2938  0.8015  1.4680  1.6838  1.7536  1.7217  1.5411  1.3941  1.1371
    4.75   39.13  -1.3964 -0.4831  0.2725  0.7758  1.4404  1.6564  1.7264  1.6926  1.5109  1.3653  1.1083
    4.75   43.59  -1.3882 -0.5120  0.2409  0.7378  1.3999  1.6162  1.6862  1.6498  1.4663  1.3224  1.0662
    4.75   49.85  -1.3891 -0.5530  0.1966  0.6843  1.3426  1.5596  1.6295  1.5892  1.4033  1.2619  1.0064
    4.75   58.41  -1.4065 -0.6092  0.1352  0.6112  1.2639  1.4799  1.5496  1.5032  1.3146  1.1777  0.9245
    4.75   69.87  -1.4403 -0.6807  0.0573  0.5185  1.1645  1.3787  1.4479  1.3937  1.2021  1.0703  0.8206
    4.75   84.91  -1.4899 -0.7698 -0.0384  0.4039  1.0405  1.2514  1.3175  1.2522  1.0588  0.9348  0.6927
    4.75  104.40  -1.5559 -0.8739 -0.1497  0.2710  0.8954  1.1002  1.1615  1.0827  0.8879  0.7743  0.5436
    4.75  129.42  -1.6362 -0.9917 -0.2752  0.1217  0.7301  0.9255  0.9794  0.8836  0.6892  0.5885  0.3751
    4.75  161.30  -1.7293 -1.1232 -0.4134 -0.0425  0.5462  0.7270  0.7701  0.6528  0.4620  0.3769  0.1879
    4.75  201.77  -1.8360 -1.2681 -0.5640 -0.2210  0.3439  0.5037  0.5299  0.3865  0.2035  0.1378 -0.0222
    4.75  252.98  -1.9539 -1.4267 -0.7275 -0.4135  0.1217  0.2517  0.2551  0.0790 -0.0918 -0.1315 -0.2600
    4.75  317.65  -2.0915 -1.6012 -0.9053 -0.6217 -0.1238 -0.0340 -0.0608 -0.2772 -0.4286 -0.4365 -0.5179
    4.75  399.24  -2.2462 -1.7950 -1.0989 -0.8476 -0.3952 -0.3589 -0.4272 -0.6934 -0.8170 -0.7853 -0.8090
    4.75  502.09  -2.4246 -2.0114 -1.3121 -1.0956 -0.6998 -0.7339 -0.8559 -1.1839 -1.2692 -1.1873 -1.1448
    4.75  631.67  -2.6294 -2.2553 -1.5490 -1.3688 -1.0437 -1.1700 -1.3617 -1.7663 -1.7996 -1.6557 -1.4887
    4.75  794.90  -2.8706 -2.5346 -1.8152 -1.6750 -1.4382 -1.6816 -1.9652 -2.4649 -2.4292 -2.2069 -1.8825
    5.00   30.02  -1.4176 -0.2442  0.5290  1.0046  1.6225  1.8103  1.8681  1.8289  1.6507  1.5152  1.2876
    5.00   30.03  -1.4176 -0.2442  0.5290  1.0046  1.6225  1.8103  1.8681  1.8289  1.6507  1.5152  1.2876
    5.00   30.04  -1.4176 -0.2442  0.5290  1.0046  1.6225  1.8103  1.8681  1.8289  1.6507  1.5152  1.2876
    5.00   30.07  -1.4167 -0.2442  0.5290  1.0046  1.6225  1.8103  1.8681  1.8289  1.6507  1.5152  1.2876
    5.00   30.10  -1.4034 -0.2442  0.5290  1.0046  1.6225  1.8103  1.8681  1.8289  1.6507  1.5152  1.2876
    5.00   30.17  -1.3871 -0.2442  0.5290  1.0046  1.6225  1.8103  1.8681  1.8289  1.6507  1.5152  1.2876
    5.00   30.26  -1.3606 -0.2445  0.5288  1.0044  1.6222  1.8100  1.8679  1.8286  1.6505  1.5149  1.2874
    5.00   30.42  -1.3363 -0.2449  0.5284  1.0037  1.6215  1.8094  1.8673  1.8279  1.6497  1.5143  1.2866
    5.00   30.66  -1.3107 -0.2458  0.5272  1.0026  1.6201  1.8081  1.8660  1.8266  1.6484  1.5128  1.2851
    5.00   31.03  -1.2775 -0.2475  0.5255  1.0004  1.6178  1.8058  1.8637  1.8242  1.6457  1.5105  1.2829
    5.00   31.62  -1.2466 -0.2505  0.5224  0.9965  1.6138  1.8018  1.8597  1.8198  1.6414  1.5062  1.2786
    5.00   32.53  -1.2162 -0.2553  0.5170  0.9901  1.6072  1.7952  1.8530  1.8127  1.6340  1.4991  1.2716
    5.00   33.93  -1.1878 -0.2631  0.5084  0.9797  1.5961  1.7842  1.8421  1.8010  1.6218  1.4875  1.2602
    5.00   36.03  -1.1639 -0.2757  0.4949  0.9633  1.5785  1.7670  1.8248  1.7826  1.6026  1.4690  1.2420
    5.00   39.13  -1.1480 -0.2950  0.4738  0.9379  1.5517  1.7403  1.7983  1.7540  1.5731  1.4407  1.2137
    5.00   43.59  -1.1403 -0.3236  0.4427  0.9003  1.5117  1.7008  1.7587  1.7117  1.5292  1.3987  1.1722
    5.00   49.85  -1.1444 -0.3643  0.3983  0.8469  1.4550  1.6448  1.7027  1.6518  1.4668  1.3391  1.1131
    5.00   58.41  -1.1668 -0.4201  0.3373  0.7742  1.3767  1.5658  1.6233  1.5664  1.3787  1.2552  1.0323
    5.00   69.87  -1.1996 -0.4914  0.2593  0.6817  1.2769  1.4649  1.5219  1.4570  1.2661  1.1480  0.9292
    5.00   84.91  -1.2522 -0.5808  0.1638  0.5674  1.1529  1.3372  1.3918  1.3161  1.1233  1.0125  0.8014
    5.00  104.40  -1.3222 -0.6847  0.0525  0.4340  1.0079  1.1861  1.2360  1.1467  0.9522  0.8517  0.6524
    5.00  129.42  -1.4030 -0.8026 -0.0732  0.2840  0.8424  1.0116  1.0538  0.9477  0.7531  0.6659  0.4841
    5.00  161.30  -1.4982 -0.9342 -0.2119  0.1202  0.6580  0.8127  0.8440  0.7166  0.5256  0.4540  0.2981
    5.00  201.77  -1.6076 -1.0793 -0.3626 -0.0588  0.4553  0.5895  0.6036  0.4503  0.2673  0.2152  0.0881
    5.00  252.98  -1.7334 -1.2376 -0.5265 -0.2516  0.2333  0.3376  0.3290  0.1426 -0.0277 -0.0547 -0.1481
    5.00  317.65  -1.8714 -1.4128 -0.7045 -0.4600 -0.0123  0.0515  0.0132 -0.2132 -0.3649 -0.3595 -0.4048
    5.00  399.24  -2.0278 -1.6063 -0.8980 -0.6861 -0.2839 -0.2737 -0.3533 -0.6293 -0.7540 -0.7092 -0.6953
    5.00  502.09  -2.2104 -1.8230 -1.1116 -0.9343 -0.5887 -0.6491 -0.7821 -1.1197 -1.2058 -1.1113 -1.0297
    5.00  631.67  -2.4185 -2.0669 -1.3487 -1.2072 -0.9326 -1.0853 -1.2882 -1.7023 -1.7366 -1.5794 -1.3733
    5.00  794.90  -2.6618 -2.3463 -1.6151 -1.5136 -1.3275 -1.5972 -1.8918 -2.4019 -2.3665 -2.1313 -1.7677
    5.25   30.02  -1.1462 -0.0573  0.7245  1.1662  1.7415  1.9068  1.9547  1.9069  1.7282  1.6031  1.4075
    5.25   30.03  -1.1462 -0.0573  0.7245  1.1662  1.7415  1.9068  1.9547  1.9069  1.7282  1.6031  1.4075
    5.25   30.04  -1.1462 -0.0573  0.7245  1.1662  1.7415  1.9068  1.9547  1.9069  1.7282  1.6031  1.4075
    5.25   30.07  -1.1462 -0.0573  0.7245  1.1662  1.7415  1.9068  1.9547  1.9069  1.7282  1.6031  1.4075
    5.25   30.10  -1.1421 -0.0573  0.7245  1.1662  1.7415  1.9068  1.9547  1.9069  1.7282  1.6031  1.4075
    5.25   30.17  -1.1292 -0.0573  0.7245  1.1662  1.7415  1.9068  1.9547  1.9069  1.7282  1.6031  1.4075
    5.25   30.26  -1.1050 -0.0573  0.7245  1.1662  1.7415  1.9068  1.9547  1.9069  1.7282  1.6031  1.4075
    5.25   30.42  -1.0795 -0.0576  0.7242  1.1655  1.7410  1.9064  1.9543  1.9064  1.7277  1.6027  1.4071
    5.25   30.66  -1.0563 -0.0583  0.7234  1.1648  1.7399  1.9053  1.9534  1.9054  1.7267  1.6017  1.4060
    5.25   31.03  -1.0244 -0.0597  0.7218  1.1627  1.7379  1.9033  1.9513  1.9032  1.7244  1.5996  1.4039
    5.25   31.62  -0.9946 -0.0624  0.7190  1.1595  1.7344  1.8997  1.9478  1.8994  1.7205  1.5957  1.4001
    5.25   32.53  -0.9662 -0.0668  0.7141  1.1535  1.7280  1.8936  1.9415  1.8928  1.7136  1.5891  1.3936
    5.25   33.93  -0.9394 -0.0742  0.7059  1.1436  1.7176  1.8833  1.9312  1.8818  1.7022  1.5782  1.3829
    5.25   36.03  -0.9169 -0.0862  0.6928  1.1279  1.7008  1.8666  1.9147  1.8640  1.6837  1.5604  1.3653
    5.25   39.13  -0.9018 -0.1049  0.6724  1.1035  1.6745  1.8407  1.8888  1.8364  1.6550  1.5330  1.3382
    5.25   43.59  -0.8954 -0.1329  0.6418  1.0665  1.6354  1.8019  1.8502  1.7950  1.6121  1.4915  1.2973
    5.25   49.85  -0.9015 -0.1729  0.5981  1.0138  1.5792  1.7466  1.7950  1.7359  1.5505  1.4326  1.2392
    5.25   58.41  -0.9241 -0.2284  0.5374  0.9415  1.5016  1.6682  1.7164  1.6515  1.4636  1.3496  1.1591
    5.25   69.87  -0.9628 -0.2996  0.4593  0.8490  1.4021  1.5677  1.6154  1.5425  1.3514  1.2427  1.0566
    5.25   84.91  -1.0181 -0.3885  0.3640  0.7344  1.2782  1.4405  1.4857  1.4024  1.2082  1.1074  0.9300
    5.25  104.40  -1.0893 -0.4924  0.2525  0.6009  1.1324  1.2896  1.3302  1.2335  1.0376  0.9468  0.7817
    5.25  129.42  -1.1739 -0.6105  0.1264  0.4509  0.9671  1.1145  1.1482  1.0342  0.8388  0.7606  0.6133
    5.25  161.30  -1.2729 -0.7421 -0.0127  0.2862  0.7826  0.9158  0.9385  0.8035  0.6113  0.5490  0.4268
    5.25  201.77  -1.3852 -0.8875 -0.1637  0.1071  0.5796  0.6923  0.6980  0.5374  0.3526  0.3098  0.2178
    5.25  252.98  -1.5107 -1.0461 -0.3275 -0.0862  0.3571  0.4398  0.4235  0.2298  0.0572  0.0397 -0.0166
    5.25  317.65  -1.6533 -1.2215 -0.5058 -0.2949  0.1112  0.1544  0.1076 -0.1265 -0.2802 -0.2653 -0.2726
    5.25  399.24  -1.8132 -1.4148 -0.6996 -0.5213 -0.1607 -0.1715 -0.2592 -0.5426 -0.6687 -0.6147 -0.5612
    5.25  502.09  -1.9981 -1.6316 -0.9133 -0.7692 -0.4654 -0.5466 -0.6880 -1.0338 -1.1211 -1.0173 -0.8943
    5.25  631.67  -2.2098 -1.8757 -1.1506 -1.0430 -0.8096 -0.9833 -1.1943 -1.6168 -1.6522 -1.4857 -1.2382
    5.25  794.90  -2.4571 -2.1553 -1.4171 -1.3490 -1.2046 -1.4954 -1.7983 -2.3158 -2.2821 -2.0376 -1.6326
    5.50   30.02  -0.8797  0.1297  0.9201  1.3276  1.8604  2.0032  2.0411  1.9847  1.8057  1.6912  1.5274
    5.50   30.03  -0.8797  0.1297  0.9201  1.3276  1.8604  2.0032  2.0411  1.9847  1.8057  1.6912  1.5274
    5.50   30.04  -0.8797  0.1297  0.9201  1.3276  1.8604  2.0032  2.0411  1.9847  1.8057  1.6912  1.5274
    5.50   30.07  -0.8797  0.1297  0.9201  1.3276  1.8604  2.0032  2.0411  1.9847  1.8057  1.6912  1.5274
    5.50   30.10  -0.8797  0.1297  0.9201  1.3276  1.8604  2.0032  2.0411  1.9847  1.8057  1.6912  1.5274
    5.50   30.17  -0.8743  0.1297  0.9201  1.3276  1.8604  2.0032  2.0411  1.9847  1.8057  1.6912  1.5274
    5.50   30.26  -0.8601  0.1297  0.9201  1.3276  1.8604  2.0032  2.0411  1.9847  1.8057  1.6912  1.5274
    5.50   30.42  -0.8315  0.1297  0.9200  1.3276  1.8604  2.0032  2.0411  1.9847  1.8057  1.6911  1.5274
    5.50   30.66  -0.8078  0.1292  0.9195  1.3269  1.8597  2.0024  2.0404  1.9843  1.8050  1.6903  1.5267
    5.50   31.03  -0.7790  0.1281  0.9182  1.3255  1.8581  2.0011  2.0390  1.9824  1.8033  1.6888  1.5252
    5.50   31.62  -0.7493  0.1259  0.9158  1.3225  1.8550  1.9979  2.0359  1.9792  1.7999  1.6855  1.5219
    5.50   32.53  -0.7220  0.1219  0.9114  1.3174  1.8494  1.9925  2.0302  1.9733  1.7937  1.6796  1.5161
    5.50   33.93  -0.6960  0.1150  0.9039  1.3081  1.8398  1.9828  2.0209  1.9629  1.7832  1.6694  1.5061
    5.50   36.03  -0.6762  0.1038  0.8915  1.2933  1.8238  1.9671  2.0054  1.9464  1.7657  1.6526  1.4896
    5.50   39.13  -0.6603  0.0858  0.8718  1.2697  1.7986  1.9421  1.9806  1.9198  1.7381  1.6260  1.4634
    5.50   43.59  -0.6565  0.0586  0.8420  1.2338  1.7602  1.9042  1.9427  1.8795  1.6963  1.5857  1.4238
    5.50   49.85  -0.6628  0.0195  0.7989  1.1820  1.7050  1.8497  1.8884  1.8213  1.6358  1.5275  1.3666
    5.50   58.41  -0.6873 -0.0356  0.7385  1.1103  1.6279  1.7722  1.8111  1.7380  1.5499  1.4454  1.2874
    5.50   69.87  -0.7278 -0.1070  0.6605  1.0176  1.5286  1.6717  1.7106  1.6298  1.4381  1.3385  1.1851
    5.50   84.91  -0.7864 -0.1953  0.5651  0.9028  1.4046  1.5451  1.5813  1.4902  1.2951  1.2042  1.0600
    5.50  104.40  -0.8593 -0.2993  0.4534  0.7691  1.2587  1.3942  1.4261  1.3218  1.1245  1.0436  0.9125
    5.50  129.42  -0.9476 -0.4174  0.3270  0.6185  1.0931  1.2189  1.2446  1.1226  0.9260  0.8569  0.7437
    5.50  161.30  -1.0499 -0.5491  0.1872  0.4534  0.9084  1.0199  1.0341  0.8918  0.6984  0.6451  0.5569
    5.50  201.77  -1.1659 -0.6950  0.0359  0.2735  0.7048  0.7960  0.7937  0.6256  0.4389  0.4059  0.3481
    5.50  252.98  -1.2935 -0.8539 -0.1278  0.0799  0.4818  0.5431  0.5193  0.3180  0.1433  0.1355  0.1157
    5.50  317.65  -1.4403 -1.0297 -0.3065 -0.1292  0.2356  0.2580  0.2031 -0.0383 -0.1946 -0.1701 -0.1396
    5.50  399.24  -1.6041 -1.2229 -0.5007 -0.3562 -0.0370 -0.0688 -0.1645 -0.4556 -0.5831 -0.5197 -0.4269
    5.50  502.09  -1.7905 -1.4399 -0.7148 -0.6040 -0.3416 -0.4439 -0.5932 -0.9470 -1.0358 -0.9227 -0.7583
    5.50  631.67  -2.0054 -1.6841 -0.9522 -0.8783 -0.6866 -0.8805 -1.0998 -1.5302 -1.5671 -1.3915 -1.1027
    5.50  794.90  -2.2560 -1.9639 -1.2189 -1.1841 -1.0812 -1.3929 -1.7037 -2.2290 -2.1971 -1.9437 -1.4972
    5.75   30.02  -0.6203  0.3171  1.1121  1.4921  1.9894  2.1145  2.1447  2.0814  1.9017  1.7941  1.6649
    5.75   30.03  -0.6203  0.3171  1.1121  1.4921  1.9894  2.1145  2.1447  2.0814  1.9017  1.7941  1.6649
    5.75   30.04  -0.6203  0.3171  1.1121  1.4921  1.9894  2.1145  2.1447  2.0814  1.9017  1.7941  1.6649
    5.75   30.07  -0.6203  0.3171  1.1121  1.4921  1.9894  2.1145  2.1447  2.0814  1.9017  1.7941  1.6649
    5.75   30.10  -0.6203  0.3171  1.1121  1.4921  1.9894  2.1145  2.1447  2.0814  1.9017  1.7941  1.6649
    5.75   30.17  -0.6203  0.3171  1.1121  1.4921  1.9894  2.1145  2.1447  2.0814  1.9017  1.7941  1.6649
    5.75   30.26  -0.6141  0.3171  1.1121  1.4921  1.9894  2.1145  2.1447  2.0814  1.9017  1.7941  1.6649
    5.75   30.42  -0.5942  0.3171  1.1121  1.4921  1.9894  2.1145  2.1447  2.0814  1.9017  1.7941  1.6649
    5.75   30.66  -0.5653  0.3171  1.1121  1.4921  1.9893  2.1139  2.1447  2.0811  1.9016  1.7940  1.6648
    5.75   31.03  -0.5401  0.3165  1.1112  1.4911  1.9883  2.1133  2.1438  2.0802  1.9005  1.7929  1.6638
    5.75   31.62  -0.5089  0.3147  1.1092  1.4888  1.9859  2.1107  2.1414  2.0777  1.8979  1.7904  1.6613
    5.75   32.53  -0.4822  0.3112  1.1054  1.4842  1.9811  2.1060  2.1367  2.0727  1.8927  1.7854  1.6565
    5.75   33.93  -0.4563  0.3053  1.0990  1.4761  1.9725  2.0976  2.1282  2.0638  1.8832  1.7763  1.6477
    5.75   36.03  -0.4360  0.2947  1.0873  1.4623  1.9577  2.0830  2.1138  2.0481  1.8671  1.7608  1.6326
    5.75   39.13  -0.4233  0.2779  1.0686  1.4397  1.9338  2.0594  2.0903  2.0230  1.8409  1.7356  1.6080
    5.75   43.59  -0.4204  0.2518  1.0398  1.4050  1.8969  2.0230  2.0541  1.9843  1.8005  1.6967  1.5702
    5.75   49.85  -0.4302  0.2133  0.9975  1.3541  1.8427  1.9698  2.0016  1.9278  1.7414  1.6397  1.5149
    5.75   58.41  -0.4556  0.1593  0.9381  1.2830  1.7667  1.8937  1.9256  1.8464  1.6570  1.5590  1.4371
    5.75   69.87  -0.4987  0.0886  0.8606  1.1904  1.6676  1.7936  1.8256  1.7388  1.5461  1.4527  1.3353
    5.75   84.91  -0.5583  0.0004  0.7647  1.0760  1.5437  1.6675  1.6970  1.6002  1.4037  1.3185  1.2099
    5.75  104.40  -0.6346 -0.1036  0.6526  0.9418  1.3978  1.5167  1.5422  1.4321  1.2334  1.1581  1.0620
    5.75  129.42  -0.7255 -0.2220  0.5258  0.7909  1.2314  1.3415  1.3610  1.2335  1.0348  0.9714  0.8933
    5.75  161.30  -0.8304 -0.3537  0.3861  0.6249  1.0461  1.1425  1.1512  1.0028  0.8066  0.7593  0.7063
    5.75  201.77  -0.9478 -0.4996  0.2340  0.4443  0.8422  0.9182  0.9104  0.7366  0.5472  0.5195  0.4989
    5.75  252.98  -1.0807 -0.6589  0.0697  0.2505  0.6186  0.6651  0.6354  0.4290  0.2515  0.2488  0.2662
    5.75  317.65  -1.2304 -0.8350 -0.1092  0.0406  0.3717  0.3787  0.3186  0.0718 -0.0873 -0.0578  0.0119
    5.75  399.24  -1.3959 -1.0285 -0.3038 -0.1863  0.0988  0.0518 -0.0492 -0.3455 -0.4762 -0.4075 -0.2749
    5.75  502.09  -1.5863 -1.2453 -0.5181 -0.4346 -0.2061 -0.3232 -0.4781 -0.8364 -0.9291 -0.8107 -0.6045
    5.75  631.67  -1.8043 -1.4904 -0.7558 -0.7091 -0.5509 -0.7602 -0.9850 -1.4202 -1.4604 -1.2798 -0.9501
    5.75  794.90  -2.0564 -1.7698 -1.0227 -1.0157 -0.9458 -1.2727 -1.5886 -2.1187 -2.0907 -1.8319 -1.3442
    6.00   30.02  -0.3636  0.5047  1.3041  1.6566  2.1185  2.2253  2.2480  2.1779  1.9977  1.8971  1.8024
    6.00   30.03  -0.3636  0.5047  1.3041  1.6566  2.1185  2.2253  2.2480  2.1779  1.9977  1.8971  1.8024
    6.00   30.04  -0.3636  0.5047  1.3041  1.6566  2.1185  2.2253  2.2480  2.1779  1.9977  1.8971  1.8024
    6.00   30.07  -0.3636  0.5047  1.3041  1.6566  2.1185  2.2253  2.2480  2.1779  1.9977  1.8971  1.8024
    6.00   30.10  -0.3636  0.5047  1.3041  1.6566  2.1185  2.2253  2.2480  2.1779  1.9977  1.8971  1.8024
    6.00   30.17  -0.3636  0.5047  1.3041  1.6566  2.1185  2.2253  2.2480  2.1779  1.9977  1.8971  1.8024
    6.00   30.26  -0.3636  0.5047  1.3041  1.6566  2.1185  2.2253  2.2480  2.1779  1.9977  1.8971  1.8024
    6.00   30.42  -0.3596  0.5047  1.3041  1.6566  2.1185  2.2253  2.2480  2.1779  1.9977  1.8971  1.8024
    6.00   30.66  -0.3357  0.5047  1.3041  1.6566  2.1185  2.2253  2.2480  2.1779  1.9977  1.8971  1.8024
    6.00   31.03  -0.3052  0.5047  1.3038  1.6564  2.1181  2.2250  2.2480  2.1779  1.9973  1.8969  1.8023
    6.00   31.62  -0.2767  0.5035  1.3028  1.6550  2.1167  2.2236  2.2465  2.1759  1.9958  1.8954  1.8007
    6.00   32.53  -0.2492  0.5008  1.2998  1.6516  2.1130  2.2199  2.2428  2.1722  1.9920  1.8915  1.7970
    6.00   33.93  -0.2246  0.4958  1.2941  1.6446  2.1056  2.2129  2.2360  2.1646  1.9839  1.8838  1.7897
    6.00   36.03  -0.2044  0.4865  1.2838  1.6321  2.0927  2.2000  2.2232  2.1511  1.9695  1.8700  1.7763
    6.00   39.13  -0.1917  0.4708  1.2664  1.6111  2.0703  2.1780  2.2017  2.1279  1.9450  1.8466  1.7538
    6.00   43.59  -0.1901  0.4459  1.2390  1.5777  2.0351  2.1436  2.1673  2.0912  1.9067  1.8094  1.7182
    6.00   49.85  -0.2007  0.4089  1.1976  1.5280  1.9826  2.0920  2.1164  2.0366  1.8491  1.7542  1.6650
    6.00   58.41  -0.2276  0.3560  1.1395  1.4579  1.9079  2.0175  2.0425  1.9572  1.7667  1.6750  1.5890
    6.00   69.87  -0.2715  0.2859  1.0625  1.3657  1.8090  1.9181  1.9430  1.8505  1.6565  1.5693  1.4879
    6.00   84.91  -0.3343  0.1978  0.9663  1.2511  1.6852  1.7921  1.8152  1.7128  1.5153  1.4352  1.3622
    6.00  104.40  -0.4113  0.0937  0.8534  1.1167  1.5388  1.6414  1.6609  1.5453  1.3448  1.2747  1.2140
    6.00  129.42  -0.5068 -0.0249  0.7262  0.9649  1.3721  1.4661  1.4798  1.3468  1.1457  1.0884  1.0452
    6.00  161.30  -0.6135 -0.1570  0.5860  0.7979  1.1855  1.2665  1.2699  1.1161  0.9174  0.8757  0.8576
    6.00  201.77  -0.7355 -0.3031  0.4330  0.6164  0.9812  1.0419  1.0292  0.8497  0.6575  0.6349  0.6512
    6.00  252.98  -0.8714 -0.4634  0.2679  0.4220  0.7563  0.7880  0.7524  0.5408  0.3604  0.3632  0.4176
    6.00  317.65  -1.0226 -0.6396  0.0889  0.2114  0.5092  0.5005  0.4354  0.1833  0.0214  0.0560  0.1644
    6.00  399.24  -1.1925 -0.8334 -0.1062 -0.0157  0.2358  0.1734  0.0677 -0.2338 -0.3679 -0.2940 -0.1219
    6.00  502.09  -1.3846 -1.0500 -0.3209 -0.2644 -0.0697 -0.2015 -0.3617 -0.7248 -0.8215 -0.6978 -0.4499
    6.00  631.67  -1.6061 -1.2958 -0.5589 -0.5394 -0.4145 -0.6389 -0.8687 -1.3088 -1.3526 -1.1671 -0.7966
    6.00  794.90  -1.8609 -1.5750 -0.8259 -0.8465 -0.8096 -1.1516 -1.4723 -2.0073 -1.9833 -1.7186 -1.1907
    6.25   30.02  -0.1157  0.6921  1.4921  1.8216  2.2566  2.3501  2.3671  2.2903  2.1101  2.0132  1.9559
    6.25   30.03  -0.1157  0.6921  1.4921  1.8216  2.2566  2.3501  2.3671  2.2903  2.1101  2.0132  1.9559
    6.25   30.04  -0.1157  0.6921  1.4921  1.8216  2.2566  2.3501  2.3671  2.2903  2.1101  2.0132  1.9559
    6.25   30.07  -0.1157  0.6921  1.4921  1.8216  2.2566  2.3501  2.3671  2.2903  2.1101  2.0132  1.9559
    6.25   30.10  -0.1157  0.6921  1.4921  1.8216  2.2566  2.3501  2.3671  2.2903  2.1101  2.0132  1.9559
    6.25   30.17  -0.1157  0.6921  1.4921  1.8216  2.2566  2.3501  2.3671  2.2903  2.1101  2.0132  1.9559
    6.25   30.26  -0.1157  0.6921  1.4921  1.8216  2.2566  2.3501  2.3671  2.2903  2.1101  2.0132  1.9559
    6.25   30.42  -0.1157  0.6921  1.4921  1.8216  2.2566  2.3501  2.3671  2.2903  2.1101  2.0132  1.9559
    6.25   30.66  -0.1156  0.6921  1.4921  1.8216  2.2566  2.3501  2.3671  2.2903  2.1101  2.0132  1.9559
    6.25   31.03  -0.0870  0.6921  1.4921  1.8216  2.2566  2.3501  2.3671  2.2903  2.1101  2.0132  1.9559
    6.25   31.62  -0.0574  0.6920  1.4917  1.8213  2.2561  2.3500  2.3669  2.2899  2.1098  2.0129  1.9556
    6.25   32.53  -0.0256  0.6904  1.4900  1.8192  2.2540  2.3478  2.3646  2.2880  2.1074  2.0106  1.9534
    6.25   33.93   0.0005  0.6865  1.4858  1.8140  2.2486  2.3422  2.3595  2.2822  2.1015  2.0047  1.9478
    6.25   36.03   0.0208  0.6788  1.4771  1.8035  2.2375  2.3317  2.3489  2.2706  2.0894  1.9932  1.9366
    6.25   39.13   0.0338  0.6648  1.4613  1.7847  2.2175  2.3118  2.3297  2.2502  2.0680  1.9722  1.9165
    6.25   43.59   0.0384  0.6418  1.4356  1.7537  2.1849  2.2798  2.2980  2.2162  2.0320  1.9378  1.8833
    6.25   49.85   0.0264  0.6063  1.3961  1.7061  2.1341  2.2306  2.2493  2.1643  1.9771  1.8849  1.8324
    6.25   58.41  -0.0006  0.5552  1.3391  1.6376  2.0617  2.1586  2.1785  2.0885  1.8976  1.8083  1.7590
    6.25   69.87  -0.0468  0.4859  1.2626  1.5459  1.9635  2.0605  2.0802  1.9831  1.7882  1.7036  1.6596
    6.25   84.91  -0.1111  0.3986  1.1664  1.4314  1.8401  1.9353  1.9543  1.8473  1.6482  1.5704  1.5347
    6.25  104.40  -0.1928  0.2947  1.0534  1.2964  1.6934  1.7848  1.8006  1.6811  1.4786  1.4101  1.3868
    6.25  129.42  -0.2900  0.1758  0.9255  1.1440  1.5259  1.6094  1.6198  1.4835  1.2798  1.2233  1.2184
    6.25  161.30  -0.4017  0.0429  0.7842  0.9757  1.3389  1.4095  1.4095  1.2527  1.0509  1.0102  1.0295
    6.25  201.77  -0.5256 -0.1036  0.6304  0.7934  1.1324  1.1832  1.1678  0.9847  0.7893  0.7684  0.8222
    6.25  252.98  -0.6638 -0.2642  0.4643  0.5978  0.9072  0.9288  0.8910  0.6759  0.4916  0.4961  0.5901
    6.25  317.65  -0.8186 -0.4404  0.2844  0.3862  0.6592  0.6409  0.5731  0.3182  0.1524  0.1886  0.3364
    6.25  399.24  -0.9922 -0.6348  0.0893  0.1585  0.3852  0.3138  0.2053 -0.0991 -0.2374 -0.1621  0.0520
    6.25  502.09  -1.1871 -0.8519 -0.1259 -0.0908  0.0791 -0.0623 -0.2242 -0.5903 -0.6909 -0.5661 -0.2741
    6.25  631.67  -1.4106 -1.0977 -0.3639 -0.3659 -0.2661 -0.4998 -0.7312 -1.1743 -1.2227 -1.0354 -0.6211
    6.25  794.90  -1.6687 -1.3771 -0.6318 -0.6736 -0.6611 -1.0129 -1.3346 -1.8729 -1.8532 -1.5876 -1.0160
    6.50   30.02   0.1310  0.8797  1.6800  1.9866  2.3943  2.4751  2.4861  2.4028  2.2227  2.1291  2.1094
    6.50   30.03   0.1310  0.8797  1.6800  1.9866  2.3943  2.4751  2.4861  2.4028  2.2227  2.1291  2.1094
    6.50   30.04   0.1310  0.8797  1.6800  1.9866  2.3943  2.4751  2.4861  2.4028  2.2227  2.1291  2.1094
    6.50   30.07   0.1310  0.8797  1.6800  1.9866  2.3943  2.4751  2.4861  2.4028  2.2227  2.1291  2.1094
    6.50   30.10   0.1310  0.8797  1.6800  1.9866  2.3943  2.4751  2.4861  2.4028  2.2227  2.1291  2.1094
    6.50   30.17   0.1310  0.8797  1.6800  1.9866  2.3943  2.4751  2.4861  2.4028  2.2227  2.1291  2.1094
    6.50   30.26   0.1310  0.8797  1.6800  1.9866  2.3943  2.4751  2.4861  2.4028  2.2227  2.1291  2.1094
    6.50   30.42   0.1310  0.8797  1.6800  1.9866  2.3943  2.4751  2.4861  2.4028  2.2227  2.1291  2.1094
    6.50   30.66   0.1310  0.8797  1.6800  1.9866  2.3943  2.4751  2.4861  2.4028  2.2227  2.1291  2.1094
    6.50   31.03   0.1310  0.8797  1.6800  1.9866  2.3943  2.4751  2.4861  2.4028  2.2227  2.1291  2.1094
    6.50   31.62   0.1537  0.8797  1.6800  1.9866  2.3943  2.4751  2.4861  2.4028  2.2227  2.1291  2.1094
    6.50   32.53   0.1875  0.8794  1.6797  1.9862  2.3940  2.4749  2.4857  2.4024  2.2222  2.1288  2.1090
    6.50   33.93   0.2176  0.8772  1.6772  1.9832  2.3909  2.4717  2.4827  2.3991  2.2188  2.1252  2.1057
    6.50   36.03   0.2404  0.8713  1.6706  1.9753  2.3825  2.4636  2.4748  2.3907  2.2098  2.1166  2.0974
    6.50   39.13   0.2554  0.8597  1.6574  1.9595  2.3658  2.4472  2.4587  2.3736  2.1918  2.0993  2.0807
    6.50   43.59   0.2593  0.8390  1.6341  1.9316  2.3363  2.4182  2.4305  2.3432  2.1596  2.0683  2.0507
    6.50   49.85   0.2501  0.8059  1.5968  1.8869  2.2891  2.3718  2.3852  2.2950  2.1086  2.0186  2.0028
    6.50   58.41   0.2226  0.7571  1.5417  1.8211  2.2192  2.3032  2.3183  2.2236  2.0327  1.9456  1.9324
    6.50   69.87   0.1759  0.6889  1.4656  1.7298  2.1217  2.2064  2.2214  2.1201  1.9243  1.8422  1.8351
    6.50   84.91   0.1076  0.6022  1.3700  1.6153  1.9990  2.0826  2.0970  1.9862  1.7856  1.7100  1.7115
    6.50  104.40   0.0260  0.4984  1.2564  1.4800  1.8520  1.9322  1.9444  1.8213  1.6169  1.5497  1.5632
    6.50  129.42  -0.0747  0.3793  1.1276  1.3262  1.6833  1.7561  1.7632  1.6240  1.4178  1.3622  1.3952
    6.50  161.30  -0.1890  0.2446  0.9844  1.1556  1.4947  1.5545  1.5513  1.3915  1.1869  1.1475  1.2040
    6.50  201.77  -0.3177  0.0977  0.8296  0.9726  1.2866  1.3275  1.3088  1.1229  0.9243  0.9048  0.9958
    6.50  252.98  -0.4609 -0.0634  0.6623  0.7757  1.0604  1.0720  1.0320  0.8140  0.6257  0.6316  0.7648
    6.50  317.65  -0.6182 -0.2400  0.4815  0.5629  0.8111  0.7836  0.7135  0.4558  0.2859  0.3234  0.5105
    6.50  399.24  -0.7939 -0.4352  0.2861  0.3341  0.5366  0.4560  0.3453  0.0380 -0.1045 -0.0282  0.2272
    6.50  502.09  -0.9934 -0.6528  0.0702  0.0841  0.2297  0.0789 -0.0845 -0.4534 -0.5584 -0.4325 -0.0969
    6.50  631.67  -1.2208 -0.8986 -0.1678 -0.1913 -0.1162 -0.3589 -0.5917 -1.0375 -1.0908 -0.9020 -0.4442
    6.50  794.90  -1.4820 -1.1783 -0.4367 -0.4994 -0.5113 -0.8725 -1.1950 -1.7367 -1.7212 -1.4547 -0.8402
    6.75   30.02   0.3673  1.0641  1.8630  2.1520  2.5403  2.6127  2.6185  2.5287  2.3490  2.2561  2.2764
    6.75   30.03   0.3673  1.0641  1.8630  2.1520  2.5403  2.6127  2.6185  2.5287  2.3490  2.2561  2.2764
    6.75   30.04   0.3673  1.0641  1.8630  2.1520  2.5403  2.6127  2.6185  2.5287  2.3490  2.2561  2.2764
    6.75   30.07   0.3673  1.0641  1.8630  2.1520  2.5403  2.6127  2.6185  2.5287  2.3490  2.2561  2.2764
    6.75   30.10   0.3673  1.0641  1.8630  2.1520  2.5403  2.6127  2.6185  2.5287  2.3490  2.2561  2.2764
    6.75   30.17   0.3673  1.0641  1.8630  2.1520  2.5403  2.6127  2.6185  2.5287  2.3490  2.2561  2.2764
    6.75   30.26   0.3673  1.0641  1.8630  2.1520  2.5403  2.6127  2.6185  2.5287  2.3490  2.2561  2.2764
    6.75   30.42   0.3673  1.0641  1.8630  2.1520  2.5403  2.6127  2.6185  2.5287  2.3490  2.2561  2.2764
    6.75   30.66   0.3673  1.0641  1.8630  2.1520  2.5403  2.6127  2.6185  2.5287  2.3490  2.2561  2.2764
    6.75   31.03   0.3673  1.0641  1.8630  2.1520  2.5403  2.6127  2.6185  2.5287  2.3490  2.2561  2.2764
    6.75   31.62   0.3673  1.0641  1.8630  2.1520  2.5403  2.6127  2.6185  2.5287  2.3490  2.2561  2.2764
    6.75   32.53   0.3799  1.0641  1.8630  2.1520  2.5403  2.6127  2.6185  2.5287  2.3490  2.2561  2.2764
    6.75   33.93   0.4182  1.0638  1.8627  2.1517  2.5399  2.6123  2.6182  2.5284  2.3489  2.2558  2.2759
    6.75   36.03   0.4487  1.0606  1.8590  2.1473  2.5353  2.6078  2.6138  2.5238  2.3438  2.2508  2.2713
    6.75   39.13   0.4660  1.0521  1.8491  2.1354  2.5228  2.5956  2.6019  2.5112  2.3304  2.2379  2.2589
    6.75   43.59   0.4740  1.0348  1.8295  2.1119  2.4980  2.5713  2.5784  2.4860  2.3037  2.2123  2.2343
    6.75   49.85   0.4656  1.0051  1.7955  2.0713  2.4550  2.5294  2.5376  2.4427  2.2574  2.1673  2.1916
    6.75   58.41   0.4399  0.9594  1.7431  2.0088  2.3887  2.4649  2.4749  2.3759  2.1862  2.0986  2.1258
    6.75   69.87   0.3933  0.8933  1.6689  1.9198  2.2940  2.3710  2.3819  2.2765  2.0819  1.9984  2.0311
    6.75   84.91   0.3254  0.8083  1.5738  1.8058  2.1722  2.2492  2.2605  2.1467  1.9458  1.8685  1.9091
    6.75  104.40   0.2404  0.7049  1.4595  1.6692  2.0252  2.0992  2.1091  1.9839  1.7778  1.7086  1.7607
    6.75  129.42   0.1367  0.5846  1.3286  1.5135  1.8542  1.9214  1.9265  1.7856  1.5767  1.5197  1.5911
    6.75  161.30   0.0196  0.4498  1.1844  1.3416  1.6639  1.7188  1.7148  1.5533  1.3453  1.3038  1.4001
    6.75  201.77  -0.1126  0.3024  1.0279  1.1567  1.4551  1.4907  1.4722  1.2851  1.0819  1.0601  1.1907
    6.75  252.98  -0.2579  0.1404  0.8595  0.9584  1.2266  1.2342  1.1949  0.9761  0.7830  0.7861  0.9602
    6.75  317.65  -0.4199 -0.0368  0.6779  0.7446  0.9768  0.9451  0.8758  0.6173  0.4426  0.4771  0.7063
    6.75  399.24  -0.5981 -0.2325  0.4812  0.5144  0.7011  0.6168  0.5074  0.1996  0.0515  0.1249  0.4236
    6.75  502.09  -0.8011 -0.4504  0.2652  0.2638  0.3938  0.2391  0.0774 -0.2920 -0.4030 -0.2800  0.1008
    6.75  631.67  -1.0313 -0.6963  0.0259 -0.0123  0.0474 -0.1988 -0.4301 -0.8763 -0.9356 -0.7501 -0.2477
    6.75  794.90  -1.2956 -0.9765 -0.2426 -0.3206 -0.3489 -0.7125 -1.0340 -1.5754 -1.5669 -1.3032 -0.6440
    7.00   30.02   0.5995  1.2486  2.0460  2.3176  2.6864  2.7502  2.7510  2.6547  2.4756  2.3830  2.4433
    7.00   30.03   0.5995  1.2486  2.0460  2.3176  2.6864  2.7502  2.7510  2.6547  2.4756  2.3830  2.4433
    7.00   30.04   0.5995  1.2486  2.0460  2.3176  2.6864  2.7502  2.7510  2.6547  2.4756  2.3830  2.4433
    7.00   30.07   0.5995  1.2486  2.0460  2.3176  2.6864  2.7502  2.7510  2.6547  2.4756  2.3830  2.4433
    7.00   30.10   0.5995  1.2486  2.0460  2.3176  2.6864  2.7502  2.7510  2.6547  2.4756  2.3830  2.4433
    7.00   30.17   0.5995  1.2486  2.0460  2.3176  2.6864  2.7502  2.7510  2.6547  2.4756  2.3830  2.4433
    7.00   30.26   0.5995  1.2486  2.0460  2.3176  2.6864  2.7502  2.7510  2.6547  2.4756  2.3830  2.4433
    7.00   30.42   0.5995  1.2486  2.0460  2.3176  2.6864  2.7502  2.7510  2.6547  2.4756  2.3830  2.4433
    7.00   30.66   0.5995  1.2486  2.0460  2.3176  2.6864  2.7502  2.7510  2.6547  2.4756  2.3830  2.4433
    7.00   31.03   0.5995  1.2486  2.0460  2.3176  2.6864  2.7502  2.7510  2.6547  2.4756  2.3830  2.4433
    7.00   31.62   0.5995  1.2486  2.0460  2.3176  2.6864  2.7502  2.7510  2.6547  2.4756  2.3830  2.4433
    7.00   32.53   0.5995  1.2486  2.0460  2.3176  2.6864  2.7502  2.7510  2.6547  2.4756  2.3830  2.4433
    7.00   33.93   0.6014  1.2486  2.0460  2.3176  2.6864  2.7502  2.7510  2.6547  2.4756  2.3830  2.4433
    7.00   36.03   0.6401  1.2482  2.0457  2.3171  2.6859  2.7497  2.7506  2.6543  2.4751  2.3825  2.4429
    7.00   39.13   0.6685  1.2439  2.0404  2.3109  2.6792  2.7433  2.7444  2.6477  2.4682  2.3759  2.4364
    7.00   43.59   0.6811  1.2313  2.0258  2.2935  2.6608  2.7254  2.7271  2.6293  2.4485  2.3566  2.4183
    7.00   49.85   0.6771  1.2062  1.9967  2.2588  2.6242  2.6900  2.6927  2.5930  2.4093  2.3190  2.3827
    7.00   58.41   0.6555  1.1645  1.9483  2.2012  2.5631  2.6307  2.6354  2.5324  2.3443  2.2561  2.3230
    7.00   69.87   0.6106  1.1020  1.8769  2.1155  2.4723  2.5416  2.5481  2.4396  2.2458  2.1613  2.2334
    7.00   84.91   0.5430  1.0188  1.7831  2.0027  2.3527  2.4224  2.4304  2.3139  2.1139  2.0342  2.1135
    7.00  104.40   0.4539  0.9151  1.6669  1.8639  2.2037  2.2711  2.2784  2.1511  1.9441  1.8729  1.9639
    7.00  129.42   0.3485  0.7940  1.5342  1.7062  2.0311  2.0926  2.0958  1.9535  1.7424  1.6834  1.7926
    7.00  161.30   0.2259  0.6584  1.3883  1.5323  1.8382  1.8885  1.8837  1.7212  1.5097  1.4659  1.6010
    7.00  201.77   0.0912  0.5100  1.2296  1.3449  1.6278  1.6589  1.6405  1.4527  1.2451  1.2209  1.3899
    7.00  252.98  -0.0587  0.3469  1.0595  1.1444  1.3972  1.4005  1.3622  1.1432  0.9454  0.9452  1.1591
    7.00  317.65  -0.2235  0.1685  0.8766  0.9291  1.1458  1.1107  1.0425  0.7837  0.6038  0.6351  0.9054
    7.00  399.24  -0.4055 -0.0278  0.6786  0.6973  0.8685  0.7811  0.6735  0.3653  0.2117  0.2816  0.6225
    7.00  502.09  -0.6114 -0.2462  0.4617  0.4456  0.5600  0.4026  0.2426 -0.1265 -0.2437 -0.1240  0.3009
    7.00  631.67  -0.8452 -0.4924  0.2212  0.1683  0.2128 -0.0359 -0.2653 -0.7112 -0.7771 -0.5955 -0.0489
    7.00  794.90  -1.1133 -0.7732 -0.0472 -0.1403 -0.1845 -0.5501 -0.8701 -1.4108 -1.4091 -1.1487 -0.4455
    7.25   30.02   0.8209  1.4281  2.2219  2.4810  2.8378  2.8976  2.8934  2.7906  2.6130  2.5179  2.6817
    7.25   30.03   0.8209  1.4281  2.2219  2.4810  2.8378  2.8976  2.8934  2.7906  2.6130  2.5179  2.6817
    7.25   30.04   0.8209  1.4281  2.2219  2.4810  2.8378  2.8976  2.8934  2.7906  2.6130  2.5179  2.6817
    7.25   30.07   0.8209  1.4281  2.2219  2.4810  2.8378  2.8976  2.8934  2.7906  2.6130  2.5179  2.6817
    7.25   30.10   0.8209  1.4281  2.2219  2.4810  2.8378  2.8976  2.8934  2.7906  2.6130  2.5179  2.6817
    7.25   30.17   0.8209  1.4281  2.2219  2.4810  2.8378  2.8976  2.8934  2.7906  2.6130  2.5179  2.6817
    7.25   30.26   0.8209  1.4281  2.2219  2.4810  2.8378  2.8976  2.8934  2.7906  2.6130  2.5179  2.6817
    7.25   30.42   0.8209  1.4281  2.2219  2.4810  2.8378  2.8976  2.8934  2.7906  2.6130  2.5179  2.6817
    7.25   30.66   0.8209  1.4281  2.2219  2.4810  2.8378  2.8976  2.8934  2.7906  2.6130  2.5179  2.6817
    7.25   31.03   0.8209  1.4281  2.2219  2.4810  2.8378  2.8976  2.8934  2.7906  2.6130  2.5179  2.6817
    7.25   31.62   0.8209  1.4281  2.2219  2.4810  2.8378  2.8976  2.8934  2.7906  2.6130  2.5179  2.6817
    7.25   32.53   0.8209  1.4281  2.2219  2.4810  2.8378  2.8976  2.8934  2.7906  2.6130  2.5179  2.6817
    7.25   33.93   0.8209  1.4281  2.2219  2.4810  2.8378  2.8976  2.8934  2.7906  2.6130  2.5179  2.6817
    7.25   36.03   0.8209  1.4281  2.2219  2.4810  2.8378  2.8976  2.8934  2.7906  2.6130  2.5179  2.6817
    7.25   39.13   0.8503  1.4279  2.2215  2.4807  2.8374  2.8972  2.8931  2.7902  2.6127  2.5175  2.6814
    7.25   43.59   0.8767  1.4217  2.2144  2.4720  2.8282  2.8884  2.8845  2.7813  2.6029  2.5080  2.6723
    7.25   49.85   0.8810  1.4034  2.1931  2.4465  2.8014  2.8624  2.8596  2.7550  2.5746  2.4807  2.6458
    7.25   58.41   0.8640  1.3682  2.1515  2.3968  2.7489  2.8118  2.8110  2.7038  2.5192  2.4269  2.5943
    7.25   69.87   0.8224  1.3115  2.0849  2.3176  2.6653  2.7307  2.7328  2.6214  2.4306  2.3411  2.5119
    7.25   84.91   0.7555  1.2309  1.9921  2.2063  2.5471  2.6136  2.6182  2.4997  2.3012  2.2168  2.3948
    7.25  104.40   0.6655  1.1286  1.8761  2.0672  2.3985  2.4638  2.4691  2.3405  2.1343  2.0573  2.2471
    7.25  129.42   0.5572  1.0078  1.7417  1.9069  2.2243  2.2849  2.2879  2.1448  1.9328  1.8673  2.0747
    7.25  161.30   0.4325  0.8715  1.5929  1.7302  2.0291  2.0792  2.0755  1.9135  1.6995  1.6489  1.8807
    7.25  201.77   0.2937  0.7216  1.4321  1.5402  1.8157  1.8477  1.8317  1.6449  1.4335  1.4022  1.6677
    7.25  252.98   0.1403  0.5576  1.2596  1.3369  1.5830  1.5879  1.5526  1.3345  1.1320  1.1252  1.4353
    7.25  317.65  -0.0288  0.3785  1.0750  1.1198  1.3292  1.2962  1.2322  0.9753  0.7890  0.8134  1.1810
    7.25  399.24  -0.2142  0.1817  0.8756  0.8862  1.0504  0.9657  0.8625  0.5566  0.3956  0.4588  0.8974
    7.25  502.09  -0.4246 -0.0376  0.6573  0.6327  0.7407  0.5861  0.4309  0.0641 -0.0602  0.0521  0.5769
    7.25  631.67  -0.6608 -0.2844  0.4160  0.3545  0.3922  0.1466 -0.0776 -0.5206 -0.5945 -0.4202  0.2258
    7.25  794.90  -0.9314 -0.5657  0.1465  0.0447 -0.0060 -0.3685 -0.6825 -1.2204 -1.2268 -0.9743 -0.1720
    7.50   30.02   1.0370  1.6076  2.3979  2.6445  2.9892  3.0449  3.0359  2.9265  2.7505  2.6529  2.9202
    7.50   30.03   1.0370  1.6076  2.3979  2.6445  2.9892  3.0449  3.0359  2.9265  2.7505  2.6529  2.9202
    7.50   30.04   1.0370  1.6076  2.3979  2.6445  2.9892  3.0449  3.0359  2.9265  2.7505  2.6529  2.9202
    7.50   30.07   1.0370  1.6076  2.3979  2.6445  2.9892  3.0449  3.0359  2.9265  2.7505  2.6529  2.9202
    7.50   30.10   1.0370  1.6076  2.3979  2.6445  2.9892  3.0449  3.0359  2.9265  2.7505  2.6529  2.9202
    7.50   30.17   1.0370  1.6076  2.3979  2.6445  2.9892  3.0449  3.0359  2.9265  2.7505  2.6529  2.9202
    7.50   30.26   1.0370  1.6076  2.3979  2.6445  2.9892  3.0449  3.0359  2.9265  2.7505  2.6529  2.9202
    7.50   30.42   1.0370  1.6076  2.3979  2.6445  2.9892  3.0449  3.0359  2.9265  2.7505  2.6529  2.9202
    7.50   30.66   1.0370  1.6076  2.3979  2.6445  2.9892  3.0449  3.0359  2.9265  2.7505  2.6529  2.9202
    7.50   31.03   1.0370  1.6076  2.3979  2.6445  2.9892  3.0449  3.0359  2.9265  2.7505  2.6529  2.9202
    7.50   31.62   1.0370  1.6076  2.3979  2.6445  2.9892  3.0449  3.0359  2.9265  2.7505  2.6529  2.9202
    7.50   32.53   1.0370  1.6076  2.3979  2.6445  2.9892  3.0449  3.0359  2.9265  2.7505  2.6529  2.9202
    7.50   33.93   1.0370  1.6076  2.3979  2.6445  2.9892  3.0449  3.0359  2.9265  2.7505  2.6529  2.9202
    7.50   36.03   1.0370  1.6076  2.3979  2.6445  2.9892  3.0449  3.0359  2.9265  2.7505  2.6529  2.9202
    7.50   39.13   1.0370  1.6076  2.3979  2.6445  2.9892  3.0449  3.0359  2.9265  2.7505  2.6529  2.9202
    7.50   43.59   1.0489  1.6074  2.3976  2.6443  2.9890  3.0449  3.0355  2.9263  2.7502  2.6527  2.9200
    7.50   49.85   1.0739  1.5990  2.3876  2.6323  2.9764  3.0326  3.0242  2.9142  2.7370  2.6398  2.9075
    7.50   58.41   1.0690  1.5733  2.3570  2.5956  2.9377  2.9954  2.9888  2.8771  2.6968  2.6005  2.8691
    7.50   69.87   1.0339  1.5246  2.2985  2.5260  2.8646  2.9250  2.9214  2.8066  2.6202  2.5260  2.7963
    7.50   84.91   0.9704  1.4491  2.2094  2.4194  2.7519  2.8147  2.8150  2.6944  2.4991  2.4092  2.6853
    7.50  104.40   0.8805  1.3492  2.0938  2.2808  2.6043  2.6675  2.6707  2.5411  2.3360  2.2534  2.5403
    7.50  129.42   0.7688  1.2283  1.9572  2.1174  2.4281  2.4877  2.4903  2.3476  2.1351  2.0625  2.3666
    7.50  161.30   0.6396  1.0907  1.8048  1.9364  2.2291  2.2798  2.2772  2.1161  1.9002  1.8420  2.1696
    7.50  201.77   0.4967  0.9388  1.6403  1.7423  2.0117  2.0449  2.0317  1.8471  1.6317  1.5927  1.9531
    7.50  252.98   0.3390  0.7731  1.4649  1.5354  1.7754  1.7828  1.7510  1.5353  1.3277  1.3131  1.7180
    7.50  317.65   0.1651  0.5925  1.2774  1.3152  1.5185  1.4886  1.4292  1.1752  0.9819  0.9988  1.4621
    7.50  399.24  -0.0258  0.3942  1.0760  1.0790  1.2375  1.1561  1.0581  0.7554  0.5865  0.6422  1.1773
    7.50  502.09  -0.2385  0.1741  0.8559  0.8235  0.9258  0.7750  0.6255  0.2619  0.1295  0.2342  0.8570
    7.50  631.67  -0.4790 -0.0737  0.6134  0.5437  0.5753  0.3342  0.1158 -0.3237 -0.4059 -0.2397  0.5043
    7.50  794.90  -0.7533 -0.3556  0.3427  0.2323  0.1761 -0.1825 -0.4896 -1.0239 -1.0391 -0.7948  0.1049
    7.75   30.02   1.2404  1.7790  2.5649  2.8024  3.1441  3.2008  3.1863  3.0699  2.8964  2.7924  3.1487
    7.75   30.03   1.2404  1.7790  2.5649  2.8024  3.1441  3.2008  3.1863  3.0699  2.8964  2.7924  3.1487
    7.75   30.04   1.2404  1.7790  2.5649  2.8024  3.1441  3.2008  3.1863  3.0699  2.8964  2.7924  3.1487
    7.75   30.07   1.2404  1.7790  2.5649  2.8024  3.1441  3.2008  3.1863  3.0699  2.8964  2.7924  3.1487
    7.75   30.10   1.2404  1.7790  2.5649  2.8024  3.1441  3.2008  3.1863  3.0699  2.8964  2.7924  3.1487
    7.75   30.17   1.2404  1.7790  2.5649  2.8024  3.1441  3.2008  3.1863  3.0699  2.8964  2.7924  3.1487
    7.75   30.26   1.2404  1.7790  2.5649  2.8024  3.1441  3.2008  3.1863  3.0699  2.8964  2.7924  3.1487
    7.75   30.42   1.2404  1.7790  2.5649  2.8024  3.1441  3.2008  3.1863  3.0699  2.8964  2.7924  3.1487
    7.75   30.66   1.2404  1.7790  2.5649  2.8024  3.1441  3.2008  3.1863  3.0699  2.8964  2.7924  3.1487
    7.75   31.03   1.2404  1.7790  2.5649  2.8024  3.1441  3.2008  3.1863  3.0699  2.8964  2.7924  3.1487
    7.75   31.62   1.2404  1.7790  2.5649  2.8024  3.1441  3.2008  3.1863  3.0699  2.8964  2.7924  3.1487
    7.75   32.53   1.2404  1.7790  2.5649  2.8024  3.1441  3.2008  3.1863  3.0699  2.8964  2.7924  3.1487
    7.75   33.93   1.2404  1.7790  2.5649  2.8024  3.1441  3.2008  3.1863  3.0699  2.8964  2.7924  3.1487
    7.75   36.03   1.2404  1.7790  2.5649  2.8024  3.1441  3.2008  3.1863  3.0699  2.8964  2.7924  3.1487
    7.75   39.13   1.2404  1.7790  2.5649  2.8024  3.1441  3.2008  3.1863  3.0699  2.8964  2.7924  3.1487
    7.75   43.59   1.2404  1.7790  2.5649  2.8024  3.1441  3.2008  3.1863  3.0699  2.8964  2.7924  3.1487
    7.75   49.85   1.2404  1.7789  2.5649  2.8024  3.1441  3.2008  3.1863  3.0699  2.8963  2.7924  3.1487
    7.75   58.41   1.2575  1.7681  2.5515  2.7865  3.1274  3.1842  3.1712  3.0544  2.8790  2.7755  3.1322
    7.75   69.87   1.2379  1.7327  2.5083  2.7349  3.0731  3.1326  3.1222  3.0032  2.8227  2.7207  3.0787
    7.75   84.91   1.1825  1.6680  2.4293  2.6406  2.9740  3.0371  3.0317  2.9084  2.7190  2.6201  2.9814
    7.75  104.40   1.0941  1.5729  2.3160  2.5054  2.8302  2.8961  2.8958  2.7651  2.5646  2.4719  2.8416
    7.75  129.42   0.9817  1.4534  2.1773  2.3400  2.6523  2.7165  2.7188  2.5767  2.3654  2.2827  2.6669
    7.75  161.30   0.8485  1.3150  2.0208  2.1538  2.4494  2.5063  2.5055  2.3461  2.1293  2.0594  2.4667
    7.75  201.77   0.7002  1.1614  1.8521  1.9542  2.2266  2.2678  2.2582  2.0761  1.8582  1.8068  2.2452
    7.75  252.98   0.5375  0.9938  1.6724  1.7428  1.9860  2.0020  1.9753  1.7637  1.5511  1.5243  2.0075
    7.75  317.65   0.3599  0.8114  1.4815  1.5187  1.7252  1.7048  1.6521  1.4022  1.2028  1.2074  1.7493
    7.75  399.24   0.1640  0.6115  1.2771  1.2792  1.4409  1.3698  1.2796  0.9812  0.8050  0.8483  1.4638
    7.75  502.09  -0.0526  0.3898  1.0553  1.0211  1.1267  0.9866  0.8454  0.4871  0.3460  0.4381  1.1426
    7.75  631.67  -0.2961  0.1414  0.8111  0.7393  0.7744  0.5440  0.3348 -0.0991 -0.1909 -0.0371  0.7875
    7.75  794.90  -0.5743 -0.1413  0.5389  0.4264  0.3733  0.0261 -0.2714 -0.7997 -0.8250 -0.5936  0.3864
    8.00   30.02   1.2671  1.7790  2.5649  2.8024  3.1441  3.2008  3.1863  3.0699  2.8964  2.7924  3.1487
    8.00   30.03   1.2671  1.7790  2.5649  2.8024  3.1441  3.2008  3.1863  3.0699  2.8964  2.7924  3.1487
    8.00   30.04   1.2671  1.7790  2.5649  2.8024  3.1441  3.2008  3.1863  3.0699  2.8964  2.7924  3.1487
    8.00   30.07   1.2671  1.7790  2.5649  2.8024  3.1441  3.2008  3.1863  3.0699  2.8964  2.7924  3.1487
    8.00   30.10   1.2671  1.7790  2.5649  2.8024  3.1441  3.2008  3.1863  3.0699  2.8964  2.7924  3.1487
    8.00   30.17   1.2671  1.7790  2.5649  2.8024  3.1441  3.2008  3.1863  3.0699  2.8964  2.7924  3.1487
    8.00   30.26   1.2671  1.7790  2.5649  2.8024  3.1441  3.2008  3.1863  3.0699  2.8964  2.7924  3.1487
    8.00   30.42   1.2671  1.7790  2.5649  2.8024  3.1441  3.2008  3.1863  3.0699  2.8964  2.7924  3.1487
    8.00   30.66   1.2671  1.7790  2.5649  2.8024  3.1441  3.2008  3.1863  3.0699  2.8964  2.7924  3.1487
    8.00   31.03   1.2671  1.7790  2.5649  2.8024  3.1441  3.2008  3.1863  3.0699  2.8964  2.7924  3.1487
    8.00   31.62   1.2671  1.7790  2.5649  2.8024  3.1441  3.2008  3.1863  3.0699  2.8964  2.7924  3.1487
    8.00   32.53   1.2671  1.7790  2.5649  2.8024  3.1441  3.2008  3.1863  3.0699  2.8964  2.7924  3.1487
    8.00   33.93   1.2671  1.7790  2.5649  2.8024  3.1441  3.2008  3.1863  3.0699  2.8964  2.7924  3.1487
    8.00   36.03   1.2671  1.7790  2.5649  2.8024  3.1441  3.2008  3.1863  3.0699  2.8964  2.7924  3.1487
    8.00   39.13   1.2671  1.7790  2.5649  2.8024  3.1441  3.2008  3.1863  3.0699  2.8964  2.7924  3.1487
    8.00   43.59   1.2671  1.7790  2.5649  2.8024  3.1441  3.2008  3.1863  3.0699  2.8964  2.7924  3.1487
    8.00   49.85   1.2668  1.7789  2.5649  2.8024  3.1441  3.2008  3.1863  3.0699  2.8963  2.7924  3.1487
    8.00   58.41   1.2563  1.7681  2.5515  2.7865  3.1274  3.1842  3.1712  3.0544  2.8790  2.7755  3.1322
    8.00   69.87   1.2321  1.7327  2.5083  2.7349  3.0731  3.1326  3.1222  3.0032  2.8227  2.7207  3.0787
    8.00   84.91   1.1741  1.6680  2.4293  2.6406  2.9740  3.0371  3.0317  2.9084  2.7190  2.6201  2.9814
    8.00  104.40   1.0836  1.5729  2.3160  2.5054  2.8302  2.8961  2.8958  2.7651  2.5646  2.4719  2.8416
    8.00  129.42   0.9678  1.4534  2.1773  2.3400  2.6523  2.7165  2.7188  2.5767  2.3654  2.2827  2.6669
    8.00  161.30   0.8316  1.3150  2.0208  2.1538  2.4494  2.5063  2.5055  2.3461  2.1293  2.0594  2.4667
    8.00  201.77   0.6776  1.1614  1.8521  1.9542  2.2266  2.2678  2.2582  2.0761  1.8582  1.8068  2.2452
    8.00  252.98   0.5131  0.9938  1.6724  1.7428  1.9860  2.0020  1.9753  1.7637  1.5511  1.5243  2.0075
    8.00  317.65   0.3311  0.8114  1.4815  1.5187  1.7252  1.7048  1.6521  1.4022  1.2028  1.2074  1.7493
    8.00  399.24   0.1327  0.6115  1.2771  1.2792  1.4409  1.3698  1.2796  0.9812  0.8050  0.8483  1.4638
    8.00  502.09  -0.0873  0.3898  1.0553  1.0211  1.1267  0.9866  0.8454  0.4871  0.3460  0.4381  1.1426
    8.00  631.67  -0.3338  0.1414  0.8111  0.7393  0.7744  0.5440  0.3348 -0.0991 -0.1909 -0.0371  0.7875
    8.00  794.90  -0.6155 -0.1413  0.5389  0.4264  0.3733  0.0261 -0.2714 -0.7997 -0.8250 -0.5936  0.3864
