Western North America high interface COMBINED ground motion CLASS C(weights: 0.5AM09, 0.2GA13, 0.2A&al13, 0.1Z&al06), PGA 0.02 PGV 0.01 (PGV wts: 0.5AM09, 0.5GA13), distance is Rcd (depth 20 km). Log10 hazard values in cgs units. Original file GMPEt_Interf_Med_combo.dat,provided by G Atkinson 20130429
       9      20      11        : nmag, ndist, nperiod
                     10      5       2       1       0.5     0.3003  0.2     0.1     0.05    0.02    0.01
                     0.62    0.62    0.62    0.62    0.58    0.54    0.53    0.53    0.53    0.53    0.62
    7.00   10.00   0.9748  1.5794  2.2727  2.6234  2.9192  3.0575  3.1320  3.1613  2.9673  2.8518  2.7432
    7.00   12.60   0.9515  1.5548  2.2432  2.5904  2.8814  3.0141  3.0820  3.1006  2.9001  2.7945  2.7033
    7.00   15.90   0.9276  1.5286  2.2114  2.5552  2.8408  2.9680  3.0294  3.0370  2.8304  2.7344  2.6625
    7.00   20.00   0.9223  1.5003  2.1772  2.5171  2.7973  2.9188  2.9734  2.9701  2.7573  2.6713  2.6207
    7.00   25.10   0.9030  1.4620  2.1321  2.4648  2.7382  2.8521  2.8977  2.8795  2.6572  2.5860  2.5732
    7.00   31.60   0.8763  1.4202  2.0825  2.4080  2.6737  2.7796  2.8158  2.7824  2.5509  2.4946  2.5229
    7.00   39.80   0.8420  1.3728  2.0258  2.3438  2.6006  2.6972  2.7233  2.6735  2.4339  2.3931  2.4689
    7.00   50.10   0.8030  1.3214  1.9631  2.2735  2.5184  2.6049  2.6217  2.5549  2.3078  2.2844  2.4098
    7.00   63.10   0.7565  1.2634  1.8940  2.1939  2.4270  2.5029  2.5090  2.4273  2.1744  2.1674  2.3457
    7.00   79.40   0.7054  1.2017  1.8195  2.1077  2.3277  2.3920  2.3880  2.2915  2.0354  2.0446  2.2765
    7.00  100.00   0.6514  1.1373  1.7404  2.0158  2.2213  2.2734  2.2597  2.1486  1.8915  1.9166  2.2027
    7.00  125.90   0.5924  1.0677  1.6540  1.9132  2.1013  2.1396  2.1158  1.9954  1.7423  1.7827  2.1230
    7.00  158.50   0.5305  0.9957  1.5636  1.8051  1.9748  1.9987  1.9650  1.8363  1.5898  1.6455  2.0406
    7.00  199.50   0.4659  0.9211  1.4672  1.6877  1.8362  1.8439  1.8013  1.6677  1.4340  1.5045  1.9537
    7.00  251.20   0.3974  0.8423  1.3627  1.5559  1.6765  1.6657  1.6165  1.4855  1.2755  1.3579  1.8575
    7.00  316.20   0.3060  0.7405  1.2314  1.3937  1.4838  1.4531  1.3983  1.2734  1.0932  1.1866  1.7375
    7.00  398.10   0.1739  0.5973  1.0504  1.1742  1.2245  1.1704  1.1122  1.0059  0.8721  0.9726  1.5663
    7.00  501.20   0.0269  0.4397  0.8519  0.9338  0.9443  0.8673  0.8058  0.7177  0.6330  0.7414  1.3869
    7.00  631.00  -0.1451  0.2567  0.6156  0.6410  0.5981  0.4911  0.4322  0.3800  0.3717  0.4814  1.1636
    7.00  794.30  -0.3461  0.0444  0.3395  0.2969  0.1902  0.0486 -0.0065 -0.0075  0.0831  0.1894  0.9018
    7.25   10.00   1.1211  1.6887  2.3486  2.6726  2.9568  3.0833  3.1431  3.1631  2.9680  2.8494  2.7702
    7.25   12.60   1.1014  1.6679  2.3232  2.6440  2.9237  3.0458  3.1003  3.1115  2.9111  2.8003  2.7341
    7.25   15.90   1.0801  1.6454  2.2956  2.6132  2.8882  3.0057  3.0547  3.0574  2.8515  2.7486  2.6974
    7.25   20.00   1.0572  1.6209  2.2656  2.5796  2.8497  2.9626  3.0060  3.0002  2.7889  2.6940  2.6596
    7.25   25.10   1.0393  1.5858  2.2234  2.5318  2.7951  2.9009  2.9362  2.9171  2.6979  2.6158  2.6155
    7.25   31.60   1.0187  1.5467  2.1768  2.4791  2.7348  2.8330  2.8599  2.8272  2.6001  2.5314  2.5683
    7.25   39.80   0.9868  1.5016  2.1229  2.4182  2.6648  2.7540  2.7719  2.7239  2.4893  2.4348  2.5163
    7.25   50.10   0.9476  1.4512  2.0621  2.3484  2.5851  2.6656  2.6733  2.6100  2.3684  2.3295  2.4587
    7.25   63.10   0.9017  1.3956  1.9945  2.2711  2.4958  2.5655  2.5636  2.4852  2.2381  2.2148  2.3954
    7.25   79.40   0.8511  1.3357  1.9215  2.1864  2.3982  2.4564  2.4449  2.3520  2.1016  2.0946  2.3267
    7.25  100.00   0.7961  1.2720  1.8437  2.0953  2.2930  2.3393  2.3180  2.2113  1.9594  1.9696  2.2537
    7.25  125.90   0.7355  1.2025  1.7580  1.9941  2.1744  2.2068  2.1758  2.0598  1.8119  1.8373  2.1742
    7.25  158.50   0.6729  1.1312  1.6684  1.8872  2.0490  2.0671  2.0267  1.9023  1.6609  1.7014  2.0921
    7.25  199.50   0.6086  1.0584  1.5731  1.7709  1.9107  1.9130  1.8643  1.7351  1.5063  1.5608  2.0057
    7.25  251.20   0.5391  0.9803  1.4686  1.6400  1.7517  1.7354  1.6801  1.5536  1.3490  1.4152  1.9089
    7.25  316.20   0.4464  0.8791  1.3374  1.4785  1.5597  1.5237  1.4626  1.3421  1.1678  1.2449  1.7887
    7.25  398.10   0.3137  0.7371  1.1576  1.2591  1.3016  1.2421  1.1775  1.0756  0.9473  1.0319  1.6180
    7.25  501.20   0.1657  0.5805  0.9601  1.0190  1.0224  0.9400  0.8722  0.7883  0.7088  0.8015  1.4394
    7.25  631.00  -0.0081  0.3972  0.7242  0.7272  0.6769  0.5636  0.4978  0.4507  0.4477  0.5418  1.2158
    7.25  794.30  -0.2092  0.1859  0.4488  0.3840  0.2694  0.1223  0.0607  0.0649  0.1603  0.2511  0.9543
    7.50   10.00   1.2592  1.7945  2.4230  2.7239  2.9956  3.1111  3.1574  3.1665  2.9702  2.8515  2.7991
    7.50   12.60   1.2424  1.7766  2.4011  2.6991  2.9669  3.0785  3.1206  3.1227  2.9221  2.8100  2.7668
    7.50   15.90   1.2242  1.7572  2.3770  2.6721  2.9359  3.0433  3.0811  3.0763  2.8716  2.7660  2.7336
    7.50   20.00   1.2042  1.7358  2.3508  2.6423  2.9019  3.0052  3.0387  3.0269  2.8181  2.7190  2.6995
    7.50   25.10   1.1739  1.7040  2.3123  2.5981  2.8517  2.9487  2.9748  2.9520  2.7361  2.6477  2.6586
    7.50   31.60   1.1462  1.6685  2.2692  2.5489  2.7958  2.8858  2.9042  2.8697  2.6466  2.5699  2.6143
    7.50   39.80   1.1221  1.6263  2.2181  2.4914  2.7293  2.8112  2.8212  2.7729  2.5422  2.4799  2.5647
    7.50   50.10   1.0846  1.5773  2.1597  2.4247  2.6528  2.7255  2.7260  2.6637  2.4269  2.3778  2.5093
    7.50   63.10   1.0391  1.5234  2.0936  2.3496  2.5653  2.6284  2.6194  2.5423  2.3004  2.2671  2.4468
    7.50   79.40   0.9882  1.4647  2.0219  2.2668  2.4693  2.5215  2.5028  2.4121  2.1670  2.1495  2.3789
    7.50  100.00   0.9325  1.4019  1.9452  2.1767  2.3657  2.4060  2.3774  2.2741  2.0275  2.0260  2.3062
    7.50  125.90   0.8718  1.3343  1.8608  2.0765  2.2484  2.2748  2.2373  2.1245  1.8817  1.8956  2.2275
    7.50  158.50   0.8087  1.2645  1.7724  1.9706  2.1243  2.1364  2.0899  1.9687  1.7325  1.7614  2.1459
    7.50  199.50   0.7427  1.1914  1.6777  1.8551  1.9868  1.9838  1.9288  1.8030  1.5796  1.6222  2.0590
    7.50  251.20   0.6722  1.1141  1.5739  1.7249  1.8291  1.8073  1.7457  1.6233  1.4230  1.4775  1.9632
    7.50  316.20   0.5783  1.0137  1.4432  1.5641  1.6380  1.5964  1.5291  1.4132  1.2424  1.3079  1.8435
    7.50  398.10   0.4437  0.8722  1.2643  1.3455  1.3805  1.3149  1.2449  1.1468  1.0231  1.0956  1.6725
    7.50  501.20   0.2952  0.7162  1.0676  1.1061  1.1017  1.0129  0.9403  0.8596  0.7859  0.8659  1.4933
    7.50  631.00   0.1205  0.5336  0.8322  0.8150  0.7570  0.6386  0.5663  0.5229  0.5251  0.6072  1.2703
    7.50  794.30  -0.0821  0.3231  0.5573  0.4719  0.3498  0.1972  0.1306  0.1376  0.2371  0.3173  1.0082
    7.75   10.00   1.3774  1.8849  2.4939  2.7772  3.0361  3.1405  3.1764  3.1723  2.9761  2.8602  2.8306
    7.75   12.60   1.3632  1.8697  2.4751  2.7556  3.0113  3.1123  3.1441  3.1353  2.9353  2.8246  2.8009
    7.75   15.90   1.3476  1.8528  2.4544  2.7319  2.9841  3.0817  3.1095  3.0959  2.8921  2.7867  2.7707
    7.75   20.00   1.3303  1.8343  2.4314  2.7056  2.9542  3.0482  3.0719  3.0537  2.8462  2.7460  2.7394
    7.75   25.10   1.3030  1.8054  2.3954  2.6654  2.9079  2.9964  3.0138  2.9860  2.7723  2.6822  2.7019
    7.75   31.60   1.2720  1.7728  2.3551  2.6200  2.8559  2.9383  2.9490  2.9108  2.6910  2.6116  2.6609
    7.75   39.80   1.2345  1.7336  2.3078  2.5652  2.7935  2.8678  2.8706  2.8201  2.5938  2.5267  2.6134
    7.75   50.10   1.2022  1.6872  2.2509  2.5010  2.7202  2.7862  2.7804  2.7158  2.4837  2.4304  2.5601
    7.75   63.10   1.1578  1.6350  2.1871  2.4274  2.6358  2.6913  2.6762  2.5986  2.3613  2.3226  2.4999
    7.75   79.40   1.1062  1.5778  2.1172  2.3464  2.5422  2.5868  2.5625  2.4724  2.2316  2.2079  2.4332
    7.75  100.00   1.0497  1.5166  2.0420  2.2590  2.4402  2.4738  2.4403  2.3380  2.0953  2.0873  2.3611
    7.75  125.90   0.9885  1.4502  1.9586  2.1599  2.3239  2.3441  2.3013  2.1900  1.9520  1.9586  2.2825
    7.75  158.50   0.9242  1.3813  1.8712  2.0552  2.2008  2.2069  2.1551  2.0359  1.8048  1.8260  2.2009
    7.75  199.50   0.8570  1.3092  1.7775  1.9406  2.0644  2.0552  1.9953  1.8722  1.6530  1.6886  2.1145
    7.75  251.20   0.7850  1.2325  1.6745  1.8111  1.9073  1.8799  1.8133  1.6927  1.4977  1.5441  2.0184
    7.75  316.20   0.6904  1.1327  1.5448  1.6510  1.7168  1.6701  1.5975  1.4831  1.3181  1.3750  1.8985
    7.75  398.10   0.5545  0.9918  1.3660  1.4334  1.4603  1.3896  1.3145  1.2182  1.0997  1.1637  1.7279
    7.75  501.20   0.4050  0.8365  1.1695  1.1948  1.1826  1.0886  1.0111  0.9326  0.8631  0.9350  1.5491
    7.75  631.00   0.2295  0.6547  0.9347  0.9038  0.8384  0.7145  0.6381  0.5971  0.6036  0.6771  1.3261
    7.75  794.30   0.0257  0.4447  0.6604  0.5618  0.4315  0.2736  0.2022  0.2124  0.3167  0.3873  1.0637
    8.00   10.00   1.4798  1.9639  2.5482  2.8168  3.0704  3.1721  3.1969  3.1814  2.9830  2.8749  2.8644
    8.00   12.60   1.4677  1.9508  2.5316  2.7979  3.0487  3.1475  3.1690  3.1497  2.9487  2.8446  2.8373
    8.00   15.90   1.4543  1.9364  2.5135  2.7770  3.0248  3.1206  3.1387  3.1158  2.9122  2.8121  2.8096
    8.00   20.00   1.4394  1.9203  2.4930  2.7537  2.9982  3.0909  3.1057  3.0793  2.8729  2.7769  2.7808
    8.00   25.10   1.4148  1.8943  2.4611  2.7174  2.9562  3.0439  3.0532  3.0184  2.8071  2.7195  2.7458
    8.00   31.60   1.3866  1.8645  2.4243  2.6757  2.9084  2.9903  2.9939  2.9502  2.7337  2.6554  2.7074
    8.00   39.80   1.3518  1.8280  2.3784  2.6240  2.8495  2.9240  2.9209  2.8663  2.6442  2.5763  2.6628
    8.00   50.10   1.3098  1.7841  2.3239  2.5630  2.7795  2.8464  2.8348  2.7679  2.5394  2.4847  2.6116
    8.00   63.10   1.2651  1.7340  2.2628  2.4916  2.6978  2.7545  2.7341  2.6554  2.4221  2.3818  2.5528
    8.00   79.40   1.2111  1.6788  2.1949  2.4125  2.6067  2.6526  2.6231  2.5327  2.2964  2.2706  2.4875
    8.00  100.00   1.1538  1.6195  2.1212  2.3263  2.5074  2.5415  2.5028  2.4011  2.1637  2.1522  2.4171
    8.00  125.90   1.0908  1.5540  2.0389  2.2287  2.3923  2.4137  2.3665  2.2556  2.0223  2.0254  2.3387
    8.00  158.50   1.0251  1.4860  1.9526  2.1253  2.2704  2.2783  2.2226  2.1035  1.8769  1.8944  2.2575
    8.00  199.50   0.9548  1.4141  1.8601  2.0120  2.1353  2.1277  2.0643  1.9410  1.7272  1.7579  2.1714
    8.00  251.20   0.8834  1.3392  1.7575  1.8833  1.9792  1.9533  1.8834  1.7635  1.5732  1.6159  2.0754
    8.00  316.20   0.7872  1.2405  1.6283  1.7239  1.7896  1.7443  1.6689  1.5557  1.3948  1.4487  1.9554
    8.00  398.10   0.6499  1.1003  1.4507  1.5069  1.5337  1.4648  1.3865  1.2918  1.1773  1.2374  1.7849
    8.00  501.20   0.4990  0.9453  1.2555  1.2689  1.2563  1.1646  1.0836  1.0071  0.9415  1.0087  1.6061
    8.00  631.00   0.3221  0.7641  1.0205  0.9788  0.9131  0.7914  0.7116  0.6722  0.6826  0.7517  1.3830
    8.00  794.30   0.1166  0.5542  0.7466  0.6370  0.5065  0.3510  0.2765  0.2879  0.3956  0.4629  1.1211
    8.25   10.00   1.5739  2.0393  2.6011  2.8530  3.0948  3.1860  3.2007  3.1755  2.9763  2.8774  2.9008
    8.25   12.60   1.5638  2.0283  2.5869  2.8366  3.0758  3.1644  3.1767  3.1482  2.9470  2.8513  2.8758
    8.25   15.90   1.5525  2.0160  2.5711  2.8183  3.0548  3.1407  3.1504  3.1188  2.9157  2.8231  2.8501
    8.25   20.00   1.5398  2.0021  2.5532  2.7978  3.0312  3.1144  3.1215  3.0868  2.8820  2.7923  2.8232
    8.25   25.10   1.5180  1.9790  2.5238  2.7652  2.9931  3.0718  3.0739  3.0325  2.8235  2.7409  2.7913
    8.25   31.60   1.4925  1.9520  2.4897  2.7272  2.9493  3.0229  3.0197  2.9708  2.7575  2.6825  2.7560
    8.25   39.80   1.4598  1.9176  2.4474  2.6783  2.8945  2.9612  2.9517  2.8933  2.6746  2.6102  2.7138
    8.25   50.10   1.4204  1.8764  2.3963  2.6204  2.8283  2.8867  2.8702  2.8010  2.5760  2.5243  2.6650
    8.25   63.10   1.3744  1.8284  2.3369  2.5527  2.7495  2.7986  2.7740  2.6923  2.4639  2.4251  2.6078
    8.25   79.40   1.3231  1.7750  2.2708  2.4762  2.6607  2.6996  2.6667  2.5733  2.3423  2.3174  2.5437
    8.25  100.00   1.2555  1.7169  2.1989  2.3920  2.5631  2.5912  2.5494  2.4448  2.2126  2.2019  2.4740
    8.25  125.90   1.1876  1.6530  2.1181  2.2954  2.4497  2.4652  2.4144  2.3021  2.0734  2.0772  2.3962
    8.25  158.50   1.1188  1.5865  2.0329  2.1928  2.3292  2.3313  2.2719  2.1526  1.9302  1.9482  2.3155
    8.25  199.50   1.0485  1.5168  1.9407  2.0804  2.1955  2.1820  2.1156  1.9919  1.7825  1.8132  2.2299
    8.25  251.20   0.9735  1.4417  1.8394  1.9527  2.0405  2.0086  1.9355  1.8159  1.6297  1.6722  2.1340
    8.25  316.20   0.8757  1.3434  1.7114  1.7943  1.8519  1.8005  1.7218  1.6094  1.4526  1.5060  2.0143
    8.25  398.10   0.7377  1.2041  1.5341  1.5785  1.5966  1.5219  1.4407  1.3467  1.2359  1.2960  1.8438
    8.25  501.20   0.5849  1.0504  1.3393  1.3416  1.3200  1.2226  1.1390  1.0630  1.0010  1.0686  1.6652
    8.25  631.00   0.4064  0.8698  1.1052  1.0513  0.9769  0.8497  0.7681  0.7287  0.7427  0.8123  1.4419
    8.25  794.30   0.1995  0.6609  0.8320  0.7100  0.5728  0.4109  0.3336  0.3457  0.4576  0.5241  1.1810
    8.50   10.00   1.6603  2.1116  2.6529  2.8926  3.1217  3.2020  3.2088  3.1729  2.9736  2.8856  2.9408
    8.50   12.60   1.6516  2.1020  2.6406  2.8783  3.1048  3.1832  3.1877  3.1494  2.9484  2.8631  2.9171
    8.50   15.90   1.6419  2.0914  2.6269  2.8621  3.0860  3.1622  3.1646  3.1239  2.9211  2.8387  2.8927
    8.50   20.00   1.6308  2.0792  2.6110  2.8437  3.0647  3.1388  3.1390  3.0959  2.8915  2.8118  2.8671
    8.50   25.10   1.6115  2.0586  2.5848  2.8137  3.0303  3.1000  3.0960  3.0473  2.8391  2.7658  2.8375
    8.50   31.60   1.5886  2.0343  2.5539  2.7785  2.9903  3.0551  3.0465  2.9914  2.7794  2.7131  2.8046
    8.50   39.80   1.5589  2.0030  2.5141  2.7345  2.9394  2.9981  2.9836  2.9197  2.7035  2.6466  2.7657
    8.50   50.10   1.5221  1.9644  2.4672  2.6798  2.8761  2.9279  2.9061  2.8325  2.6120  2.5653  2.7184
    8.50   63.10   1.4781  1.9184  2.4094  2.6135  2.7999  2.8429  2.8138  2.7292  2.5041  2.4714  2.6628
    8.50   79.40   1.4288  1.8672  2.3449  2.5392  2.7138  2.7469  2.7101  2.6147  2.3869  2.3677  2.6001
    8.50  100.00   1.3751  1.8112  2.2747  2.4573  2.6191  2.6412  2.5963  2.4900  2.2612  2.2553  2.5320
    8.50  125.90   1.2957  1.7483  2.1953  2.3626  2.5071  2.5168  2.4637  2.3494  2.1248  2.1331  2.4544
    8.50  158.50   1.2129  1.6828  2.1115  2.2617  2.3881  2.3847  2.3234  2.2020  1.9841  2.0064  2.3742
    8.50  199.50   1.1370  1.6140  2.0205  2.1505  2.2565  2.2373  2.1682  2.0434  1.8380  1.8734  2.2893
    8.50  251.20   1.0585  1.5403  1.9200  2.0236  2.1027  2.0651  1.9904  1.8695  1.6864  1.7335  2.1940
    8.50  316.20   0.9585  1.4432  1.7926  1.8661  1.9153  1.8582  1.7784  1.6647  1.5103  1.5681  2.0748
    8.50  398.10   0.8168  1.3040  1.6163  1.6513  1.6609  1.5804  1.4978  1.4026  1.2949  1.3592  1.9046
    8.50  501.20   0.6625  1.1502  1.4223  1.4154  1.3853  1.2819  1.1967  1.1195  1.0612  1.1326  1.7260
    8.50  631.00   0.4834  0.9715  1.1885  1.1258  1.0429  0.9102  0.8266  0.7869  0.8045  0.8773  1.5027
    8.50  794.30   0.2754  0.7632  0.9167  0.7850  0.6390  0.4714  0.3932  0.4048  0.5202  0.5902  1.2419
    8.75   10.00   1.7243  2.1803  2.7044  2.9332  3.1494  3.2201  3.2198  3.1728  2.9729  2.9005  2.9822
    8.75   12.60   1.7167  2.1721  2.6937  2.9206  3.1347  3.2033  3.2013  3.1523  2.9510  2.8810  2.9599
    8.75   15.90   1.7084  2.1628  2.6816  2.9064  3.1182  3.1846  3.1809  3.1300  2.9273  2.8596  2.9368
    8.75   20.00   1.6987  2.1521  2.6675  2.8900  3.0993  3.1636  3.1581  3.1053  2.9013  2.8360  2.9125
    8.75   25.10   1.6816  2.1338  2.6436  2.8632  3.0680  3.1286  3.1194  3.0620  2.8551  2.7950  2.8853
    8.75   31.60   1.6610  2.1118  2.6154  2.8313  3.0311  3.0875  3.0744  3.0117  2.8016  2.7477  2.8546
    8.75   39.80   1.6338  2.0831  2.5790  2.7899  2.9835  3.0346  3.0160  2.9456  2.7319  2.6865  2.8181
    8.75   50.10   1.5995  2.0472  2.5348  2.7381  2.9240  2.9681  2.9440  2.8644  2.6465  2.6116  2.7730
    8.75   63.10   1.5580  2.0037  2.4798  2.6751  2.8515  2.8871  2.8556  2.7658  2.5440  2.5211  2.7195
    8.75   79.40   1.5106  1.9543  2.4177  2.6035  2.7686  2.7944  2.7554  2.6550  2.4313  2.4211  2.6587
    8.75  100.00   1.4582  1.8998  2.3494  2.5242  2.6763  2.6914  2.6446  2.5336  2.3097  2.3127  2.5918
    8.75  125.90   1.3998  1.8391  2.2712  2.4311  2.5663  2.5695  2.5137  2.3961  2.1760  2.1930  2.5149
    8.75  158.50   1.3385  1.7754  2.1886  2.3317  2.4490  2.4394  2.3754  2.2518  2.0377  2.0685  2.4352
    8.75  199.50   1.2174  1.7072  2.0989  2.2214  2.3185  2.2932  2.2231  2.0955  1.8937  1.9368  2.3506
    8.75  251.20   1.1289  1.6348  1.9996  2.0957  2.1657  2.1226  2.0463  1.9226  1.7443  1.7984  2.2555
    8.75  316.20   1.0232  1.5388  1.8734  1.9391  1.9791  1.9170  1.8355  1.7189  1.5700  1.6344  2.1363
    8.75  398.10   0.8792  1.4012  1.6979  1.7245  1.7258  1.6402  1.5563  1.4588  1.3553  1.4268  1.9663
    8.75  501.20   0.7218  1.2487  1.5045  1.4889  1.4511  1.3426  1.2562  1.1775  1.1222  1.2017  1.7880
    8.75  631.00   0.5392  1.0690  1.2713  1.2014  1.1100  0.9718  0.8872  0.8458  0.8668  0.9471  1.5649
    8.75  794.30   0.3301  0.8621  0.9997  0.8614  0.7067  0.5337  0.4549  0.4646  0.5826  0.6603  1.3038
    9.00   10.00   1.7848  2.2456  2.7553  2.9758  3.1794  3.2400  3.2342  3.1752  2.9751  2.9214  3.0267
    9.00   12.60   1.7784  2.2385  2.7458  2.9648  3.1664  3.2252  3.2180  3.1574  2.9562  2.9045  3.0053
    9.00   15.90   1.7711  2.2304  2.7350  2.9522  3.1516  3.2084  3.1999  3.1381  2.9356  2.8860  2.9832
    9.00   20.00   1.7628  2.2211  2.7223  2.9377  3.1346  3.1895  3.1796  3.1165  2.9129  2.8653  2.9600
    9.00   25.10   1.7477  2.2048  2.7010  2.9135  3.1062  3.1579  3.1445  3.0776  2.8714  2.8286  2.9346
    9.00   31.60   1.7294  2.1852  2.6755  2.8845  3.0726  3.1205  3.1035  3.0321  2.8231  2.7857  2.9059
    9.00   39.80   1.7047  2.1590  2.6422  2.8462  3.0286  3.0716  3.0500  2.9722  2.7600  2.7299  2.8715
    9.00   50.10   1.6724  2.1252  2.6006  2.7971  2.9730  3.0095  2.9820  2.8955  2.6806  2.6596  2.8294
    9.00   63.10   1.6331  2.0841  2.5484  2.7375  2.9038  2.9318  2.8978  2.8021  2.5832  2.5742  2.7777
    9.00   79.40   1.5883  2.0372  2.4885  2.6683  2.8233  2.8423  2.8012  2.6961  2.4751  2.4784  2.7180
    9.00  100.00   1.5382  1.9852  2.4218  2.5904  2.7327  2.7424  2.6934  2.5790  2.3572  2.3735  2.6518
    9.00  125.90   1.4808  1.9256  2.3456  2.4999  2.6259  2.6219  2.5663  2.4441  2.2267  2.2565  2.5769
    9.00  158.50   1.4208  1.8632  2.2646  2.4026  2.5111  2.4934  2.4310  2.3021  2.0914  2.1346  2.4985
    9.00  199.50   1.3569  1.7969  2.1758  2.2935  2.3813  2.3502  2.2795  2.1480  1.9496  2.0053  2.4142
    9.00  251.20   1.2248  1.7254  2.0774  2.1690  2.2300  2.1807  2.1044  1.9774  1.8014  1.8687  2.3192
    9.00  316.20   1.0967  1.6304  1.9520  2.0137  2.0447  1.9762  1.8951  1.7757  1.6285  1.7063  2.2002
    9.00  398.10   0.9436  1.4935  1.7774  1.8006  1.7921  1.7006  1.6169  1.5166  1.4156  1.4997  2.0299
    9.00  501.20   0.7810  1.3421  1.5850  1.5664  1.5180  1.4040  1.3182  1.2361  1.1843  1.2752  1.8514
    9.00  631.00   0.5958  1.1642  1.3524  1.2782  1.1780  1.0342  0.9506  0.9057  0.9293  1.0217  1.6290
    9.00  794.30   0.3826  0.9568  1.0814  0.9392  0.7750  0.5971  0.5187  0.5258  0.6459  0.7356  1.3678
