Western North America low interface COMBINED ground motion CLASS C (weights: 0.5AM09, 0.2GA13, 0.2A&al13, 0.1Z&al06), PGA 0.02 PGV 0.01 (PGV wts: 0.5AM09, 0.5GA13), distance is Rcd (depth 20 km). Log10 hazard values in cgs units. Original file GMPEt_Interf_Med_combo.dat,provided by G Atkinson 20130429
       9      20      11        : nmag, ndist, nperiod
                     10      5       2       1       0.5     0.3003  0.2     0.1     0.05    0.02    0.01
                     0.62    0.62    0.62    0.62    0.58    0.54    0.53    0.53    0.53    0.53    0.62
    7.00   10.00   0.6608  1.2654  1.9587  2.3094  2.6052  2.7435  2.8180  2.8473  2.6533  2.5378  2.4292
    7.00   12.60   0.6339  1.2372  1.9256  2.2728  2.5638  2.6965  2.7644  2.7830  2.5825  2.4769  2.3857
    7.00   15.90   0.6054  1.2064  1.8892  2.2330  2.5186  2.6458  2.7072  2.7148  2.5082  2.4122  2.3403
    7.00   20.00   0.5943  1.1723  1.8492  2.1891  2.4693  2.5908  2.6454  2.6421  2.4293  2.3433  2.2927
    7.00   25.10   0.5678  1.1268  1.7969  2.1296  2.4030  2.5169  2.5625  2.5443  2.3220  2.2508  2.2380
    7.00   31.60   0.5321  1.0760  1.7383  2.0638  2.3295  2.4354  2.4716  2.4382  2.2067  2.1504  2.1787
    7.00   39.80   0.4862  1.0170  1.6700  1.9880  2.2448  2.3414  2.3675  2.3177  2.0781  2.0373  2.1131
    7.00   50.10   0.4328  0.9512  1.5929  1.9033  2.1482  2.2347  2.2515  2.1847  1.9376  1.9142  2.0396
    7.00   63.10   0.3681  0.8750  1.5056  1.8055  2.0386  2.1145  2.1206  2.0389  1.7860  1.7790  1.9573
    7.00   79.40   0.2942  0.7905  1.4083  1.6965  1.9165  1.9808  1.9768  1.8803  1.6242  1.6334  1.8653
    7.00  100.00   0.2114  0.6973  1.3004  1.5758  1.7813  1.8334  1.8197  1.7086  1.4515  1.4766  1.7627
    7.00  125.90   0.1162  0.5915  1.1778  1.4370  1.6251  1.6634  1.6396  1.5192  1.2661  1.3065  1.6468
    7.00  158.50   0.0087  0.4739  1.0418  1.2833  1.4530  1.4769  1.4432  1.3145  1.0680  1.1237  1.5188
    7.00  199.50  -0.1135  0.3417  0.8878  1.1083  1.2568  1.2645  1.2219  1.0883  0.8546  0.9251  1.3743
    7.00  251.20  -0.2542  0.1907  0.7111  0.9043  1.0249  1.0141  0.9649  0.8339  0.6239  0.7063  1.2059
    7.00  316.20  -0.3940  0.0405  0.5314  0.6937  0.7838  0.7531  0.6983  0.5734  0.3932  0.4866  1.0375
    7.00  398.10  -0.5261 -0.1027  0.3504  0.4742  0.5245  0.4704  0.4122  0.3059  0.1721  0.2726  0.8663
    7.00  501.20  -0.6731 -0.2603  0.1519  0.2338  0.2443  0.1673  0.1058  0.0177 -0.0670  0.0414  0.6869
    7.00  631.00  -0.8451 -0.4433 -0.0844 -0.0590 -0.1019 -0.2089 -0.2678 -0.3200 -0.3283 -0.2186  0.4636
    7.00  794.30  -1.0461 -0.6556 -0.3605 -0.4031 -0.5098 -0.6514 -0.7065 -0.7075 -0.6169 -0.5106  0.2018
    7.25   10.00   0.8071  1.3747  2.0346  2.3586  2.6428  2.7693  2.8291  2.8491  2.6540  2.5354  2.4562
    7.25   12.60   0.7838  1.3503  2.0056  2.3264  2.6061  2.7282  2.7827  2.7939  2.5935  2.4827  2.4165
    7.25   15.90   0.7579  1.3232  1.9734  2.2910  2.5660  2.6835  2.7325  2.7352  2.5293  2.4264  2.3752
    7.25   20.00   0.7292  1.2929  1.9376  2.2516  2.5217  2.6346  2.6780  2.6722  2.4609  2.3660  2.3316
    7.25   25.10   0.7041  1.2506  1.8882  2.1966  2.4599  2.5657  2.6010  2.5819  2.3627  2.2806  2.2803
    7.25   31.60   0.6745  1.2025  1.8326  2.1349  2.3906  2.4888  2.5157  2.4830  2.2559  2.1872  2.2241
    7.25   39.80   0.6310  1.1458  1.7671  2.0624  2.3090  2.3982  2.4161  2.3681  2.1335  2.0790  2.1605
    7.25   50.10   0.5774  1.0810  1.6919  1.9782  2.2149  2.2954  2.3031  2.2398  1.9982  1.9593  2.0885
    7.25   63.10   0.5133  1.0072  1.6061  1.8827  2.1074  2.1771  2.1752  2.0968  1.8497  1.8264  2.0070
    7.25   79.40   0.4399  0.9245  1.5103  1.7752  1.9870  2.0452  2.0337  1.9408  1.6904  1.6834  1.9155
    7.25  100.00   0.3561  0.8320  1.4037  1.6553  1.8530  1.8993  1.8780  1.7713  1.5194  1.5296  1.8137
    7.25  125.90   0.2593  0.7263  1.2818  1.5179  1.6982  1.7306  1.6996  1.5836  1.3357  1.3611  1.6980
    7.25  158.50   0.1511  0.6094  1.1466  1.3654  1.5272  1.5453  1.5049  1.3805  1.1391  1.1796  1.5703
    7.25  199.50   0.0292  0.4790  0.9937  1.1915  1.3313  1.3336  1.2849  1.1557  0.9269  0.9814  1.4263
    7.25  251.20  -0.1125  0.3287  0.8170  0.9884  1.1001  1.0838  1.0285  0.9020  0.6974  0.7636  1.2573
    7.25  316.20  -0.2536  0.1791  0.6374  0.7785  0.8597  0.8237  0.7626  0.6421  0.4678  0.5449  1.0887
    7.25  398.10  -0.3863  0.0371  0.4576  0.5591  0.6016  0.5421  0.4775  0.3756  0.2473  0.3319  0.9180
    7.25  501.20  -0.5343 -0.1195  0.2601  0.3190  0.3224  0.2400  0.1722  0.0883  0.0088  0.1015  0.7394
    7.25  631.00  -0.7081 -0.3028  0.0242  0.0272 -0.0231 -0.1364 -0.2022 -0.2493 -0.2523 -0.1582  0.5158
    7.25  794.30  -0.9092 -0.5141 -0.2512 -0.3160 -0.4306 -0.5777 -0.6393 -0.6351 -0.5397 -0.4489  0.2543
    7.50   10.00   0.9452  1.4805  2.1090  2.4099  2.6816  2.7971  2.8434  2.8525  2.6562  2.5375  2.4851
    7.50   12.60   0.9248  1.4590  2.0835  2.3815  2.6493  2.7609  2.8030  2.8051  2.6045  2.4924  2.4492
    7.50   15.90   0.9020  1.4350  2.0548  2.3499  2.6137  2.7211  2.7589  2.7541  2.5494  2.4438  2.4114
    7.50   20.00   0.8762  1.4078  2.0228  2.3143  2.5739  2.6772  2.7107  2.6989  2.4901  2.3910  2.3715
    7.50   25.10   0.8387  1.3688  1.9771  2.2629  2.5165  2.6135  2.6396  2.6168  2.4009  2.3125  2.3234
    7.50   31.60   0.8020  1.3243  1.9250  2.2047  2.4516  2.5416  2.5600  2.5255  2.3024  2.2257  2.2701
    7.50   39.80   0.7663  1.2705  1.8623  2.1356  2.3735  2.4554  2.4654  2.4171  2.1864  2.1241  2.2089
    7.50   50.10   0.7144  1.2071  1.7895  2.0545  2.2826  2.3553  2.3558  2.2935  2.0567  2.0076  2.1391
    7.50   63.10   0.6507  1.1350  1.7052  1.9612  2.1769  2.2400  2.2310  2.1539  1.9120  1.8787  2.0584
    7.50   79.40   0.5770  1.0535  1.6107  1.8556  2.0581  2.1103  2.0916  2.0009  1.7558  1.7383  1.9677
    7.50  100.00   0.4925  0.9619  1.5052  1.7367  1.9257  1.9660  1.9374  1.8341  1.5875  1.5860  1.8662
    7.50  125.90   0.3956  0.8581  1.3846  1.6003  1.7722  1.7986  1.7611  1.6483  1.4055  1.4194  1.7513
    7.50  158.50   0.2869  0.7427  1.2506  1.4488  1.6025  1.6146  1.5681  1.4469  1.2107  1.2396  1.6241
    7.50  199.50   0.1633  0.6120  1.0983  1.2757  1.4074  1.4044  1.3494  1.2236  1.0002  1.0428  1.4796
    7.50  251.20   0.0206  0.4625  0.9223  1.0733  1.1775  1.1557  1.0941  0.9717  0.7714  0.8259  1.3116
    7.50  316.20  -0.1217  0.3137  0.7432  0.8641  0.9380  0.8964  0.8291  0.7132  0.5424  0.6079  1.1435
    7.50  398.10  -0.2563  0.1722  0.5643  0.6455  0.6805  0.6149  0.5449  0.4468  0.3231  0.3956  0.9725
    7.50  501.20  -0.4048  0.0162  0.3676  0.4061  0.4017  0.3129  0.2403  0.1596  0.0859  0.1659  0.7933
    7.50  631.00  -0.5795 -0.1664  0.1322  0.1150  0.0570 -0.0614 -0.1337 -0.1771 -0.1749 -0.0928  0.5703
    7.50  794.30  -0.7821 -0.3769 -0.1427 -0.2281 -0.3502 -0.5028 -0.5694 -0.5624 -0.4629 -0.3827  0.3082
    7.75   10.00   1.0634  1.5709  2.1799  2.4632  2.7221  2.8265  2.8624  2.8583  2.6621  2.5462  2.5166
    7.75   12.60   1.0456  1.5521  2.1575  2.4380  2.6937  2.7947  2.8265  2.8177  2.6177  2.5070  2.4833
    7.75   15.90   1.0254  1.5306  2.1322  2.4097  2.6619  2.7595  2.7873  2.7737  2.5699  2.4645  2.4485
    7.75   20.00   1.0023  1.5063  2.1034  2.3776  2.6262  2.7202  2.7439  2.7257  2.5182  2.4180  2.4114
    7.75   25.10   0.9678  1.4702  2.0602  2.3302  2.5727  2.6612  2.6786  2.6508  2.4371  2.3470  2.3667
    7.75   31.60   0.9278  1.4286  2.0109  2.2758  2.5117  2.5941  2.6048  2.5666  2.3468  2.2674  2.3167
    7.75   39.80   0.8787  1.3778  1.9520  2.2094  2.4377  2.5120  2.5148  2.4643  2.2380  2.1709  2.2576
    7.75   50.10   0.8320  1.3170  1.8807  2.1308  2.3500  2.4160  2.4102  2.3456  2.1135  2.0602  2.1899
    7.75   63.10   0.7694  1.2466  1.7987  2.0390  2.2474  2.3029  2.2878  2.2102  1.9729  1.9342  2.1115
    7.75   79.40   0.6950  1.1666  1.7060  1.9352  2.1310  2.1756  2.1513  2.0612  1.8204  1.7967  2.0220
    7.75  100.00   0.6097  1.0766  1.6020  1.8190  2.0002  2.0338  2.0003  1.8980  1.6553  1.6473  1.9211
    7.75  125.90   0.5123  0.9740  1.4824  1.6837  1.8477  1.8679  1.8251  1.7138  1.4758  1.4824  1.8063
    7.75  158.50   0.4024  0.8595  1.3494  1.5334  1.6790  1.6851  1.6333  1.5141  1.2830  1.3042  1.6791
    7.75  199.50   0.2776  0.7298  1.1981  1.3612  1.4850  1.4758  1.4159  1.2928  1.0736  1.1092  1.5351
    7.75  251.20   0.1334  0.5809  1.0229  1.1595  1.2557  1.2283  1.1617  1.0411  0.8461  0.8925  1.3668
    7.75  316.20  -0.0096  0.4327  0.8448  0.9510  1.0168  0.9701  0.8975  0.7831  0.6181  0.6750  1.1985
    7.75  398.10  -0.1455  0.2918  0.6660  0.7334  0.7603  0.6896  0.6145  0.5182  0.3997  0.4637  1.0279
    7.75  501.20  -0.2950  0.1365  0.4695  0.4948  0.4826  0.3886  0.3111  0.2326  0.1631  0.2350  0.8491
    7.75  631.00  -0.4705 -0.0453  0.2347  0.2038  0.1384  0.0145 -0.0619 -0.1029 -0.0964 -0.0229  0.6261
    7.75  794.30  -0.6743 -0.2553 -0.0396 -0.1382 -0.2685 -0.4264 -0.4978 -0.4876 -0.3833 -0.3127  0.3637
    8.00   10.00   1.1658  1.6499  2.2342  2.5028  2.7564  2.8581  2.8829  2.8674  2.6690  2.5609  2.5504
    8.00   12.60   1.1501  1.6332  2.2140  2.4803  2.7311  2.8299  2.8514  2.8321  2.6311  2.5270  2.5197
    8.00   15.90   1.1321  1.6142  2.1913  2.4548  2.7026  2.7984  2.8165  2.7936  2.5900  2.4899  2.4874
    8.00   20.00   1.1114  1.5923  2.1650  2.4257  2.6702  2.7629  2.7777  2.7513  2.5449  2.4489  2.4528
    8.00   25.10   1.0796  1.5591  2.1259  2.3822  2.6210  2.7087  2.7180  2.6832  2.4719  2.3843  2.4106
    8.00   31.60   1.0424  1.5203  2.0801  2.3315  2.5642  2.6461  2.6497  2.6060  2.3895  2.3112  2.3632
    8.00   39.80   0.9960  1.4722  2.0226  2.2682  2.4937  2.5682  2.5651  2.5105  2.2884  2.2205  2.3070
    8.00   50.10   0.9396  1.4139  1.9537  2.1928  2.4093  2.4762  2.4646  2.3977  2.1692  2.1145  2.2414
    8.00   63.10   0.8767  1.3456  1.8744  2.1032  2.3094  2.3661  2.3457  2.2670  2.0337  1.9934  2.1644
    8.00   79.40   0.7999  1.2676  1.7837  2.0013  2.1955  2.2414  2.2119  2.1215  1.8852  1.8594  2.0763
    8.00  100.00   0.7138  1.1795  1.6812  1.8863  2.0674  2.1015  2.0628  1.9611  1.7237  1.7122  1.9771
    8.00  125.90   0.6146  1.0778  1.5627  1.7525  1.9161  1.9375  1.8903  1.7794  1.5461  1.5492  1.8625
    8.00  158.50   0.5033  0.9642  1.4308  1.6035  1.7486  1.7565  1.7008  1.5817  1.3551  1.3726  1.7357
    8.00  199.50   0.3754  0.8347  1.2807  1.4326  1.5559  1.5483  1.4849  1.3616  1.1478  1.1785  1.5920
    8.00  251.20   0.2318  0.6876  1.1059  1.2317  1.3276  1.3017  1.2318  1.1119  0.9216  0.9643  1.4238
    8.00  316.20   0.0872  0.5405  0.9283  1.0239  1.0896  1.0443  0.9689  0.8557  0.6948  0.7487  1.2554
    8.00  398.10  -0.0501  0.4003  0.7507  0.8069  0.8337  0.7648  0.6865  0.5918  0.4773  0.5374  1.0849
    8.00  501.20  -0.2010  0.2453  0.5555  0.5689  0.5563  0.4646  0.3836  0.3071  0.2415  0.3087  0.9061
    8.00  631.00  -0.3779  0.0641  0.3205  0.2788  0.2131  0.0914  0.0116 -0.0278 -0.0174  0.0517  0.6830
    8.00  794.30  -0.5834 -0.1458  0.0466 -0.0630 -0.1935 -0.3490 -0.4235 -0.4121 -0.3044 -0.2371  0.4211
    8.25   10.00   1.2599  1.7253  2.2871  2.5390  2.7808  2.8720  2.8867  2.8615  2.6623  2.5634  2.5868
    8.25   12.60   1.2462  1.7107  2.2693  2.5190  2.7582  2.8468  2.8591  2.8306  2.6294  2.5337  2.5582
    8.25   15.90   1.2303  1.6938  2.2489  2.4961  2.7326  2.8185  2.8282  2.7966  2.5935  2.5009  2.5279
    8.25   20.00   1.2118  1.6741  2.2252  2.4698  2.7032  2.7864  2.7935  2.7588  2.5540  2.4643  2.4952
    8.25   25.10   1.1828  1.6438  2.1886  2.4300  2.6579  2.7366  2.7387  2.6973  2.4883  2.4057  2.4561
    8.25   31.60   1.1483  1.6078  2.1455  2.3830  2.6051  2.6787  2.6755  2.6266  2.4133  2.3383  2.4118
    8.25   39.80   1.1040  1.5618  2.0916  2.3225  2.5387  2.6054  2.5959  2.5375  2.3188  2.2544  2.3580
    8.25   50.10   1.0502  1.5062  2.0261  2.2502  2.4581  2.5165  2.5000  2.4308  2.2058  2.1541  2.2948
    8.25   63.10   0.9860  1.4400  1.9485  2.1643  2.3611  2.4102  2.3856  2.3039  2.0755  2.0367  2.2194
    8.25   79.40   0.9119  1.3638  1.8596  2.0650  2.2495  2.2884  2.2555  2.1621  1.9311  1.9062  2.1325
    8.25  100.00   0.8155  1.2769  1.7589  1.9520  2.1231  2.1512  2.1094  2.0048  1.7726  1.7619  2.0340
    8.25  125.90   0.7114  1.1768  1.6419  1.8192  1.9735  1.9890  1.9382  1.8259  1.5972  1.6010  1.9200
    8.25  158.50   0.5970  1.0647  1.5111  1.6710  1.8074  1.8095  1.7501  1.6308  1.4084  1.4264  1.7937
    8.25  199.50   0.4691  0.9374  1.3613  1.5010  1.6161  1.6026  1.5362  1.4125  1.2031  1.2338  1.6505
    8.25  251.20   0.3219  0.7901  1.1878  1.3011  1.3889  1.3570  1.2839  1.1643  0.9781  1.0206  1.4824
    8.25  316.20   0.1757  0.6434  1.0114  1.0943  1.1519  1.1005  1.0218  0.9094  0.7526  0.8060  1.3143
    8.25  398.10   0.0377  0.5041  0.8341  0.8785  0.8966  0.8219  0.7407  0.6467  0.5359  0.5960  1.1438
    8.25  501.20  -0.1151  0.3504  0.6393  0.6416  0.6200  0.5226  0.4390  0.3630  0.3010  0.3686  0.9652
    8.25  631.00  -0.2936  0.1698  0.4052  0.3513  0.2769  0.1497  0.0681  0.0287  0.0427  0.1123  0.7419
    8.25  794.30  -0.5005 -0.0391  0.1320  0.0100 -0.1272 -0.2891 -0.3664 -0.3543 -0.2424 -0.1759  0.4810
    8.50   10.00   1.3463  1.7976  2.3389  2.5786  2.8077  2.8880  2.8948  2.8589  2.6596  2.5716  2.6268
    8.50   12.60   1.3340  1.7844  2.3230  2.5607  2.7872  2.8656  2.8701  2.8318  2.6308  2.5455  2.5995
    8.50   15.90   1.3197  1.7692  2.3047  2.5399  2.7638  2.8400  2.8424  2.8017  2.5989  2.5165  2.5705
    8.50   20.00   1.3028  1.7512  2.2830  2.5157  2.7367  2.8108  2.8110  2.7679  2.5635  2.4838  2.5391
    8.50   25.10   1.2763  1.7234  2.2496  2.4785  2.6951  2.7648  2.7608  2.7121  2.5039  2.4306  2.5023
    8.50   31.60   1.2444  1.6901  2.2097  2.4343  2.6461  2.7109  2.7023  2.6472  2.4352  2.3689  2.4604
    8.50   39.80   1.2031  1.6472  2.1583  2.3787  2.5836  2.6423  2.6278  2.5639  2.3477  2.2908  2.4099
    8.50   50.10   1.1519  1.5942  2.0970  2.3096  2.5059  2.5577  2.5359  2.4623  2.2418  2.1951  2.3482
    8.50   63.10   1.0897  1.5300  2.0210  2.2251  2.4115  2.4545  2.4254  2.3408  2.1157  2.0830  2.2744
    8.50   79.40   1.0176  1.4560  1.9337  2.1280  2.3026  2.3357  2.2989  2.2035  1.9757  1.9565  2.1889
    8.50  100.00   0.9351  1.3712  1.8347  2.0173  2.1791  2.2012  2.1563  2.0500  1.8212  1.8153  2.0920
    8.50  125.90   0.8195  1.2721  1.7191  1.8864  2.0309  2.0406  1.9875  1.8732  1.6486  1.6569  1.9782
    8.50  158.50   0.6911  1.1610  1.5897  1.7399  1.8663  1.8629  1.8016  1.6802  1.4623  1.4846  1.8524
    8.50  199.50   0.5576  1.0346  1.4411  1.5711  1.6771  1.6579  1.5888  1.4640  1.2586  1.2940  1.7099
    8.50  251.20   0.4069  0.8887  1.2684  1.3720  1.4511  1.4135  1.3388  1.2179  1.0348  1.0819  1.5424
    8.50  316.20   0.2585  0.7432  1.0926  1.1661  1.2153  1.1582  1.0784  0.9647  0.8103  0.8681  1.3748
    8.50  398.10   0.1168  0.6040  0.9163  0.9513  0.9609  0.8804  0.7978  0.7026  0.5949  0.6592  1.2046
    8.50  501.20  -0.0375  0.4502  0.7223  0.7154  0.6853  0.5819  0.4967  0.4195  0.3612  0.4326  1.0260
    8.50  631.00  -0.2166  0.2715  0.4885  0.4258  0.3429  0.2102  0.1266  0.0869  0.1045  0.1773  0.8027
    8.50  794.30  -0.4246  0.0632  0.2167  0.0850 -0.0610 -0.2286 -0.3068 -0.2952 -0.1798 -0.1098  0.5419
    8.75   10.00   1.4103  1.8663  2.3904  2.6192  2.8354  2.9061  2.9058  2.8588  2.6589  2.5865  2.6682
    8.75   12.60   1.3991  1.8545  2.3761  2.6030  2.8171  2.8857  2.8837  2.8347  2.6334  2.5634  2.6423
    8.75   15.90   1.3862  1.8406  2.3594  2.5842  2.7960  2.8624  2.8587  2.8078  2.6051  2.5374  2.6146
    8.75   20.00   1.3707  1.8241  2.3395  2.5620  2.7713  2.8356  2.8301  2.7773  2.5733  2.5080  2.5845
    8.75   25.10   1.3464  1.7986  2.3084  2.5280  2.7328  2.7934  2.7842  2.7268  2.5199  2.4598  2.5501
    8.75   31.60   1.3168  1.7676  2.2712  2.4871  2.6869  2.7433  2.7302  2.6675  2.4574  2.4035  2.5104
    8.75   39.80   1.2780  1.7273  2.2232  2.4341  2.6277  2.6788  2.6602  2.5898  2.3761  2.3307  2.4623
    8.75   50.10   1.2293  1.6770  2.1646  2.3679  2.5538  2.5979  2.5738  2.4942  2.2763  2.2414  2.4028
    8.75   63.10   1.1696  1.6153  2.0914  2.2867  2.4631  2.4987  2.4672  2.3774  2.1556  2.1327  2.3311
    8.75   79.40   1.0994  1.5431  2.0065  2.1923  2.3574  2.3832  2.3442  2.2438  2.0201  2.0099  2.2475
    8.75  100.00   1.0182  1.4598  1.9094  2.0842  2.2363  2.2514  2.2046  2.0936  1.8697  1.8727  2.1518
    8.75  125.90   0.9236  1.3629  1.7950  1.9549  2.0901  2.0933  2.0375  1.9199  1.6998  1.7168  2.0387
    8.75  158.50   0.8167  1.2536  1.6668  1.8099  1.9272  1.9176  1.8536  1.7300  1.5159  1.5467  1.9134
    8.75  199.50   0.6380  1.1278  1.5195  1.6420  1.7391  1.7138  1.6437  1.5161  1.3143  1.3574  1.7712
    8.75  251.20   0.4773  0.9832  1.3480  1.4441  1.5141  1.4710  1.3947  1.2710  1.0927  1.1468  1.6039
    8.75  316.20   0.3232  0.8388  1.1734  1.2391  1.2791  1.2170  1.1355  1.0189  0.8700  0.9344  1.4363
    8.75  398.10   0.1792  0.7012  0.9979  1.0245  1.0258  0.9402  0.8563  0.7588  0.6553  0.7268  1.2663
    8.75  501.20   0.0218  0.5487  0.8045  0.7889  0.7511  0.6426  0.5562  0.4775  0.4222  0.5017  1.0880
    8.75  631.00  -0.1608  0.3690  0.5713  0.5014  0.4100  0.2718  0.1872  0.1458  0.1668  0.2471  0.8649
    8.75  794.30  -0.3699  0.1621  0.2997  0.1614  0.0067 -0.1663 -0.2451 -0.2354 -0.1174 -0.0397  0.6038
    9.00   10.00   1.4708  1.9316  2.4413  2.6618  2.8654  2.9260  2.9202  2.8612  2.6611  2.6074  2.7127
    9.00   12.60   1.4608  1.9209  2.4282  2.6472  2.8488  2.9076  2.9004  2.8398  2.6386  2.5869  2.6877
    9.00   15.90   1.4489  1.9082  2.4128  2.6300  2.8294  2.8862  2.8777  2.8159  2.6134  2.5638  2.6610
    9.00   20.00   1.4348  1.8931  2.3943  2.6097  2.8066  2.8615  2.8516  2.7885  2.5849  2.5373  2.6320
    9.00   25.10   1.4125  1.8696  2.3658  2.5783  2.7710  2.8227  2.8093  2.7424  2.5362  2.4934  2.5994
    9.00   31.60   1.3852  1.8410  2.3313  2.5403  2.7284  2.7763  2.7593  2.6879  2.4789  2.4415  2.5617
    9.00   39.80   1.3489  1.8032  2.2864  2.4904  2.6728  2.7158  2.6942  2.6164  2.4042  2.3741  2.5157
    9.00   50.10   1.3022  1.7550  2.2304  2.4269  2.6028  2.6393  2.6118  2.5253  2.3104  2.2894  2.4592
    9.00   63.10   1.2447  1.6957  2.1600  2.3491  2.5154  2.5434  2.5094  2.4137  2.1948  2.1858  2.3893
    9.00   79.40   1.1771  1.6260  2.0773  2.2571  2.4121  2.4311  2.3900  2.2849  2.0639  2.0672  2.3068
    9.00  100.00   1.0982  1.5452  1.9818  2.1504  2.2927  2.3024  2.2534  2.1390  1.9172  1.9335  2.2118
    9.00  125.90   1.0046  1.4494  1.8694  2.0237  2.1497  2.1457  2.0901  1.9679  1.7505  1.7803  2.1007
    9.00  158.50   0.8990  1.3414  1.7428  1.8808  1.9893  1.9716  1.9092  1.7803  1.5696  1.6128  1.9767
    9.00  199.50   0.7775  1.2175  1.5964  1.7141  1.8019  1.7708  1.7001  1.5686  1.3702  1.4259  1.8348
    9.00  251.20   0.5732  1.0738  1.4258  1.5174  1.5784  1.5291  1.4528  1.3258  1.1498  1.2171  1.6676
    9.00  316.20   0.3967  0.9304  1.2520  1.3137  1.3447  1.2762  1.1951  1.0757  0.9285  1.0063  1.5002
    9.00  398.10   0.2436  0.7935  1.0774  1.1006  1.0921  1.0006  0.9169  0.8166  0.7156  0.7997  1.3299
    9.00  501.20   0.0810  0.6421  0.8850  0.8664  0.8180  0.7040  0.6182  0.5361  0.4843  0.5752  1.1514
    9.00  631.00  -0.1042  0.4642  0.6524  0.5782  0.4780  0.3342  0.2506  0.2057  0.2293  0.3217  0.9290
    9.00  794.30  -0.3174  0.2568  0.3814  0.2392  0.0750 -0.1029 -0.1813 -0.1742 -0.0541  0.0356  0.6678
