Western North America median interface COMBINED ground motion CLASS C (weights: 0.5AM09, 0.2GA13, 0.2A&al13, 0.1Z&al06), PGA 0.02 PGV 0.01 (PGV wts: 0.5AM09, 0.5GA13), distance is Rcd (depth 20 km). Log10 hazard values in cgs units. Original file GMPEt_Interf_Med_combo.dat,provided by G Atkinson 20130429
       9      20      11        : nmag, ndist, nperiod
                     10      5       2       1       0.5     0.3003  0.2     0.1     0.05    0.02    0.01
                     0.62    0.62    0.62    0.62    0.58    0.54    0.53    0.53    0.53    0.53    0.62
    7.00   10.00   0.8178  1.4224  2.1157  2.4664  2.7622  2.9005  2.9750  3.0043  2.8103  2.6948  2.5862
    7.00   12.60   0.7927  1.3960  2.0844  2.4316  2.7226  2.8553  2.9232  2.9418  2.7413  2.6357  2.5445
    7.00   15.90   0.7665  1.3675  2.0503  2.3941  2.6797  2.8069  2.8683  2.8759  2.6693  2.5733  2.5014
    7.00   20.00   0.7583  1.3363  2.0132  2.3531  2.6333  2.7548  2.8094  2.8061  2.5933  2.5073  2.4567
    7.00   25.10   0.7354  1.2944  1.9645  2.2972  2.5706  2.6845  2.7301  2.7119  2.4896  2.4184  2.4056
    7.00   31.60   0.7042  1.2481  1.9104  2.2359  2.5016  2.6075  2.6437  2.6103  2.3788  2.3225  2.3508
    7.00   39.80   0.6641  1.1949  1.8479  2.1659  2.4227  2.5193  2.5454  2.4956  2.2560  2.2152  2.2910
    7.00   50.10   0.6179  1.1363  1.7780  2.0884  2.3333  2.4198  2.4366  2.3698  2.1227  2.0993  2.2247
    7.00   63.10   0.5623  1.0692  1.6998  1.9997  2.2328  2.3087  2.3148  2.2331  1.9802  1.9732  2.1515
    7.00   79.40   0.4998  0.9961  1.6139  1.9021  2.1221  2.1864  2.1824  2.0859  1.8298  1.8390  2.0709
    7.00  100.00   0.4314  0.9173  1.5204  1.7958  2.0013  2.0534  2.0397  1.9286  1.6715  1.6966  1.9827
    7.00  125.90   0.3543  0.8296  1.4159  1.6751  1.8632  1.9015  1.8777  1.7573  1.5042  1.5446  1.8849
    7.00  158.50   0.2696  0.7348  1.3027  1.5442  1.7139  1.7378  1.7041  1.5754  1.3289  1.3846  1.7797
    7.00  199.50   0.1762  0.6314  1.1775  1.3980  1.5465  1.5542  1.5116  1.3780  1.1443  1.2148  1.6640
    7.00  251.20   0.0716  0.5165  1.0369  1.2301  1.3507  1.3399  1.2907  1.1597  0.9497  1.0321  1.5317
    7.00  316.20  -0.0440  0.3905  0.8814  1.0437  1.1338  1.1031  1.0483  0.9234  0.7432  0.8366  1.3875
    7.00  398.10  -0.1761  0.2473  0.7004  0.8242  0.8745  0.8204  0.7622  0.6559  0.5221  0.6226  1.2163
    7.00  501.20  -0.3231  0.0897  0.5019  0.5838  0.5943  0.5173  0.4558  0.3677  0.2830  0.3914  1.0369
    7.00  631.00  -0.4951 -0.0933  0.2656  0.2910  0.2481  0.1411  0.0822  0.0300  0.0217  0.1314  0.8136
    7.00  794.30  -0.6961 -0.3056 -0.0105 -0.0531 -0.1598 -0.3014 -0.3565 -0.3575 -0.2669 -0.1606  0.5518
    7.25   10.00   0.9641  1.5317  2.1916  2.5156  2.7998  2.9263  2.9861  3.0061  2.8110  2.6924  2.6132
    7.25   12.60   0.9426  1.5091  2.1644  2.4852  2.7649  2.8870  2.9415  2.9527  2.7523  2.6415  2.5753
    7.25   15.90   0.9190  1.4843  2.1345  2.4521  2.7271  2.8446  2.8936  2.8963  2.6904  2.5875  2.5363
    7.25   20.00   0.8932  1.4569  2.1016  2.4156  2.6857  2.7986  2.8420  2.8362  2.6249  2.5300  2.4956
    7.25   25.10   0.8717  1.4182  2.0558  2.3642  2.6275  2.7333  2.7686  2.7495  2.5303  2.4482  2.4479
    7.25   31.60   0.8466  1.3746  2.0047  2.3070  2.5627  2.6609  2.6878  2.6551  2.4280  2.3593  2.3962
    7.25   39.80   0.8089  1.3237  1.9450  2.2403  2.4869  2.5761  2.5940  2.5460  2.3114  2.2569  2.3384
    7.25   50.10   0.7625  1.2661  1.8770  2.1633  2.4000  2.4805  2.4882  2.4249  2.1833  2.1444  2.2736
    7.25   63.10   0.7075  1.2014  1.8003  2.0769  2.3016  2.3713  2.3694  2.2910  2.0439  2.0206  2.2012
    7.25   79.40   0.6455  1.1301  1.7159  1.9808  2.1926  2.2508  2.2393  2.1464  1.8960  1.8890  2.1211
    7.25  100.00   0.5761  1.0520  1.6237  1.8753  2.0730  2.1193  2.0980  1.9913  1.7394  1.7496  2.0337
    7.25  125.90   0.4974  0.9644  1.5199  1.7560  1.9363  1.9687  1.9377  1.8217  1.5738  1.5992  1.9361
    7.25  158.50   0.4120  0.8703  1.4075  1.6263  1.7881  1.8062  1.7658  1.6414  1.4000  1.4405  1.8312
    7.25  199.50   0.3189  0.7687  1.2834  1.4812  1.6210  1.6233  1.5746  1.4454  1.2166  1.2711  1.7160
    7.25  251.20   0.2133  0.6545  1.1428  1.3142  1.4259  1.4096  1.3543  1.2278  1.0232  1.0894  1.5831
    7.25  316.20   0.0964  0.5291  0.9874  1.1285  1.2097  1.1737  1.1126  0.9921  0.8178  0.8949  1.4387
    7.25  398.10  -0.0363  0.3871  0.8076  0.9091  0.9516  0.8921  0.8275  0.7256  0.5973  0.6819  1.2680
    7.25  501.20  -0.1843  0.2305  0.6101  0.6690  0.6724  0.5900  0.5222  0.4383  0.3588  0.4515  1.0894
    7.25  631.00  -0.3581  0.0472  0.3742  0.3772  0.3269  0.2136  0.1478  0.1007  0.0977  0.1918  0.8658
    7.25  794.30  -0.5592 -0.1641  0.0988  0.0340 -0.0806 -0.2277 -0.2893 -0.2851 -0.1897 -0.0989  0.6043
    7.50   10.00   1.1022  1.6375  2.2660  2.5669  2.8386  2.9541  3.0004  3.0095  2.8132  2.6945  2.6421
    7.50   12.60   1.0836  1.6178  2.2423  2.5403  2.8081  2.9197  2.9618  2.9639  2.7633  2.6512  2.6080
    7.50   15.90   1.0631  1.5961  2.2159  2.5110  2.7748  2.8822  2.9200  2.9152  2.7105  2.6049  2.5725
    7.50   20.00   1.0402  1.5718  2.1868  2.4783  2.7379  2.8412  2.8747  2.8629  2.6541  2.5550  2.5355
    7.50   25.10   1.0063  1.5364  2.1447  2.4305  2.6841  2.7811  2.8072  2.7844  2.5685  2.4801  2.4910
    7.50   31.60   0.9741  1.4964  2.0971  2.3768  2.6237  2.7137  2.7321  2.6976  2.4745  2.3978  2.4422
    7.50   39.80   0.9442  1.4484  2.0402  2.3135  2.5514  2.6333  2.6433  2.5950  2.3643  2.3020  2.3868
    7.50   50.10   0.8995  1.3922  1.9746  2.2396  2.4677  2.5404  2.5409  2.4786  2.2418  2.1927  2.3242
    7.50   63.10   0.8449  1.3292  1.8994  2.1554  2.3711  2.4342  2.4252  2.3481  2.1062  2.0729  2.2526
    7.50   79.40   0.7826  1.2591  1.8163  2.0612  2.2637  2.3159  2.2972  2.2065  1.9614  1.9439  2.1733
    7.50  100.00   0.7125  1.1819  1.7252  1.9567  2.1457  2.1860  2.1574  2.0541  1.8075  1.8060  2.0862
    7.50  125.90   0.6337  1.0962  1.6227  1.8384  2.0103  2.0367  1.9992  1.8864  1.6436  1.6575  1.9894
    7.50  158.50   0.5478  1.0036  1.5115  1.7097  1.8634  1.8755  1.8290  1.7078  1.4716  1.5005  1.8850
    7.50  199.50   0.4530  0.9017  1.3880  1.5654  1.6971  1.6941  1.6391  1.5133  1.2899  1.3325  1.7693
    7.50  251.20   0.3464  0.7883  1.2481  1.3991  1.5033  1.4815  1.4199  1.2975  1.0972  1.1517  1.6374
    7.50  316.20   0.2283  0.6637  1.0932  1.2141  1.2880  1.2464  1.1791  1.0632  0.8924  0.9579  1.4935
    7.50  398.10   0.0937  0.5222  0.9143  0.9955  1.0305  0.9649  0.8949  0.7968  0.6731  0.7456  1.3225
    7.50  501.20  -0.0548  0.3662  0.7176  0.7561  0.7517  0.6629  0.5903  0.5096  0.4359  0.5159  1.1433
    7.50  631.00  -0.2295  0.1836  0.4822  0.4650  0.4070  0.2886  0.2163  0.1729  0.1751  0.2572  0.9203
    7.50  794.30  -0.4321 -0.0269  0.2073  0.1219 -0.0002 -0.1528 -0.2194 -0.2124 -0.1129 -0.0327  0.6582
    7.75   10.00   1.2204  1.7279  2.3369  2.6202  2.8791  2.9835  3.0194  3.0153  2.8191  2.7032  2.6736
    7.75   12.60   1.2044  1.7109  2.3163  2.5968  2.8525  2.9535  2.9853  2.9765  2.7765  2.6658  2.6421
    7.75   15.90   1.1865  1.6917  2.2933  2.5708  2.8230  2.9206  2.9484  2.9348  2.7310  2.6256  2.6096
    7.75   20.00   1.1663  1.6703  2.2674  2.5416  2.7902  2.8842  2.9079  2.8897  2.6822  2.5820  2.5754
    7.75   25.10   1.1354  1.6378  2.2278  2.4978  2.7403  2.8288  2.8462  2.8184  2.6047  2.5146  2.5343
    7.75   31.60   1.0999  1.6007  2.1830  2.4479  2.6838  2.7662  2.7769  2.7387  2.5189  2.4395  2.4888
    7.75   39.80   1.0566  1.5557  2.1299  2.3873  2.6156  2.6899  2.6927  2.6422  2.4159  2.3488  2.4355
    7.75   50.10   1.0171  1.5021  2.0658  2.3159  2.5351  2.6011  2.5953  2.5307  2.2986  2.2453  2.3750
    7.75   63.10   0.9636  1.4408  1.9929  2.2332  2.4416  2.4971  2.4820  2.4044  2.1671  2.1284  2.3057
    7.75   79.40   0.9006  1.3722  1.9116  2.1408  2.3366  2.3812  2.3569  2.2668  2.0260  2.0023  2.2276
    7.75  100.00   0.8297  1.2966  1.8220  2.0390  2.2202  2.2538  2.2203  2.1180  1.8753  1.8673  2.1411
    7.75  125.90   0.7504  1.2121  1.7205  1.9218  2.0858  2.1060  2.0632  1.9519  1.7139  1.7205  2.0444
    7.75  158.50   0.6633  1.1204  1.6103  1.7943  1.9399  1.9460  1.8942  1.7750  1.5439  1.5651  1.9400
    7.75  199.50   0.5673  1.0195  1.4878  1.6509  1.7747  1.7655  1.7056  1.5825  1.3633  1.3989  1.8248
    7.75  251.20   0.4592  0.9067  1.3487  1.4853  1.5815  1.5541  1.4875  1.3669  1.1719  1.2183  1.6926
    7.75  316.20   0.3404  0.7827  1.1948  1.3010  1.3668  1.3201  1.2475  1.1331  0.9681  1.0250  1.5485
    7.75  398.10   0.2045  0.6418  1.0160  1.0834  1.1103  1.0396  0.9645  0.8682  0.7497  0.8137  1.3779
    7.75  501.20   0.0550  0.4865  0.8195  0.8448  0.8326  0.7386  0.6611  0.5826  0.5131  0.5850  1.1991
    7.75  631.00  -0.1205  0.3047  0.5847  0.5538  0.4884  0.3645  0.2881  0.2471  0.2536  0.3271  0.9761
    7.75  794.30  -0.3243  0.0947  0.3104  0.2118  0.0815 -0.0764 -0.1478 -0.1376 -0.0333  0.0373  0.7137
    8.00   10.00   1.3228  1.8069  2.3912  2.6598  2.9134  3.0151  3.0399  3.0244  2.8260  2.7179  2.7074
    8.00   12.60   1.3089  1.7920  2.3728  2.6391  2.8899  2.9887  3.0102  2.9909  2.7899  2.6858  2.6785
    8.00   15.90   1.2932  1.7753  2.3524  2.6159  2.8637  2.9595  2.9776  2.9547  2.7511  2.6510  2.6485
    8.00   20.00   1.2754  1.7563  2.3290  2.5897  2.8342  2.9269  2.9417  2.9153  2.7089  2.6129  2.6168
    8.00   25.10   1.2472  1.7267  2.2935  2.5498  2.7886  2.8763  2.8856  2.8508  2.6395  2.5519  2.5782
    8.00   31.60   1.2145  1.6924  2.2522  2.5036  2.7363  2.8182  2.8218  2.7781  2.5616  2.4833  2.5353
    8.00   39.80   1.1739  1.6501  2.2005  2.4461  2.6716  2.7461  2.7430  2.6884  2.4663  2.3984  2.4849
    8.00   50.10   1.1247  1.5990  2.1388  2.3779  2.5944  2.6613  2.6497  2.5828  2.3543  2.2996  2.4265
    8.00   63.10   1.0709  1.5398  2.0686  2.2974  2.5036  2.5603  2.5399  2.4612  2.2279  2.1876  2.3586
    8.00   79.40   1.0055  1.4732  1.9893  2.2069  2.4011  2.4470  2.4175  2.3271  2.0908  2.0650  2.2819
    8.00  100.00   0.9338  1.3995  1.9012  2.1063  2.2874  2.3215  2.2828  2.1811  1.9437  1.9322  2.1971
    8.00  125.90   0.8527  1.3159  1.8008  1.9906  2.1542  2.1756  2.1284  2.0175  1.7842  1.7873  2.1006
    8.00  158.50   0.7642  1.2251  1.6917  1.8644  2.0095  2.0174  1.9617  1.8426  1.6160  1.6335  1.9966
    8.00  199.50   0.6651  1.1244  1.5704  1.7223  1.8456  1.8380  1.7746  1.6513  1.4375  1.4682  1.8817
    8.00  251.20   0.5576  1.0134  1.4317  1.5575  1.6534  1.6275  1.5576  1.4377  1.2474  1.2901  1.7496
    8.00  316.20   0.4372  0.8905  1.2783  1.3739  1.4396  1.3943  1.3189  1.2057  1.0448  1.0987  1.6054
    8.00  398.10   0.2999  0.7503  1.1007  1.1569  1.1837  1.1148  1.0365  0.9418  0.8273  0.8874  1.4349
    8.00  501.20   0.1490  0.5953  0.9055  0.9189  0.9063  0.8146  0.7336  0.6571  0.5915  0.6587  1.2561
    8.00  631.00  -0.0279  0.4141  0.6705  0.6288  0.5631  0.4414  0.3616  0.3222  0.3326  0.4017  1.0330
    8.00  794.30  -0.2334  0.2042  0.3966  0.2870  0.1565  0.0010 -0.0735 -0.0621  0.0456  0.1129  0.7711
    8.25   10.00   1.4169  1.8823  2.4441  2.6960  2.9378  3.0290  3.0437  3.0185  2.8193  2.7204  2.7438
    8.25   12.60   1.4050  1.8695  2.4281  2.6778  2.9170  3.0056  3.0179  2.9894  2.7882  2.6925  2.7170
    8.25   15.90   1.3914  1.8549  2.4100  2.6572  2.8937  2.9796  2.9893  2.9577  2.7546  2.6620  2.6890
    8.25   20.00   1.3758  1.8381  2.3892  2.6338  2.8672  2.9504  2.9575  2.9228  2.7180  2.6283  2.6592
    8.25   25.10   1.3504  1.8114  2.3562  2.5976  2.8255  2.9042  2.9063  2.8649  2.6559  2.5733  2.6237
    8.25   31.60   1.3204  1.7799  2.3176  2.5551  2.7772  2.8508  2.8476  2.7987  2.5854  2.5104  2.5839
    8.25   39.80   1.2819  1.7397  2.2695  2.5004  2.7166  2.7833  2.7738  2.7154  2.4967  2.4323  2.5359
    8.25   50.10   1.2353  1.6913  2.2112  2.4353  2.6432  2.7016  2.6851  2.6159  2.3909  2.3392  2.4799
    8.25   63.10   1.1802  1.6342  2.1427  2.3585  2.5553  2.6044  2.5798  2.4981  2.2697  2.2309  2.4136
    8.25   79.40   1.1175  1.5694  2.0652  2.2706  2.4551  2.4940  2.4611  2.3677  2.1367  2.1118  2.3381
    8.25  100.00   1.0355  1.4969  1.9789  2.1720  2.3431  2.3712  2.3294  2.2248  1.9926  1.9819  2.2540
    8.25  125.90   0.9495  1.4149  1.8800  2.0573  2.2116  2.2271  2.1763  2.0640  1.8353  1.8391  2.1581
    8.25  158.50   0.8579  1.3256  1.7720  1.9319  2.0683  2.0704  2.0110  1.8917  1.6693  1.6873  2.0546
    8.25  199.50   0.7588  1.2271  1.6510  1.7907  1.9058  1.8923  1.8259  1.7022  1.4928  1.5235  1.9402
    8.25  251.20   0.6477  1.1159  1.5136  1.6269  1.7147  1.6828  1.6097  1.4901  1.3039  1.3464  1.8082
    8.25  316.20   0.5257  0.9934  1.3614  1.4443  1.5019  1.4505  1.3718  1.2594  1.1026  1.1560  1.6643
    8.25  398.10   0.3877  0.8541  1.1841  1.2285  1.2466  1.1719  1.0907  0.9967  0.8859  0.9460  1.4938
    8.25  501.20   0.2349  0.7004  0.9893  0.9916  0.9700  0.8726  0.7890  0.7130  0.6510  0.7186  1.3152
    8.25  631.00   0.0564  0.5198  0.7552  0.7013  0.6269  0.4997  0.4181  0.3787  0.3927  0.4623  1.0919
    8.25  794.30  -0.1505  0.3109  0.4820  0.3600  0.2228  0.0609 -0.0164 -0.0043  0.1076  0.1741  0.8310
    8.50   10.00   1.5033  1.9546  2.4959  2.7356  2.9647  3.0450  3.0518  3.0159  2.8166  2.7286  2.7838
    8.50   12.60   1.4928  1.9432  2.4818  2.7195  2.9460  3.0244  3.0289  2.9906  2.7896  2.7043  2.7583
    8.50   15.90   1.4808  1.9303  2.4658  2.7010  2.9249  3.0011  3.0035  2.9628  2.7600  2.6776  2.7316
    8.50   20.00   1.4668  1.9152  2.4470  2.6797  2.9007  2.9748  2.9750  2.9319  2.7275  2.6478  2.7031
    8.50   25.10   1.4439  1.8910  2.4172  2.6461  2.8627  2.9324  2.9284  2.8797  2.6715  2.5982  2.6699
    8.50   31.60   1.4165  1.8622  2.3818  2.6064  2.8182  2.8830  2.8744  2.8193  2.6073  2.5410  2.6325
    8.50   39.80   1.3810  1.8251  2.3362  2.5566  2.7615  2.8202  2.8057  2.7418  2.5256  2.4687  2.5878
    8.50   50.10   1.3370  1.7793  2.2821  2.4947  2.6910  2.7428  2.7210  2.6474  2.4269  2.3802  2.5333
    8.50   63.10   1.2839  1.7242  2.2152  2.4193  2.6057  2.6487  2.6196  2.5350  2.3099  2.2772  2.4686
    8.50   79.40   1.2232  1.6616  2.1393  2.3336  2.5082  2.5413  2.5045  2.4091  2.1813  2.1621  2.3945
    8.50  100.00   1.1551  1.5912  2.0547  2.2373  2.3991  2.4212  2.3763  2.2700  2.0412  2.0353  2.3120
    8.50  125.90   1.0576  1.5102  1.9572  2.1245  2.2690  2.2787  2.2256  2.1113  1.8867  1.8950  2.2163
    8.50  158.50   0.9520  1.4219  1.8506  2.0008  2.1272  2.1238  2.0625  1.9411  1.7232  1.7455  2.1133
    8.50  199.50   0.8473  1.3243  1.7308  1.8608  1.9668  1.9476  1.8785  1.7537  1.5483  1.5837  1.9996
    8.50  251.20   0.7327  1.2145  1.5942  1.6978  1.7769  1.7393  1.6646  1.5437  1.3606  1.4077  1.8682
    8.50  316.20   0.6085  1.0932  1.4426  1.5161  1.5653  1.5082  1.4284  1.3147  1.1603  1.2181  1.7248
    8.50  398.10   0.4668  0.9540  1.2663  1.3013  1.3109  1.2304  1.1478  1.0526  0.9449  1.0092  1.5546
    8.50  501.20   0.3125  0.8002  1.0723  1.0654  1.0353  0.9319  0.8467  0.7695  0.7112  0.7826  1.3760
    8.50  631.00   0.1334  0.6215  0.8385  0.7758  0.6929  0.5602  0.4766  0.4369  0.4545  0.5273  1.1527
    8.50  794.30  -0.0746  0.4132  0.5667  0.4350  0.2890  0.1214  0.0432  0.0548  0.1702  0.2402  0.8919
    8.75   10.00   1.5673  2.0233  2.5474  2.7762  2.9924  3.0631  3.0628  3.0158  2.8159  2.7435  2.8252
    8.75   12.60   1.5579  2.0133  2.5349  2.7618  2.9759  3.0445  3.0425  2.9935  2.7922  2.7222  2.8011
    8.75   15.90   1.5473  2.0017  2.5205  2.7453  2.9571  3.0235  3.0198  2.9689  2.7662  2.6985  2.7757
    8.75   20.00   1.5347  1.9881  2.5035  2.7260  2.9353  2.9996  2.9941  2.9413  2.7373  2.6720  2.7485
    8.75   25.10   1.5140  1.9662  2.4760  2.6956  2.9004  2.9610  2.9518  2.8944  2.6875  2.6274  2.7177
    8.75   31.60   1.4889  1.9397  2.4433  2.6592  2.8590  2.9154  2.9023  2.8396  2.6295  2.5756  2.6825
    8.75   39.80   1.4559  1.9052  2.4011  2.6120  2.8056  2.8567  2.8381  2.7677  2.5540  2.5086  2.6402
    8.75   50.10   1.4144  1.8621  2.3497  2.5530  2.7389  2.7830  2.7589  2.6793  2.4614  2.4265  2.5879
    8.75   63.10   1.3638  1.8095  2.2856  2.4809  2.6573  2.6929  2.6614  2.5716  2.3498  2.3269  2.5253
    8.75   79.40   1.3050  1.7487  2.2121  2.3979  2.5630  2.5888  2.5498  2.4494  2.2257  2.2155  2.4531
    8.75  100.00   1.2382  1.6798  2.1294  2.3042  2.4563  2.4714  2.4246  2.3136  2.0897  2.0927  2.3718
    8.75  125.90   1.1617  1.6010  2.0331  2.1930  2.3282  2.3314  2.2756  2.1580  1.9379  1.9549  2.2768
    8.75  158.50   1.0776  1.5145  1.9277  2.0708  2.1881  2.1785  2.1145  1.9909  1.7768  1.8076  2.1743
    8.75  199.50   0.9277  1.4175  1.8092  1.9317  2.0288  2.0035  1.9334  1.8058  1.6040  1.6471  2.0609
    8.75  251.20   0.8031  1.3090  1.6738  1.7699  1.8399  1.7968  1.7205  1.5968  1.4185  1.4726  1.9297
    8.75  316.20   0.6732  1.1888  1.5234  1.5891  1.6291  1.5670  1.4855  1.3689  1.2200  1.2844  1.7863
    8.75  398.10   0.5292  1.0512  1.3479  1.3745  1.3758  1.2902  1.2063  1.1088  1.0053  1.0768  1.6163
    8.75  501.20   0.3718  0.8987  1.1545  1.1389  1.1011  0.9926  0.9062  0.8275  0.7722  0.8517  1.4380
    8.75  631.00   0.1892  0.7190  0.9213  0.8514  0.7600  0.6218  0.5372  0.4958  0.5168  0.5971  1.2149
    8.75  794.30  -0.0199  0.5121  0.6497  0.5114  0.3567  0.1837  0.1049  0.1146  0.2326  0.3103  0.9538
    9.00   10.00   1.6278  2.0886  2.5983  2.8188  3.0224  3.0830  3.0772  3.0182  2.8181  2.7644  2.8697
    9.00   12.60   1.6196  2.0797  2.5870  2.8060  3.0076  3.0664  3.0592  2.9986  2.7974  2.7457  2.8465
    9.00   15.90   1.6100  2.0693  2.5739  2.7911  2.9905  3.0473  3.0388  2.9770  2.7745  2.7249  2.8221
    9.00   20.00   1.5988  2.0571  2.5583  2.7737  2.9706  3.0255  3.0156  2.9525  2.7489  2.7013  2.7960
    9.00   25.10   1.5801  2.0372  2.5334  2.7459  2.9386  2.9903  2.9769  2.9100  2.7038  2.6610  2.7670
    9.00   31.60   1.5573  2.0131  2.5034  2.7124  2.9005  2.9484  2.9314  2.8600  2.6510  2.6136  2.7338
    9.00   39.80   1.5268  1.9811  2.4643  2.6683  2.8507  2.8937  2.8721  2.7943  2.5821  2.5520  2.6936
    9.00   50.10   1.4873  1.9401  2.4155  2.6120  2.7879  2.8244  2.7969  2.7104  2.4955  2.4745  2.6443
    9.00   63.10   1.4389  1.8899  2.3542  2.5433  2.7096  2.7376  2.7036  2.6079  2.3890  2.3800  2.5835
    9.00   79.40   1.3827  1.8316  2.2829  2.4627  2.6177  2.6367  2.5956  2.4905  2.2695  2.2728  2.5124
    9.00  100.00   1.3182  1.7652  2.2018  2.3704  2.5127  2.5224  2.4734  2.3590  2.1372  2.1535  2.4318
    9.00  125.90   1.2427  1.6875  2.1075  2.2618  2.3878  2.3838  2.3282  2.2060  1.9886  2.0184  2.3388
    9.00  158.50   1.1599  1.6023  2.0037  2.1417  2.2502  2.2325  2.1701  2.0412  1.8305  1.8737  2.2376
    9.00  199.50   1.0672  1.5072  1.8861  2.0038  2.0916  2.0605  1.9898  1.8583  1.6599  1.7156  2.1245
    9.00  251.20   0.8990  1.3996  1.7516  1.8432  1.9042  1.8549  1.7786  1.6516  1.4756  1.5429  1.9934
    9.00  316.20   0.7467  1.2804  1.6020  1.6637  1.6947  1.6262  1.5451  1.4257  1.2785  1.3563  1.8502
    9.00  398.10   0.5936  1.1435  1.4274  1.4506  1.4421  1.3506  1.2669  1.1666  1.0656  1.1497  1.6799
    9.00  501.20   0.4310  0.9921  1.2350  1.2164  1.1680  1.0540  0.9682  0.8861  0.8343  0.9252  1.5014
    9.00  631.00   0.2458  0.8142  1.0024  0.9282  0.8280  0.6842  0.6006  0.5557  0.5793  0.6717  1.2790
    9.00  794.30   0.0326  0.6068  0.7314  0.5892  0.4250  0.2471  0.1687  0.1758  0.2959  0.3856  1.0178
