Western North America median offshore ground motion CLASS C, distance is Rhypo (depth 10 km) Log10 hazard values in cgs units  PGA 0.02 PGV 0.01. Mw 4.5 & 4.75 values extrapolated. Original file GMPEt_Woffshore_med.dat,provided by G Atkinson 20120807
      19      30      11        : nmag, ndist, nperiod
                      10       5       2       1     0.5  0.3003     0.2     0.1    0.05    0.02    0.01
                    0.62    0.62    0.62    0.62    0.58    0.54    0.53    0.53    0.53    0.53    0.62
    4.50   10.05  -2.5232 -1.0268  0.6229  1.4466  1.9799  2.0638  2.3250  2.6172  2.4473  2.2717  1.7005
    4.50   10.08  -2.5232 -1.0268  0.6229  1.4466  1.9799  2.0638  2.3250  2.6172  2.4473  2.2717  1.7005
    4.50   10.12  -2.5351 -1.0471  0.5924  1.4146  1.9481  2.0337  2.2916  2.5724  2.3937  2.2213  1.6662
    4.50   10.20  -2.5569 -1.0827  0.5387  1.3580  1.8911  1.9843  2.2336  2.4942  2.3005  2.1340  1.6058
    4.50   10.31  -2.5715 -1.1061  0.5019  1.3207  1.8545  1.9526  2.1967  2.4449  2.2426  2.0801  1.5656
    4.50   10.49  -2.6047 -1.1760  0.3997  1.2131  1.7571  1.8671  2.1043  2.3320  2.1241  1.9700  1.4546
    4.50   10.76  -2.6299 -1.2257  0.3257  1.1338  1.6853  1.8037  2.0356  2.2455  2.0297  1.8825  1.3736
    4.50   11.18  -2.6543 -1.2760  0.2520  1.0549  1.6135  1.7400  1.9667  2.1594  1.9349  1.7954  1.2927
    4.50   11.82  -2.6933 -1.3548  0.1411  0.9423  1.5105  1.6486  1.8682  2.0441  1.8164  1.6823  1.1743
    4.50   12.77  -2.7342 -1.4371  0.0253  0.8266  1.4041  1.5535  1.7670  1.9258  1.6945  1.5656  1.0507
    4.50   14.14  -2.7748 -1.5190 -0.0898  0.7115  1.2977  1.4585  1.6653  1.8066  1.5732  1.4491  0.9278
    4.50   16.08  -2.8283 -1.6171 -0.2268  0.5745  1.1730  1.3464  1.5458  1.6687  1.4336  1.3140  0.7882
    4.50   18.74  -2.8841 -1.7178 -0.3682  0.4336  1.0441  1.2307  1.4224  1.5265  1.2895  1.1744  0.6456
    4.50   22.32  -2.9496 -1.8275 -0.5109  0.2847  0.9023  1.1044  1.2881  1.3731  1.1301  1.0251  0.4899
    4.50   27.04  -3.0195 -1.9448 -0.6647  0.1272  0.7567  0.9690  1.1472  1.2079  0.9679  0.8674  0.3280
    4.50   33.16  -3.0920 -2.0657 -0.8275 -0.0348  0.6033  0.8198  0.9888  1.0340  0.7835  0.6954  0.1587
    4.50   41.05  -3.1716 -2.1930 -0.9926 -0.1985  0.4413  0.6722  0.8254  0.8475  0.6010  0.5111 -0.0105
    4.50   51.11  -3.2582 -2.3262 -1.1652 -0.3782  0.2724  0.5088  0.6502  0.6439  0.3950  0.3163 -0.1926
    4.50   63.89  -3.3472 -2.4586 -1.3388 -0.5575  0.0931  0.3324  0.4595  0.4255  0.1751  0.1007 -0.3782
    4.50   80.06  -3.4401 -2.5976 -1.5219 -0.7499 -0.0953  0.1453  0.2527  0.1896 -0.0629 -0.1288 -0.5749
    4.50  100.50  -3.5037 -2.7124 -1.6701 -0.9109 -0.2625 -0.0233  0.0634 -0.0328 -0.2819 -0.3471 -0.7432
    4.50  126.29  -3.5307 -2.7849 -1.7816 -1.0341 -0.3944 -0.1659 -0.1062 -0.2442 -0.4977 -0.5542 -0.8729
    4.50  158.81  -3.5615 -2.8632 -1.9028 -1.1688 -0.5445 -0.3290 -0.3035 -0.4835 -0.7416 -0.7933 -1.0150
    4.50  199.78  -3.5939 -2.9461 -2.0290 -1.3137 -0.7085 -0.5157 -0.5301 -0.7621 -1.0225 -1.0667 -1.1672
    4.50  251.39  -3.6445 -3.0360 -2.1644 -1.4764 -0.9032 -0.7399 -0.8019 -1.0964 -1.3538 -1.3909 -1.3377
    4.50  316.39  -3.6984 -3.1415 -2.3104 -1.6601 -1.1330 -1.0143 -1.1329 -1.5012 -1.7653 -1.7964 -1.5198
    4.50  398.24  -3.7702 -3.2559 -2.4823 -1.8661 -1.3938 -1.3274 -1.5297 -1.9859 -2.2450 -2.2770 -1.7295
    4.50  501.29  -3.8583 -3.3930 -2.6613 -2.1020 -1.7054 -1.7258 -2.0180 -2.5762 -2.8419 -2.8594 -1.9722
    4.50  631.04  -3.9793 -3.5596 -2.8837 -2.3938 -2.1129 -2.2437 -2.6652 -3.3618 -3.6299 -3.6440 -2.2708
    4.50  794.39  -4.1124 -3.7400 -3.1191 -2.7070 -2.5526 -2.8098 -3.3718 -4.2202 -4.4911 -4.5002 -2.5907
    4.75   10.05  -2.1257 -0.7215  0.8192  1.5799  2.0748  2.1743  2.4093  2.6680  2.4988  2.3219  1.8023
    4.75   10.08  -2.1257 -0.7215  0.8192  1.5799  2.0748  2.1743  2.4093  2.6680  2.4988  2.3219  1.8023
    4.75   10.12  -2.1336 -0.7350  0.7988  1.5585  2.0537  2.1542  2.3871  2.6381  2.4630  2.2883  1.7794
    4.75   10.20  -2.1515 -0.7651  0.7538  1.5109  2.0057  2.1118  2.3381  2.5722  2.3843  2.2144  1.7287
    4.75   10.31  -2.1656 -0.7888  0.7177  1.4735  1.9688  2.0787  2.3006  2.5220  2.3248  2.1588  1.6887
    4.75   10.49  -2.1950 -0.8500  0.6283  1.3796  1.8829  2.0027  2.2183  2.4210  2.2176  2.0588  1.5913
    4.75   10.76  -2.2201 -0.8999  0.5546  1.3016  1.8113  1.9391  2.1496  2.3351  2.1244  1.9723  1.5107
    4.75   11.18  -2.2442 -0.9494  0.4822  1.2250  1.7409  1.8764  2.0818  2.2507  2.0325  1.8872  1.4313
    4.75   11.82  -2.2801 -1.0217  0.3802  1.1212  1.6457  1.7917  1.9908  2.1437  1.9220  1.7822  1.3222
    4.75   12.77  -2.3197 -1.1010  0.2691  1.0094  1.5431  1.7000  1.8935  2.0304  1.8055  1.6712  1.2036
    4.75   14.14  -2.3587 -1.1796  0.1590  0.8988  1.4412  1.6090  1.7965  1.9173  1.6902  1.5610  1.0862
    4.75   16.08  -2.4087 -1.2718  0.0311  0.7707  1.3242  1.5036  1.6844  1.7883  1.5596  1.4353  0.9544
    4.75   18.74  -2.4611 -1.3670 -0.1011  0.6390  1.2032  1.3946  1.5686  1.6552  1.4249  1.3054  0.8193
    4.75   22.32  -2.5212 -1.4696 -0.2361  0.4996  1.0712  1.2759  1.4426  1.5115  1.2771  1.1659  0.6736
    4.75   27.04  -2.5856 -1.5785 -0.3792  0.3534  0.9353  1.1496  1.3101  1.3575  1.1249  1.0188  0.5225
    4.75   33.16  -2.6536 -1.6912 -0.5298  0.2024  0.7919  1.0113  1.1632  1.1946  0.9549  0.8583  0.3650
    4.75   41.05  -2.7265 -1.8091 -0.6830  0.0492  0.6412  0.8719  1.0100  1.0201  0.7824  0.6874  0.2059
    4.75   51.11  -2.8055 -1.9321 -0.8424 -0.1163  0.4838  0.7194  0.8459  0.8304  0.5914  0.5052  0.0370
    4.75   63.89  -2.8877 -2.0560 -1.0042 -0.2840  0.3165  0.5545  0.6668  0.6253  0.3852  0.3038 -0.1362
    4.75   80.06  -2.9735 -2.1856 -1.1734 -0.4611  0.1405  0.3786  0.4722  0.4032  0.1614  0.0873 -0.3190
    4.75  100.50  -3.0349 -2.2937 -1.3146 -0.6141 -0.0184  0.2168  0.2897  0.1891 -0.0508 -0.1221 -0.4782
    4.75  126.29  -3.0648 -2.3666 -1.4241 -0.7356 -0.1497  0.0746  0.1211 -0.0187 -0.2615 -0.3257 -0.6059
    4.75  158.81  -3.0988 -2.4450 -1.5419 -0.8679 -0.2981 -0.0887 -0.0751 -0.2563 -0.5020 -0.5611 -0.7450
    4.75  199.78  -3.1359 -2.5285 -1.6658 -1.0106 -0.4617 -0.2752 -0.3007 -0.5315 -0.7791 -0.8315 -0.8941
    4.75  251.39  -3.1883 -2.6207 -1.7992 -1.1704 -0.6542 -0.4988 -0.5721 -0.8629 -1.1083 -1.1544 -1.0609
    4.75  316.39  -3.2469 -2.7260 -1.9443 -1.3510 -0.8817 -0.7715 -0.9029 -1.2653 -1.5156 -1.5558 -1.2427
    4.75  398.24  -3.3217 -2.8421 -2.1110 -1.5541 -1.1413 -1.0868 -1.2984 -1.7465 -1.9936 -2.0324 -1.4502
    4.75  501.29  -3.4134 -2.9793 -2.2897 -1.7876 -1.4524 -1.4825 -1.7847 -2.3341 -2.5860 -2.6134 -1.6902
    4.75  631.04  -3.5377 -3.1469 -2.5095 -2.0775 -1.8576 -2.0006 -2.4314 -3.1176 -3.3711 -3.3945 -1.9862
    4.75  794.39  -3.6741 -3.3276 -2.7424 -2.3885 -2.2956 -2.5663 -3.1372 -3.9733 -4.2286 -4.2470 -2.3033
    5.00   10.05  -1.7281 -0.4161  1.0155  1.7132  2.1698  2.2847  2.4936  2.7187  2.5503  2.3721  1.9041
    5.00   10.08  -1.7281 -0.4161  1.0155  1.7132  2.1698  2.2847  2.4936  2.7187  2.5503  2.3721  1.9041
    5.00   10.12  -1.7321 -0.4229  1.0053  1.7025  2.1592  2.2746  2.4825  2.7038  2.5324  2.3553  1.8926
    5.00   10.20  -1.7461 -0.4476  0.9689  1.6638  2.1204  2.2392  2.4426  2.6502  2.4681  2.2948  1.8516
    5.00   10.31  -1.7596 -0.4715  0.9335  1.6263  2.0831  2.2048  2.4045  2.5991  2.4070  2.2374  1.8118
    5.00   10.49  -1.7853 -0.5240  0.8568  1.5462  2.0087  2.1382  2.3324  2.5099  2.3110  2.1477  1.7280
    5.00   10.76  -1.8102 -0.5741  0.7834  1.4694  1.9374  2.0745  2.2635  2.4246  2.2192  2.0620  1.6477
    5.00   11.18  -1.8341 -0.6228  0.7124  1.3951  1.8684  2.0128  2.1969  2.3420  2.1301  1.9790  1.5700
    5.00   11.82  -1.8668 -0.6886  0.6194  1.3001  1.7809  1.9347  2.1134  2.2433  2.0275  1.8821  1.4701
    5.00   12.77  -1.9051 -0.7649  0.5128  1.1923  1.6821  1.8465  2.0199  2.1350  1.9165  1.7768  1.3565
    5.00   14.14  -1.9427 -0.8402  0.4079  1.0860  1.5846  1.7595  1.9277  2.0279  1.8072  1.6729  1.2447
    5.00   16.08  -1.9890 -0.9266  0.2890  0.9670  1.4753  1.6609  1.8231  1.9079  1.6856  1.5566  1.1206
    5.00   18.74  -2.0380 -1.0162  0.1661  0.8444  1.3622  1.5586  1.7147  1.7839  1.5603  1.4364  0.9930
    5.00   22.32  -2.0929 -1.1117  0.0387  0.7145  1.2402  1.4473  1.5971  1.6499  1.4241  1.3066  0.8573
    5.00   27.04  -2.1517 -1.2122 -0.0937  0.5796  1.1140  1.3302  1.4730  1.5071  1.2819  1.1702  0.7170
    5.00   33.16  -2.2152 -1.3166 -0.2322  0.4397  0.9804  1.2028  1.3376  1.3553  1.1263  1.0213  0.5712
    5.00   41.05  -2.2813 -1.4253 -0.3735  0.2970  0.8412  1.0715  1.1946  1.1927  0.9638  0.8637  0.4223
    5.00   51.11  -2.3527 -1.5380 -0.5196  0.1456  0.6951  0.9300  1.0415  1.0168  0.7877  0.6940  0.2667
    5.00   63.89  -2.4283 -1.6533 -0.6695 -0.0104  0.5399  0.7765  0.8742  0.8251  0.5953  0.5068  0.1057
    5.00   80.06  -2.5070 -1.7736 -0.8249 -0.1724  0.3762  0.6120  0.6918  0.6168  0.3857  0.3035 -0.0630
    5.00  100.50  -2.5660 -1.8751 -0.9590 -0.3172  0.2256  0.4568  0.5160  0.4110  0.1803  0.1029 -0.2132
    5.00  126.29  -2.5989 -1.9482 -1.0666 -0.4371  0.0950  0.3151  0.3485  0.2067 -0.0253 -0.0972 -0.3389
    5.00  158.81  -2.6361 -2.0269 -1.1811 -0.5670 -0.0516  0.1515  0.1532 -0.0291 -0.2625 -0.3290 -0.4750
    5.00  199.78  -2.6779 -2.1109 -1.3025 -0.7075 -0.2148 -0.0347 -0.0712 -0.3009 -0.5357 -0.5963 -0.6210
    5.00  251.39  -2.7321 -2.2053 -1.4341 -0.8645 -0.4053 -0.2576 -0.3422 -0.6294 -0.8629 -0.9180 -0.7841
    5.00  316.39  -2.7955 -2.3105 -1.5781 -1.0419 -0.6303 -0.5287 -0.6729 -1.0294 -1.2659 -1.3152 -0.9657
    5.00  398.24  -2.8731 -2.4283 -1.7398 -1.2421 -0.8888 -0.8462 -1.0671 -1.5071 -1.7423 -1.7879 -1.1710
    5.00  501.29  -2.9685 -2.5655 -1.9181 -1.4732 -1.1994 -1.2392 -1.5514 -2.0921 -2.3300 -2.3673 -1.4082
    5.00  631.04  -3.0960 -2.7342 -2.1352 -1.7612 -1.6023 -1.7576 -2.1976 -2.8734 -3.1122 -3.1450 -1.7016
    5.00  794.39  -3.2357 -2.9151 -2.3657 -2.0700 -2.0386 -2.3227 -2.9027 -3.7264 -3.9661 -3.9938 -2.0160
    5.25   10.05  -1.3306 -0.1107  1.2118  1.8465  2.2648  2.3951  2.5780  2.7695  2.6018  2.4223  2.0059
    5.25   10.08  -1.3306 -0.1107  1.2118  1.8465  2.2648  2.3951  2.5780  2.7695  2.6018  2.4223  2.0059
    5.25   10.12  -1.3306 -0.1107  1.2118  1.8465  2.2648  2.3951  2.5780  2.7695  2.6018  2.4223  2.0059
    5.25   10.20  -1.3408 -0.1300  1.1840  1.8166  2.2350  2.3667  2.5471  2.7282  2.5519  2.3752  1.9744
    5.25   10.31  -1.3537 -0.1542  1.1493  1.7791  2.1975  2.3310  2.5083  2.6762  2.4892  2.3161  1.9349
    5.25   10.49  -1.3756 -0.1981  1.0854  1.7127  2.1345  2.2738  2.4464  2.5989  2.4045  2.2365  1.8647
    5.25   10.76  -1.4004 -0.2484  1.0123  1.6371  2.0635  2.2099  2.3775  2.5142  2.3140  2.1518  1.7847
    5.25   11.18  -1.4240 -0.2963  0.9426  1.5652  1.9958  2.1492  2.3119  2.4333  2.2277  2.0708  1.7086
    5.25   11.82  -1.4535 -0.3555  0.8586  1.4790  1.9161  2.0778  2.2359  2.3429  2.1331  1.9820  1.6181
    5.25   12.77  -1.4905 -0.4289  0.7566  1.3752  1.8211  1.9930  2.1463  2.2396  2.0275  1.8824  1.5094
    5.25   14.14  -1.5267 -0.5008  0.6568  1.2732  1.7281  1.9100  2.0589  2.1386  1.9241  1.7849  1.4032
    5.25   16.08  -1.5694 -0.5814  0.5469  1.1632  1.6264  1.8181  1.9617  2.0274  1.8116  1.6779  1.2868
    5.25   18.74  -1.6150 -0.6653  0.4333  1.0498  1.5213  1.7226  1.8609  1.9125  1.6957  1.5674  1.1667
    5.25   22.32  -1.6645 -0.7539  0.3135  0.9294  1.4092  1.6188  1.7516  1.7882  1.5711  1.4474  1.0410
    5.25   27.04  -1.7178 -0.8459  0.1918  0.8058  1.2926  1.5108  1.6359  1.6568  1.4389  1.3216  0.9116
    5.25   33.16  -1.7768 -0.9420  0.0655  0.6769  1.1690  1.3942  1.5119  1.5160  1.2977  1.1842  0.7774
    5.25   41.05  -1.8362 -1.0414 -0.0639  0.5447  1.0411  1.2711  1.3792  1.3653  1.1452  1.0400  0.6388
    5.25   51.11  -1.9000 -1.1439 -0.1968  0.4075  0.9064  1.1406  1.2371  1.2033  0.9841  0.8829  0.4964
    5.25   63.89  -1.9688 -1.2506 -0.3349  0.2631  0.7633  0.9986  1.0815  1.0249  0.8054  0.7099  0.3477
    5.25   80.06  -2.0405 -1.3616 -0.4763  0.1163  0.6119  0.8454  0.9113  0.8304  0.6101  0.5197  0.1929
    5.25  100.50  -2.0971 -1.4565 -0.6035 -0.0204  0.4696  0.6968  0.7423  0.6329  0.4114  0.3279  0.0518
    5.25  126.29  -2.1330 -1.5299 -0.7091 -0.1385  0.3397  0.5556  0.5758  0.4322  0.2109  0.1313 -0.0719
    5.25  158.81  -2.1734 -1.6088 -0.8202 -0.2661  0.1948  0.3918  0.3815  0.1980 -0.0229 -0.0968 -0.2050
    5.25  199.78  -2.2199 -1.6933 -0.9393 -0.4044  0.0320  0.2059  0.1582 -0.0704 -0.2923 -0.3611 -0.3479
    5.25  251.39  -2.2759 -1.7900 -1.0689 -0.5585 -0.1563 -0.0165 -0.1124 -0.3959 -0.6174 -0.6816 -0.5073
    5.25  316.39  -2.3440 -1.8950 -1.2120 -0.7328 -0.3790 -0.2859 -0.4429 -0.7936 -1.0162 -1.0746 -0.6886
    5.25  398.24  -2.4245 -2.0146 -1.3685 -0.9301 -0.6362 -0.6055 -0.8358 -1.2677 -1.4909 -1.5433 -0.8918
    5.25  501.29  -2.5236 -2.1518 -1.5465 -1.1587 -0.9465 -0.9959 -1.3181 -1.8500 -2.0740 -2.1213 -1.1261
    5.25  631.04  -2.6544 -2.3215 -1.7609 -1.4448 -1.3471 -1.5146 -1.9638 -2.6292 -2.8534 -2.8955 -1.4171
    5.25  794.39  -2.7974 -2.5027 -1.9890 -1.7515 -1.7815 -2.0792 -2.6681 -3.4795 -3.7036 -3.7407 -1.7286
    5.50   10.05  -0.9571  0.1749  1.3914  1.9702  2.3539  2.4945  2.6570  2.8120  2.6446  2.4659  2.1017
    5.50   10.08  -0.9571  0.1749  1.3914  1.9702  2.3539  2.4945  2.6570  2.8120  2.6446  2.4659  2.1017
    5.50   10.12  -0.9571  0.1749  1.3914  1.9702  2.3539  2.4945  2.6570  2.8120  2.6446  2.4659  2.1017
    5.50   10.20  -0.9580  0.1732  1.3891  1.9677  2.3515  2.4922  2.6544  2.8085  2.6404  2.4619  2.0991
    5.50   10.31  -0.9724  0.1454  1.3516  1.9257  2.3093  2.4520  2.6095  2.7496  2.5692  2.3960  2.0543
    5.50   10.49  -0.9889  0.1127  1.3057  1.8766  2.2616  2.4073  2.5604  2.6872  2.4972  2.3288  2.0019
    5.50   10.76  -1.0142  0.0607  1.2306  1.7991  2.1887  2.3418  2.4894  2.6011  2.4045  2.2420  1.9197
    5.50   11.18  -1.0377  0.0124  1.1606  1.7271  2.1212  2.2807  2.4235  2.5212  2.3186  2.1616  1.8433
    5.50   11.82  -1.0635 -0.0400  1.0860  1.6508  2.0500  2.2166  2.3548  2.4391  2.2318  2.0800  1.7623
    5.50   12.77  -1.0998 -0.1111  0.9875  1.5513  1.9587  2.1342  2.2691  2.3400  2.1316  1.9850  1.6573
    5.50   14.14  -1.1348 -0.1800  0.8922  1.4551  1.8703  2.0542  2.1860  2.2441  2.0347  1.8929  1.5556
    5.50   16.08  -1.1742 -0.2546  0.7907  1.3521  1.7757  1.9686  2.0957  2.1411  1.9315  1.7952  1.4476
    5.50   18.74  -1.2161 -0.3327  0.6854  1.2457  1.6774  1.8796  2.0013  2.0344  1.8245  1.6938  1.3357
    5.50   22.32  -1.2623 -0.4154  0.5754  1.1356  1.5737  1.7834  1.8997  1.9197  1.7097  1.5843  1.2180
    5.50   27.04  -1.3109 -0.4992  0.4634  1.0222  1.4660  1.6840  1.7936  1.7989  1.5888  1.4684  1.0999
    5.50   33.16  -1.3627 -0.5874  0.3482  0.9048  1.3536  1.5767  1.6794  1.6704  1.4598  1.3441  0.9768
    5.50   41.05  -1.4171 -0.6783  0.2298  0.7839  1.2371  1.4642  1.5582  1.5320  1.3210  1.2124  0.8504
    5.50   51.11  -1.4749 -0.7695  0.1090  0.6598  1.1131  1.3443  1.4266  1.3820  1.1739  1.0678  0.7198
    5.50   63.89  -1.5350 -0.8681 -0.0154  0.5302  0.9823  1.2126  1.2826  1.2180  1.0077  0.9084  0.5843
    5.50   80.06  -1.5987 -0.9685 -0.1438  0.3936  0.8435  1.0705  1.1250  1.0363  0.8266  0.7317  0.4432
    5.50  100.50  -1.6547 -1.0585 -0.2627  0.2675  0.7083  0.9288  0.9624  0.8475  0.6381  0.5487  0.3091
    5.50  126.29  -1.6921 -1.1330 -0.3658  0.1507  0.5800  0.7878  0.7967  0.6495  0.4402  0.3560  0.1884
    5.50  158.81  -1.7357 -1.2131 -0.4765  0.0261  0.4348  0.6254  0.6030  0.4186  0.2084  0.1305  0.0582
    5.50  199.78  -1.7860 -1.2991 -0.5924 -0.1090  0.2750  0.4402  0.3805  0.1517 -0.0571 -0.1309 -0.0830
    5.50  251.39  -1.8481 -1.3936 -0.7203 -0.2603  0.0880  0.2166  0.1106 -0.1705 -0.3801 -0.4493 -0.2399
    5.50  316.39  -1.9177 -1.5004 -0.8611 -0.4333 -0.1332 -0.0524 -0.2176 -0.5652 -0.7756 -0.8387 -0.4187
    5.50  398.24  -2.0017 -1.6215 -1.0148 -0.6277 -0.3900 -0.3712 -0.6095 -1.0369 -1.2458 -1.3052 -0.6200
    5.50  501.29  -2.1040 -1.7579 -1.1899 -0.8539 -0.6969 -0.7611 -1.0911 -1.6159 -1.8248 -1.8777 -0.8511
    5.50  631.04  -2.2385 -1.9283 -1.4019 -1.1370 -1.0973 -1.2786 -1.7359 -2.3929 -2.6014 -2.6498 -1.1396
    5.50  794.39  -2.3848 -2.1105 -1.6273 -1.4409 -1.5306 -1.8427 -2.4389 -3.2403 -3.4486 -3.4925 -1.4485
    5.75   10.05  -0.6117  0.4359  1.5569  2.0835  2.4402  2.5853  2.7273  2.8458  2.6788  2.5045  2.1903
    5.75   10.08  -0.6117  0.4359  1.5569  2.0835  2.4402  2.5853  2.7273  2.8458  2.6788  2.5045  2.1903
    5.75   10.12  -0.6117  0.4359  1.5569  2.0835  2.4402  2.5853  2.7273  2.8458  2.6788  2.5045  2.1903
    5.75   10.20  -0.6117  0.4359  1.5569  2.0835  2.4402  2.5853  2.7273  2.8458  2.6788  2.5045  2.1903
    5.75   10.31  -0.6160  0.4276  1.5449  2.0706  2.4275  2.5730  2.7134  2.8275  2.6567  2.4838  2.1765
    5.75   10.49  -0.6298  0.4008  1.5063  2.0286  2.3863  2.5331  2.6685  2.7685  2.5852  2.4170  2.1324
    5.75   10.76  -0.6528  0.3536  1.4389  1.9583  2.3185  2.4716  2.6021  2.6871  2.4967  2.3342  2.0571
    5.75   11.18  -0.6774  0.3032  1.3667  1.8838  2.2470  2.4073  2.5332  2.6041  2.4084  2.2518  1.9774
    5.75   11.82  -0.6997  0.2570  1.3006  1.8156  2.1817  2.3485  2.4702  2.5279  2.3275  2.1762  1.9043
    5.75   12.77  -0.7354  0.1881  1.2059  1.7200  2.0936  2.2688  2.3868  2.4327  2.2312  2.0856  1.8027
    5.75   14.14  -0.7696  0.1214  1.1144  1.6278  2.0088  2.1917  2.3064  2.3413  2.1386  1.9982  1.7046
    5.75   16.08  -0.8059  0.0522  1.0206  1.5335  1.9213  2.1124  2.2236  2.2470  2.0440  1.9086  1.6041
    5.75   18.74  -0.8451 -0.0213  0.9224  1.4351  1.8292  2.0286  2.1364  2.1475  1.9453  1.8149  1.4992
    5.75   22.32  -0.8867 -0.0972  0.8213  1.3337  1.7340  1.9407  2.0427  2.0433  1.8407  1.7160  1.3915
    5.75   27.04  -0.9301 -0.1745  0.7190  1.2304  1.6366  1.8488  1.9451  1.9336  1.7315  1.6115  1.2831
    5.75   33.16  -0.9756 -0.2544  0.6140  1.1233  1.5342  1.7520  1.8412  1.8163  1.6149  1.4997  1.1695
    5.75   41.05  -1.0239 -0.3366  0.5085  1.0148  1.4267  1.6483  1.7291  1.6896  1.4879  1.3774  1.0552
    5.75   51.11  -1.0746 -0.4201  0.3983  0.9024  1.3154  1.5384  1.6090  1.5527  1.3525  1.2470  0.9371
    5.75   63.89  -1.1282 -0.5064  0.2867  0.7856  1.1967  1.4183  1.4764  1.4021  1.2030  1.1008  0.8142
    5.75   80.06  -1.1849 -0.5967  0.1726  0.6636  1.0700  1.2867  1.3300  1.2333  1.0348  0.9391  0.6867
    5.75  100.50  -1.2365 -0.6808  0.0616  0.5442  0.9422  1.1523  1.1742  1.0531  0.8554  0.7643  0.5625
    5.75  126.29  -1.2785 -0.7564 -0.0400  0.4309  0.8153  1.0117  1.0111  0.8592  0.6611  0.5751  0.4434
    5.75  158.81  -1.3266 -0.8372 -0.1475  0.3082  0.6725  0.8497  0.8183  0.6308  0.4332  0.3523  0.3148
    5.75  199.78  -1.3806 -0.9241 -0.2613  0.1763  0.5132  0.6638  0.5964  0.3663  0.1695  0.0937  0.1758
    5.75  251.39  -1.4431 -1.0198 -0.3864  0.0263  0.3276  0.4420  0.3283  0.0460 -0.1495 -0.2209  0.0208
    5.75  316.39  -1.5181 -1.1277 -0.5251 -0.1440  0.1073  0.1734  0.0003 -0.3460 -0.5415 -0.6078 -0.1551
    5.75  398.24  -1.6050 -1.2479 -0.6764 -0.3358 -0.1477 -0.1454 -0.3910 -0.8141 -1.0098 -1.0713 -0.3533
    5.75  501.29  -1.7109 -1.3857 -0.8505 -0.5597 -0.4532 -0.5351 -0.8719 -1.3909 -1.5851 -1.6428 -0.5825
    5.75  631.04  -1.8494 -1.5566 -1.0603 -0.8403 -0.8520 -1.0524 -1.5151 -2.1653 -2.3586 -2.4114 -0.8689
    5.75  794.39  -1.9996 -1.7391 -1.2833 -1.1415 -1.2832 -1.6156 -2.2165 -3.0098 -3.2023 -3.2502 -1.1756
    6.00   10.05  -0.2909  0.6771  1.7052  2.1887  2.5220  2.6682  2.7914  2.8711  2.7045  2.5369  2.2711
    6.00   10.08  -0.2909  0.6771  1.7052  2.1887  2.5220  2.6682  2.7914  2.8711  2.7045  2.5369  2.2711
    6.00   10.12  -0.2909  0.6771  1.7052  2.1887  2.5220  2.6682  2.7914  2.8711  2.7045  2.5369  2.2711
    6.00   10.20  -0.2909  0.6771  1.7052  2.1887  2.5220  2.6682  2.7914  2.8711  2.7045  2.5369  2.2711
    6.00   10.31  -0.2909  0.6771  1.7052  2.1887  2.5220  2.6682  2.7914  2.8711  2.7045  2.5369  2.2711
    6.00   10.49  -0.2971  0.6655  1.6882  2.1700  2.5030  2.6502  2.7713  2.8445  2.6724  2.5071  2.2520
    6.00   10.76  -0.3127  0.6358  1.6454  2.1229  2.4563  2.6061  2.7222  2.7804  2.5959  2.4364  2.2036
    6.00   11.18  -0.3405  0.5795  1.5658  2.0403  2.3767  2.5338  2.6448  2.6889  2.4990  2.3453  2.1142
    6.00   11.82  -0.3646  0.5310  1.4969  1.9689  2.3078  2.4713  2.5780  2.6098  2.4151  2.2665  2.0369
    6.00   12.77  -0.3947  0.4712  1.4143  1.8851  2.2295  2.4004  2.5030  2.5241  2.3273  2.1842  1.9471
    6.00   14.14  -0.4281  0.4056  1.3245  1.7950  2.1463  2.3248  2.4241  2.4351  2.2380  2.1008  1.8509
    6.00   16.08  -0.4612  0.3412  1.2369  1.7074  2.0652  2.2508  2.3466  2.3480  2.1509  2.0190  1.7570
    6.00   18.74  -0.4975  0.2723  1.1452  1.6160  1.9791  2.1711  2.2635  2.2556  2.0597  1.9326  1.6578
    6.00   22.32  -0.5354  0.2032  1.0529  1.5233  1.8920  2.0904  2.1800  2.1604  1.9655  1.8437  1.5590
    6.00   27.04  -0.5735  0.1315  0.9602  1.4286  1.8029  2.0069  2.0912  2.0608  1.8670  1.7502  1.4591
    6.00   33.16  -0.6150  0.0588  0.8662  1.3334  1.7105  1.9190  1.9968  1.9554  1.7621  1.6496  1.3573
    6.00   41.05  -0.6555 -0.0145  0.7705  1.2345  1.6141  1.8251  1.8945  1.8399  1.6477  1.5409  1.2546
    6.00   51.11  -0.6991 -0.0888  0.6737  1.1357  1.5137  1.7251  1.7855  1.7158  1.5245  1.4227  1.1489
    6.00   63.89  -0.7455 -0.1659  0.5743  1.0317  1.4059  1.6165  1.6647  1.5783  1.3880  1.2903  1.0383
    6.00   80.06  -0.7959 -0.2460  0.4725  0.9235  1.2920  1.4965  1.5298  1.4244  1.2360  1.1405  0.9238
    6.00  100.50  -0.8438 -0.3251  0.3702  0.8134  1.1714  1.3683  1.3832  1.2531  1.0651  0.9765  0.8074
    6.00  126.29  -0.8902 -0.4013  0.2720  0.7025  1.0468  1.2271  1.2202  1.0599  0.8749  0.7901  0.6905
    6.00  158.81  -0.9415 -0.4821  0.1665  0.5822  0.9050  1.0658  1.0280  0.8356  0.6501  0.5698  0.5651
    6.00  199.78  -0.9990 -0.5696  0.0539  0.4516  0.7466  0.8811  0.8061  0.5728  0.3890  0.3128  0.4274
    6.00  251.39  -1.0651 -0.6668 -0.0689  0.3042  0.5621  0.6592  0.5393  0.2569  0.0746  0.0021  0.2761
    6.00  316.39  -1.1436 -0.7744 -0.2050  0.1357  0.3451  0.3914  0.2115 -0.1337 -0.3149 -0.3818  0.1028
    6.00  398.24  -1.2353 -0.8955 -0.3548 -0.0531  0.0907  0.0727 -0.1780 -0.5989 -0.7805 -0.8413 -0.0935
    6.00  501.29  -1.3433 -1.0340 -0.5253 -0.2745 -0.2142 -0.3166 -0.6568 -1.1736 -1.3527 -1.4103 -0.3202
    6.00  631.04  -1.4858 -1.2057 -0.7335 -0.5531 -0.6110 -0.8333 -1.2999 -1.9443 -2.1224 -2.1761 -0.6033
    6.00  794.39  -1.6395 -1.3888 -0.9546 -0.8517 -1.0406 -1.3959 -2.0009 -2.7853 -2.9624 -3.0118 -0.9071
    6.25   10.05  -0.0010  0.8951  1.8353  2.2779  2.5956  2.7408  2.8459  2.8849  2.7192  2.5614  2.3440
    6.25   10.08  -0.0010  0.8951  1.8353  2.2779  2.5956  2.7408  2.8459  2.8849  2.7192  2.5614  2.3440
    6.25   10.12  -0.0010  0.8951  1.8353  2.2779  2.5956  2.7408  2.8459  2.8849  2.7192  2.5614  2.3440
    6.25   10.20  -0.0010  0.8951  1.8353  2.2779  2.5956  2.7408  2.8459  2.8849  2.7192  2.5614  2.3440
    6.25   10.31  -0.0010  0.8951  1.8353  2.2779  2.5956  2.7408  2.8459  2.8849  2.7192  2.5614  2.3440
    6.25   10.49  -0.0010  0.8951  1.8353  2.2779  2.5956  2.7408  2.8459  2.8849  2.7192  2.5614  2.3440
    6.25   10.76  -0.0070  0.8831  1.8175  2.2593  2.5757  2.7215  2.8245  2.8570  2.6854  2.5300  2.3232
    6.25   11.18  -0.0267  0.8433  1.7604  2.1995  2.5152  2.6638  2.7617  2.7785  2.5953  2.4465  2.2578
    6.25   11.82  -0.0551  0.7860  1.6810  2.1171  2.4357  2.5902  2.6842  2.6873  2.4994  2.3576  2.1687
    6.25   12.77  -0.0810  0.7342  1.6097  2.0435  2.3651  2.5250  2.6157  2.6075  2.4164  2.2805  2.0890
    6.25   14.14  -0.1161  0.6661  1.5187  1.9523  2.2797  2.4475  2.5349  2.5181  2.3285  2.1967  1.9907
    6.25   16.08  -0.1484  0.6037  1.4351  1.8687  2.2012  2.3762  2.4610  2.4362  2.2476  2.1199  1.9005
    6.25   18.74  -0.1834  0.5368  1.3482  1.7815  2.1193  2.3014  2.3819  2.3496  2.1622  2.0401  1.8064
    6.25   22.32  -0.2180  0.4714  1.2630  1.6959  2.0385  2.2265  2.3031  2.2626  2.0759  1.9595  1.7143
    6.25   27.04  -0.2531  0.4066  1.1777  1.6108  1.9567  2.1488  2.2221  2.1728  1.9862  1.8751  1.6225
    6.25   33.16  -0.2891  0.3417  1.0929  1.5248  1.8730  2.0689  2.1375  2.0773  1.8920  1.7855  1.5298
    6.25   41.05  -0.3264  0.2758  1.0075  1.4374  1.7861  1.9835  2.0437  1.9724  1.7895  1.6872  1.4356
    6.25   51.11  -0.3643  0.2092  0.9215  1.3479  1.6958  1.8930  1.9439  1.8597  1.6786  1.5810  1.3408
    6.25   63.89  -0.4050  0.1410  0.8338  1.2573  1.6001  1.7943  1.8342  1.7346  1.5557  1.4623  1.2430
    6.25   80.06  -0.4475  0.0698  0.7431  1.1592  1.4964  1.6848  1.7100  1.5922  1.4145  1.3254  1.1401
    6.25  100.50  -0.4933 -0.0035  0.6504  1.0578  1.3844  1.5624  1.5697  1.4309  1.2535  1.1688  1.0327
    6.25  126.29  -0.5426 -0.0804  0.5530  0.9494  1.2596  1.4239  1.4077  1.2413  1.0664  0.9863  0.9182
    6.25  158.81  -0.5979 -0.1627  0.4492  0.8313  1.1188  1.2620  1.2168  1.0176  0.8452  0.7693  0.7942
    6.25  199.78  -0.6580 -0.2511  0.3387  0.7024  0.9616  1.0757  0.9951  0.7574  0.5860  0.5144  0.6597
    6.25  251.39  -0.7295 -0.3490  0.2180  0.5576  0.7793  0.8544  0.7290  0.4430  0.2736  0.2050  0.5090
    6.25  316.39  -0.8118 -0.4576  0.0847  0.3931  0.5626  0.5867  0.4043  0.0563 -0.1111 -0.1746  0.3371
    6.25  398.24  -0.9055 -0.5795 -0.0638  0.2054  0.3110  0.2694  0.0143 -0.4065 -0.5734 -0.6326  0.1447
    6.25  501.29  -1.0178 -0.7181 -0.2321 -0.0132  0.0067 -0.1200 -0.4645 -0.9781 -1.1432 -1.1983 -0.0797
    6.25  631.04  -1.1630 -0.8906 -0.4372 -0.2888 -0.3884 -0.6364 -1.1058 -1.7461 -1.9091 -1.9603 -0.3611
    6.25  794.39  -1.3199 -1.0746 -0.6558 -0.5847 -0.8163 -1.1985 -1.8048 -2.5840 -2.7456 -2.7924 -0.6627
    6.50   10.05   0.2941  1.1210  1.9777  2.3897  2.6927  2.8332  2.9217  2.9190  2.7535  2.6097  2.4377
    6.50   10.08   0.2941  1.1210  1.9777  2.3897  2.6927  2.8332  2.9217  2.9190  2.7535  2.6097  2.4377
    6.50   10.12   0.2941  1.1210  1.9777  2.3897  2.6927  2.8332  2.9217  2.9190  2.7535  2.6097  2.4377
    6.50   10.20   0.2941  1.1210  1.9777  2.3897  2.6927  2.8332  2.9217  2.9190  2.7535  2.6097  2.4377
    6.50   10.31   0.2941  1.1210  1.9777  2.3897  2.6927  2.8332  2.9217  2.9190  2.7535  2.6097  2.4377
    6.50   10.49   0.2941  1.1210  1.9777  2.3897  2.6927  2.8332  2.9217  2.9190  2.7535  2.6097  2.4377
    6.50   10.76   0.2941  1.1210  1.9777  2.3897  2.6927  2.8332  2.9217  2.9190  2.7535  2.6097  2.4377
    6.50   11.18   0.2882  1.1111  1.9639  2.3741  2.6771  2.8177  2.9046  2.8973  2.7275  2.5852  2.4212
    6.50   11.82   0.2589  1.0580  1.8918  2.2967  2.6006  2.7437  2.8252  2.8020  2.6202  2.4847  2.3379
    6.50   12.77   0.2250  0.9936  1.8060  2.2085  2.5144  2.6625  2.7401  2.7052  2.5195  2.3907  2.2424
    6.50   14.14   0.1862  0.9250  1.7167  2.1189  2.4282  2.5823  2.6570  2.6134  2.4270  2.3046  2.1447
    6.50   16.08   0.1449  0.8536  1.6244  2.0276  2.3411  2.5021  2.5746  2.5241  2.3385  2.2226  2.0456
    6.50   18.74   0.1045  0.7836  1.5355  1.9390  2.2573  2.4239  2.4941  2.4364  2.2538  2.1413  1.9494
    6.50   22.32   0.0647  0.7143  1.4485  1.8520  2.1742  2.3463  2.4136  2.3492  2.1695  2.0604  1.8552
    6.50   27.04   0.0248  0.6460  1.3628  1.7660  2.0900  2.2679  2.3305  2.2599  2.0814  1.9788  1.7627
    6.50   33.16  -0.0157  0.5790  1.2790  1.6804  2.0062  2.1853  2.2442  2.1648  1.9885  1.8911  1.6701
    6.50   41.05  -0.0565  0.5118  1.1947  1.5942  1.9194  2.0995  2.1510  2.0621  1.8884  1.7950  1.5774
    6.50   51.11  -0.0980  0.4443  1.1099  1.5078  1.8305  2.0098  2.0527  1.9525  1.7806  1.6914  1.4849
    6.50   63.89  -0.1408  0.3753  1.0243  1.4187  1.7362  1.9120  1.9446  1.8305  1.6614  1.5760  1.3879
    6.50   80.06  -0.1869  0.3038  0.9364  1.3242  1.6336  1.8029  1.8219  1.6917  1.5243  1.4431  1.2883
    6.50  100.50  -0.2355  0.2283  0.8453  1.2245  1.5241  1.6814  1.6830  1.5324  1.3670  1.2897  1.1835
    6.50  126.29  -0.2894  0.1511  0.7496  1.1187  1.4003  1.5414  1.5217  1.3460  1.1833  1.1115  1.0708
    6.50  158.81  -0.3475  0.0677  0.6485  1.0028  1.2616  1.3806  1.3314  1.1262  0.9649  0.8961  0.9487
    6.50  199.78  -0.4130 -0.0219  0.5396  0.8759  1.1040  1.1927  1.1118  0.8665  0.7075  0.6430  0.8160
    6.50  251.39  -0.4869 -0.1200  0.4219  0.7339  0.9229  0.9733  0.8453  0.5541  0.3982  0.3366  0.6677
    6.50  316.39  -0.5716 -0.2298  0.2909  0.5709  0.7076  0.7064  0.5211  0.1715  0.0161 -0.0398  0.4994
    6.50  398.24  -0.6696 -0.3518  0.1440  0.3859  0.4557  0.3878  0.1330 -0.2901 -0.4421 -0.4956  0.3077
    6.50  501.29  -0.7849 -0.4917 -0.0226  0.1688  0.1559 -0.0001 -0.3457 -0.8582 -1.0088 -1.0587  0.0859
    6.50  631.04  -0.9342 -0.6653 -0.2261 -0.1044 -0.2392 -0.5160 -0.9860 -1.6236 -1.7717 -1.8175 -0.1933
    6.50  794.39  -1.0950 -0.8503 -0.4424 -0.3974 -0.6666 -1.0774 -1.6841 -2.4589 -2.6048 -2.6463 -0.4928
    6.75   10.05   0.5681  1.3347  2.1135  2.4982  2.7939  2.9257  3.0003  2.9540  2.7894  2.6612  2.5343
    6.75   10.08   0.5681  1.3347  2.1135  2.4982  2.7939  2.9257  3.0003  2.9540  2.7894  2.6612  2.5343
    6.75   10.12   0.5681  1.3347  2.1135  2.4982  2.7939  2.9257  3.0003  2.9540  2.7894  2.6612  2.5343
    6.75   10.20   0.5681  1.3347  2.1135  2.4982  2.7939  2.9257  3.0003  2.9540  2.7894  2.6612  2.5343
    6.75   10.31   0.5681  1.3347  2.1135  2.4982  2.7939  2.9257  3.0003  2.9540  2.7894  2.6612  2.5343
    6.75   10.49   0.5681  1.3347  2.1135  2.4982  2.7939  2.9257  3.0003  2.9540  2.7894  2.6612  2.5343
    6.75   10.76   0.5681  1.3347  2.1135  2.4982  2.7939  2.9257  3.0003  2.9540  2.7894  2.6612  2.5343
    6.75   11.18   0.5681  1.3347  2.1135  2.4982  2.7939  2.9257  3.0003  2.9540  2.7894  2.6612  2.5343
    6.75   11.82   0.5680  1.3344  2.1131  2.4980  2.7936  2.9253  2.9999  2.9534  2.7888  2.6606  2.5338
    6.75   12.77   0.5273  1.2651  2.0233  2.4031  2.6969  2.8305  2.8990  2.8344  2.6558  2.5371  2.4304
    6.75   14.14   0.4825  1.1905  1.9278  2.3060  2.5991  2.7376  2.8025  2.7274  2.5456  2.4345  2.3240
    6.75   16.08   0.4290  1.1037  1.8210  2.1995  2.4972  2.6412  2.7044  2.6240  2.4442  2.3391  2.2080
    6.75   18.74   0.3802  1.0249  1.7247  2.1036  2.4057  2.5550  2.6166  2.5318  2.3549  2.2544  2.1036
    6.75   22.32   0.3307  0.9474  1.6312  2.0103  2.3154  2.4703  2.5296  2.4400  2.2666  2.1706  2.0028
    6.75   27.04   0.2835  0.8731  1.5416  1.9213  2.2284  2.3867  2.4429  2.3474  2.1759  2.0856  1.9060
    6.75   33.16   0.2386  0.8007  1.4546  1.8343  2.1420  2.3014  2.3542  2.2522  2.0835  1.9980  1.8115
    6.75   41.05   0.1906  0.7292  1.3691  1.7473  2.0532  2.2136  2.2593  2.1503  1.9847  1.9027  1.7177
    6.75   51.11   0.1440  0.6584  1.2850  1.6605  1.9631  2.1216  2.1585  2.0409  1.8785  1.8006  1.6243
    6.75   63.89   0.0963  0.5876  1.1999  1.5714  1.8685  2.0223  2.0497  1.9196  1.7604  1.6869  1.5290
    6.75   80.06   0.0457  0.5140  1.1128  1.4788  1.7671  1.9130  1.9275  1.7826  1.6259  1.5557  1.4296
    6.75  100.50  -0.0071  0.4392  1.0228  1.3812  1.6569  1.7908  1.7885  1.6252  1.4713  1.4056  1.3254
    6.75  126.29  -0.0644  0.3601  0.9287  1.2762  1.5349  1.6517  1.6281  1.4427  1.2913  1.2292  1.2162
    6.75  158.81  -0.1269  0.2765  0.8287  1.1628  1.3958  1.4901  1.4392  1.2239  1.0759  1.0171  1.0940
    6.75  199.78  -0.1960  0.1847  0.7214  1.0368  1.2395  1.3017  1.2165  0.9652  0.8197  0.7649  0.9632
    6.75  251.39  -0.2736  0.0848  0.6053  0.8970  1.0595  1.0821  0.9522  0.6559  0.5135  0.4616  0.8176
    6.75  316.39  -0.3623 -0.0256  0.4764  0.7371  0.8461  0.8157  0.6302  0.2767  0.1364  0.0894  0.6513
    6.75  398.24  -0.4651 -0.1491  0.3313  0.5541  0.5953  0.4976  0.2404 -0.1831 -0.3207 -0.3649  0.4626
    6.75  501.29  -0.5846 -0.2907  0.1683  0.3391  0.2942  0.1103 -0.2361 -0.7500 -0.8848 -0.9254  0.2420
    6.75  631.04  -0.7361 -0.4645 -0.0327  0.0692 -0.0974 -0.4053 -0.8746 -1.5113 -1.6435 -1.6809 -0.0343
    6.75  794.39  -0.8995 -0.6493 -0.2469 -0.2209 -0.5216 -0.9660 -1.5705 -2.3423 -2.4718 -2.5059 -0.3308
    7.00   10.05   0.8192  1.5266  2.2343  2.5986  2.8915  3.0106  3.0704  2.9801  2.8165  2.7074  2.6236
    7.00   10.08   0.8192  1.5266  2.2343  2.5986  2.8915  3.0106  3.0704  2.9801  2.8165  2.7074  2.6236
    7.00   10.12   0.8192  1.5266  2.2343  2.5986  2.8915  3.0106  3.0704  2.9801  2.8165  2.7074  2.6236
    7.00   10.20   0.8192  1.5266  2.2343  2.5986  2.8915  3.0106  3.0704  2.9801  2.8165  2.7074  2.6236
    7.00   10.31   0.8192  1.5266  2.2343  2.5986  2.8915  3.0106  3.0704  2.9801  2.8165  2.7074  2.6236
    7.00   10.49   0.8192  1.5266  2.2343  2.5986  2.8915  3.0106  3.0704  2.9801  2.8165  2.7074  2.6236
    7.00   10.76   0.8192  1.5266  2.2343  2.5986  2.8915  3.0106  3.0704  2.9801  2.8165  2.7074  2.6236
    7.00   11.18   0.8192  1.5266  2.2343  2.5986  2.8915  3.0106  3.0704  2.9801  2.8165  2.7074  2.6236
    7.00   11.82   0.8192  1.5266  2.2343  2.5986  2.8915  3.0106  3.0704  2.9801  2.8165  2.7074  2.6236
    7.00   12.77   0.8192  1.5266  2.2343  2.5986  2.8915  3.0106  3.0704  2.9801  2.8165  2.7074  2.6236
    7.00   14.14   0.7774  1.4622  2.1523  2.5123  2.8023  2.9216  2.9783  2.8733  2.6983  2.5964  2.5300
    7.00   16.08   0.7157  1.3662  2.0373  2.3956  2.6849  2.8081  2.8615  2.7485  2.5717  2.4778  2.4018
    7.00   18.74   0.6456  1.2640  1.9165  2.2769  2.5673  2.6969  2.7496  2.6331  2.4612  2.3741  2.2714
    7.00   22.32   0.5843  1.1741  1.8119  2.1734  2.4660  2.6001  2.6511  2.5323  2.3651  2.2840  2.1583
    7.00   27.04   0.5268  1.0897  1.7147  2.0762  2.3704  2.5076  2.5571  2.4355  2.2717  2.1954  2.0531
    7.00   33.16   0.4721  1.0104  1.6232  1.9849  2.2797  2.4174  2.4645  2.3393  2.1769  2.1049  1.9539
    7.00   41.05   0.4189  0.9334  1.5351  1.8956  2.1876  2.3253  2.3655  2.2347  2.0793  2.0112  1.8573
    7.00   51.11   0.3652  0.8584  1.4489  1.8076  2.0963  2.2310  2.2644  2.1258  1.9733  1.9094  1.7622
    7.00   63.89   0.3118  0.7833  1.3639  1.7184  2.0003  2.1290  2.1532  2.0053  1.8564  1.7958  1.6662
    7.00   80.06   0.2552  0.7084  1.2764  1.6260  1.8989  2.0188  2.0310  1.8703  1.7246  1.6685  1.5670
    7.00  100.50   0.1988  0.6298  1.1856  1.5296  1.7886  1.8952  1.8915  1.7141  1.5721  1.5194  1.4644
    7.00  126.29   0.1367  0.5494  1.0941  1.4272  1.6665  1.7560  1.7314  1.5337  1.3938  1.3443  1.3539
    7.00  158.81   0.0701  0.4624  0.9960  1.3140  1.5296  1.5955  1.5437  1.3186  1.1823  1.1352  1.2350
    7.00  199.78  -0.0034  0.3706  0.8898  1.1891  1.3724  1.4060  1.3201  1.0595  0.9265  0.8840  1.1055
    7.00  251.39  -0.0849  0.2713  0.7752  1.0521  1.1933  1.1849  1.0558  0.7526  0.6233  0.5837  0.9614
    7.00  316.39  -0.1770  0.1598  0.6485  0.8946  0.9821  0.9201  0.7351  0.3764  0.2510  0.2144  0.7978
    7.00  398.24  -0.2833  0.0342  0.5052  0.7137  0.7321  0.6008  0.3471 -0.0809 -0.2042 -0.2362  0.6101
    7.00  501.29  -0.4073 -0.1081  0.3422  0.5013  0.4317  0.2113 -0.1303 -0.6449 -0.7664 -0.7937  0.3929
    7.00  631.04  -0.5631 -0.2821  0.1444  0.2338  0.0419 -0.3015 -0.7673 -1.4033 -1.5207 -1.5459  0.1189
    7.00  794.39  -0.7301 -0.4677 -0.0664 -0.0538 -0.3803 -0.8598 -1.4614 -2.2308 -2.3442 -2.3671 -0.1751
    7.25   10.05   1.0428  1.6984  2.3316  2.6816  2.9749  3.0808  3.1311  2.9972  2.8346  2.7449  2.7064
    7.25   10.08   1.0428  1.6984  2.3316  2.6816  2.9749  3.0808  3.1311  2.9972  2.8346  2.7449  2.7064
    7.25   10.12   1.0428  1.6984  2.3316  2.6816  2.9749  3.0808  3.1311  2.9972  2.8346  2.7449  2.7064
    7.25   10.20   1.0428  1.6984  2.3316  2.6816  2.9749  3.0808  3.1311  2.9972  2.8346  2.7449  2.7064
    7.25   10.31   1.0428  1.6984  2.3316  2.6816  2.9749  3.0808  3.1311  2.9972  2.8346  2.7449  2.7064
    7.25   10.49   1.0428  1.6984  2.3316  2.6816  2.9749  3.0808  3.1311  2.9972  2.8346  2.7449  2.7064
    7.25   10.76   1.0428  1.6984  2.3316  2.6816  2.9749  3.0808  3.1311  2.9972  2.8346  2.7449  2.7064
    7.25   11.18   1.0428  1.6984  2.3316  2.6816  2.9749  3.0808  3.1311  2.9972  2.8346  2.7449  2.7064
    7.25   11.82   1.0428  1.6984  2.3316  2.6816  2.9749  3.0808  3.1311  2.9972  2.8346  2.7449  2.7064
    7.25   12.77   1.0428  1.6984  2.3316  2.6816  2.9749  3.0808  3.1311  2.9972  2.8346  2.7449  2.7064
    7.25   14.14   1.0428  1.6984  2.3316  2.6816  2.9749  3.0808  3.1311  2.9972  2.8346  2.7449  2.7064
    7.25   16.08   1.0138  1.6567  2.2817  2.6274  2.9173  3.0213  3.0670  2.9262  2.7547  2.6700  2.6473
    7.25   18.74   0.9222  1.5264  2.1315  2.4761  2.7625  2.8689  2.9138  2.7671  2.5961  2.5214  2.4807
    7.25   22.32   0.8352  1.4059  1.9971  2.3431  2.6313  2.7421  2.7870  2.6413  2.4758  2.4093  2.3357
    7.25   27.04   0.7590  1.3038  1.8829  2.2315  2.5197  2.6328  2.6772  2.5318  2.3724  2.3100  2.2116
    7.25   33.16   0.6906  1.2100  1.7810  2.1295  2.4177  2.5320  2.5738  2.4274  2.2734  2.2169  2.1022
    7.25   41.05   0.6266  1.1247  1.6866  2.0357  2.3202  2.4330  2.4718  2.3217  2.1732  2.1203  1.9987
    7.25   51.11   0.5650  1.0431  1.5963  1.9444  2.2235  2.3333  2.3655  2.2107  2.0664  2.0176  1.8998
    7.25   63.89   0.5044  0.9632  1.5099  1.8536  2.1250  2.2284  2.2508  2.0895  1.9495  1.9038  1.8013
    7.25   80.06   0.4425  0.8840  1.4219  1.7617  2.0219  2.1162  2.1284  1.9545  1.8187  1.7766  1.7018
    7.25  100.50   0.3797  0.8030  1.3316  1.6651  1.9109  1.9906  1.9872  1.8003  1.6690  1.6299  1.5991
    7.25  126.29   0.3127  0.7192  1.2406  1.5624  1.7887  1.8497  1.8260  1.6198  1.4919  1.4568  1.4900
    7.25  158.81   0.2425  0.6313  1.1429  1.4516  1.6525  1.6883  1.6384  1.4075  1.2835  1.2512  1.3729
    7.25  199.78   0.1629  0.5366  1.0379  1.3287  1.4957  1.4972  1.4134  1.1482  1.0291  0.9998  1.2437
    7.25  251.39   0.0781  0.4352  0.9252  1.1931  1.3174  1.2772  1.1507  0.8448  0.7285  0.7023  1.1008
    7.25  316.39  -0.0180  0.3238  0.7998  1.0378  1.1064  1.0130  0.8320  0.4740  0.3611  0.3383  0.9395
    7.25  398.24  -0.1280  0.1963  0.6590  0.8581  0.8576  0.6933  0.4424  0.0165 -0.0923 -0.1121  0.7535
    7.25  501.29  -0.2558  0.0536  0.4985  0.6484  0.5592  0.3047 -0.0343 -0.5464 -0.6521 -0.6689  0.5382
    7.25  631.04  -0.4149 -0.1212  0.3022  0.3833  0.1706 -0.2088 -0.6693 -1.3005 -1.4023 -1.4163  0.2667
    7.25  794.39  -0.5851 -0.3073  0.0930  0.0984 -0.2502 -0.7668 -1.3610 -2.1234 -2.2211 -2.2323 -0.0245
    7.50   10.05   1.2414  1.8491  2.3809  2.7058  2.9895  3.1000  3.1386  3.0058  2.8427  2.7551  2.7823
    7.50   10.08   1.2414  1.8491  2.3809  2.7058  2.9895  3.1000  3.1386  3.0058  2.8427  2.7551  2.7823
    7.50   10.12   1.2414  1.8491  2.3809  2.7058  2.9895  3.1000  3.1386  3.0058  2.8427  2.7551  2.7823
    7.50   10.20   1.2414  1.8491  2.3809  2.7058  2.9895  3.1000  3.1386  3.0058  2.8427  2.7551  2.7823
    7.50   10.31   1.2414  1.8491  2.3809  2.7058  2.9895  3.1000  3.1386  3.0058  2.8427  2.7551  2.7823
    7.50   10.49   1.2414  1.8491  2.3809  2.7058  2.9895  3.1000  3.1386  3.0058  2.8427  2.7551  2.7823
    7.50   10.76   1.2414  1.8491  2.3809  2.7058  2.9895  3.1000  3.1386  3.0058  2.8427  2.7551  2.7823
    7.50   11.18   1.2414  1.8491  2.3809  2.7058  2.9895  3.1000  3.1386  3.0058  2.8427  2.7551  2.7823
    7.50   11.82   1.2414  1.8491  2.3809  2.7058  2.9895  3.1000  3.1386  3.0058  2.8427  2.7551  2.7823
    7.50   12.77   1.2414  1.8491  2.3809  2.7058  2.9895  3.1000  3.1386  3.0058  2.8427  2.7551  2.7823
    7.50   14.14   1.2414  1.8491  2.3809  2.7058  2.9895  3.1000  3.1386  3.0058  2.8427  2.7551  2.7823
    7.50   16.08   1.2414  1.8491  2.3809  2.7058  2.9895  3.1000  3.1386  3.0058  2.8427  2.7551  2.7823
    7.50   18.74   1.2361  1.8420  2.3729  2.6969  2.9797  3.0898  3.1281  2.9938  2.8291  2.7426  2.7725
    7.50   22.32   1.1141  1.6809  2.1922  2.5134  2.7878  2.8956  2.9332  2.7936  2.6254  2.5513  2.5704
    7.50   27.04   0.9991  1.5333  2.0356  2.3585  2.6322  2.7417  2.7816  2.6477  2.4894  2.4233  2.4002
    7.50   33.16   0.9052  1.4141  1.9100  2.2374  2.5071  2.6169  2.6563  2.5267  2.3756  2.3154  2.2661
    7.50   41.05   0.8246  1.3124  1.8033  2.1302  2.3974  2.5052  2.5432  2.4133  2.2688  2.2144  2.1480
    7.50   51.11   0.7498  1.2175  1.7048  2.0311  2.2914  2.3962  2.4281  2.2962  2.1598  2.1062  2.0409
    7.50   63.89   0.6804  1.1305  1.6136  1.9372  2.1887  2.2853  2.3112  2.1742  2.0428  1.9932  1.9383
    7.50   80.06   0.6108  1.0453  1.5235  1.8428  2.0829  2.1693  2.1830  2.0389  1.9113  1.8655  1.8358
    7.50  100.50   0.5407  0.9605  1.4321  1.7455  1.9697  2.0417  2.0419  1.8847  1.7623  1.7194  1.7321
    7.50  126.29   0.4690  0.8733  1.3407  1.6432  1.8473  1.8992  1.8793  1.7060  1.5888  1.5493  1.6228
    7.50  158.81   0.3913  0.7823  1.2427  1.5337  1.7097  1.7351  1.6900  1.4929  1.3803  1.3424  1.5056
    7.50  199.78   0.3082  0.6857  1.1388  1.4109  1.5525  1.5437  1.4638  1.2367  1.1282  1.0941  1.3763
    7.50  251.39   0.2180  0.5822  1.0272  1.2769  1.3747  1.3230  1.2014  0.9350  0.8305  0.7995  1.2363
    7.50  316.39   0.1182  0.4688  0.9042  1.1240  1.1682  1.0602  0.8862  0.5682  0.4681  0.4400  1.0774
    7.50  398.24   0.0036  0.3400  0.7647  0.9461  0.9174  0.7391  0.4950  0.1119  0.0161 -0.0096  0.8930
    7.50  501.29  -0.1281  0.1959  0.6062  0.7377  0.6188  0.3502  0.0183 -0.4501 -0.5417 -0.5644  0.6785
    7.50  631.04  -0.2907  0.0209  0.4131  0.4757  0.2326 -0.1616 -0.6145 -1.2005 -1.2873 -1.3071  0.4098
    7.50  794.39  -0.4643 -0.1654  0.2067  0.1939 -0.1854 -0.7176 -1.3036 -2.0187 -2.1007 -2.1179  0.1217
    7.75   10.05   1.4116  1.9775  2.4238  2.7228  2.9955  3.1128  3.1441  3.0138  2.8503  2.7620  2.8513
    7.75   10.08   1.4116  1.9775  2.4238  2.7228  2.9955  3.1128  3.1441  3.0138  2.8503  2.7620  2.8513
    7.75   10.12   1.4116  1.9775  2.4238  2.7228  2.9955  3.1128  3.1441  3.0138  2.8503  2.7620  2.8513
    7.75   10.20   1.4116  1.9775  2.4238  2.7228  2.9955  3.1128  3.1441  3.0138  2.8503  2.7620  2.8513
    7.75   10.31   1.4116  1.9775  2.4238  2.7228  2.9955  3.1128  3.1441  3.0138  2.8503  2.7620  2.8513
    7.75   10.49   1.4116  1.9775  2.4238  2.7228  2.9955  3.1128  3.1441  3.0138  2.8503  2.7620  2.8513
    7.75   10.76   1.4116  1.9775  2.4238  2.7228  2.9955  3.1128  3.1441  3.0138  2.8503  2.7620  2.8513
    7.75   11.18   1.4116  1.9775  2.4238  2.7228  2.9955  3.1128  3.1441  3.0138  2.8503  2.7620  2.8513
    7.75   11.82   1.4116  1.9775  2.4238  2.7228  2.9955  3.1128  3.1441  3.0138  2.8503  2.7620  2.8513
    7.75   12.77   1.4116  1.9775  2.4238  2.7228  2.9955  3.1128  3.1441  3.0138  2.8503  2.7620  2.8513
    7.75   14.14   1.4116  1.9775  2.4238  2.7228  2.9955  3.1128  3.1441  3.0138  2.8503  2.7620  2.8513
    7.75   16.08   1.4116  1.9775  2.4238  2.7228  2.9955  3.1128  3.1441  3.0138  2.8503  2.7620  2.8513
    7.75   18.74   1.4116  1.9775  2.4238  2.7228  2.9955  3.1128  3.1441  3.0138  2.8503  2.7620  2.8513
    7.75   22.32   1.4116  1.9775  2.4238  2.7228  2.9955  3.1128  3.1441  3.0138  2.8503  2.7620  2.8513
    7.75   27.04   1.2969  1.8332  2.2713  2.5658  2.8274  2.9388  2.9689  2.8406  2.6750  2.5965  2.6773
    7.75   33.16   1.1413  1.6450  2.0795  2.3784  2.6348  2.7453  2.7795  2.6648  2.5119  2.4421  2.4709
    7.75   41.05   1.0240  1.5051  1.9394  2.2417  2.4920  2.6006  2.6361  2.5286  2.3857  2.3221  2.3187
    7.75   51.11   0.9279  1.3907  1.8248  2.1285  2.3717  2.4746  2.5072  2.4027  2.2682  2.2089  2.1937
    7.75   63.89   0.8416  1.2895  1.7232  2.0254  2.2576  2.3536  2.3798  2.2746  2.1470  2.0916  2.0810
    7.75   80.06   0.7610  1.1951  1.6274  1.9262  2.1463  2.2300  2.2465  2.1357  2.0161  1.9639  1.9735
    7.75  100.50   0.6816  1.1034  1.5346  1.8269  2.0302  2.0981  2.0998  1.9817  1.8672  1.8183  1.8657
    7.75  126.29   0.6018  1.0111  1.4400  1.7233  1.9045  1.9521  1.9369  1.8028  1.6936  1.6475  1.7552
    7.75  158.81   0.5185  0.9163  1.3419  1.6125  1.7653  1.7850  1.7449  1.5890  1.4865  1.4425  1.6369
    7.75  199.78   0.4299  0.8166  1.2383  1.4909  1.6081  1.5919  1.5185  1.3341  1.2366  1.1950  1.5087
    7.75  251.39   0.3347  0.7106  1.1276  1.3580  1.4304  1.3700  1.2565  1.0343  0.9412  0.9026  1.3684
    7.75  316.39   0.2293  0.5953  1.0053  1.2077  1.2228  1.1069  0.9403  0.6702  0.5820  0.5464  1.2105
    7.75  398.24   0.1110  0.4655  0.8671  1.0303  0.9742  0.7857  0.5503  0.2162  0.1334  0.0996  1.0281
    7.75  501.29  -0.0258  0.3198  0.7100  0.8235  0.6756  0.3945  0.0721 -0.3451 -0.4235 -0.4543  0.8148
    7.75  631.04  -0.1919  0.1433  0.5183  0.5633  0.2911 -0.1160 -0.5580 -1.0904 -1.1639 -1.1917  0.5492
    7.75  794.39  -0.3687 -0.0443  0.3141  0.2841 -0.1242 -0.6698 -1.2433 -1.9025 -1.9711 -1.9960  0.2645
    8.00   10.05   1.5562  2.0855  2.4671  2.7391  3.0015  3.1253  3.1496  3.0221  2.8577  2.7687  2.9134
    8.00   10.08   1.5562  2.0855  2.4671  2.7391  3.0015  3.1253  3.1496  3.0221  2.8577  2.7687  2.9134
    8.00   10.12   1.5562  2.0855  2.4671  2.7391  3.0015  3.1253  3.1496  3.0221  2.8577  2.7687  2.9134
    8.00   10.20   1.5562  2.0855  2.4671  2.7391  3.0015  3.1253  3.1496  3.0221  2.8577  2.7687  2.9134
    8.00   10.31   1.5562  2.0855  2.4671  2.7391  3.0015  3.1253  3.1496  3.0221  2.8577  2.7687  2.9134
    8.00   10.49   1.5562  2.0855  2.4671  2.7391  3.0015  3.1253  3.1496  3.0221  2.8577  2.7687  2.9134
    8.00   10.76   1.5562  2.0855  2.4671  2.7391  3.0015  3.1253  3.1496  3.0221  2.8577  2.7687  2.9134
    8.00   11.18   1.5562  2.0855  2.4671  2.7391  3.0015  3.1253  3.1496  3.0221  2.8577  2.7687  2.9134
    8.00   11.82   1.5562  2.0855  2.4671  2.7391  3.0015  3.1253  3.1496  3.0221  2.8577  2.7687  2.9134
    8.00   12.77   1.5562  2.0855  2.4671  2.7391  3.0015  3.1253  3.1496  3.0221  2.8577  2.7687  2.9134
    8.00   14.14   1.5562  2.0855  2.4671  2.7391  3.0015  3.1253  3.1496  3.0221  2.8577  2.7687  2.9134
    8.00   16.08   1.5562  2.0855  2.4671  2.7391  3.0015  3.1253  3.1496  3.0221  2.8577  2.7687  2.9134
    8.00   18.74   1.5562  2.0855  2.4671  2.7391  3.0015  3.1253  3.1496  3.0221  2.8577  2.7687  2.9134
    8.00   22.32   1.5562  2.0855  2.4671  2.7391  3.0015  3.1253  3.1496  3.0221  2.8577  2.7687  2.9134
    8.00   27.04   1.5562  2.0855  2.4671  2.7391  3.0015  3.1253  3.1496  3.0221  2.8577  2.7687  2.9134
    8.00   33.16   1.4953  2.0126  2.3930  2.6630  2.9166  3.0356  3.0573  2.9331  2.7667  2.6829  2.8281
    8.00   41.05   1.2702  1.7539  2.1402  2.4153  2.6539  2.7658  2.7944  2.6973  2.5486  2.4767  2.5517
    8.00   51.11   1.1195  1.5824  1.9781  2.2566  2.4870  2.5921  2.6226  2.5388  2.4058  2.3381  2.3753
    8.00   63.89   1.0034  1.4528  1.8533  2.1329  2.3510  2.4467  2.4742  2.3958  2.2726  2.2099  2.2394
    8.00   80.06   0.9038  1.3412  1.7457  2.0235  2.2267  2.3114  2.3314  2.2517  2.1379  2.0785  2.1191
    8.00  100.50   0.8104  1.2377  1.6458  1.9178  2.1028  2.1689  2.1773  2.0943  1.9869  1.9313  2.0043
    8.00  126.29   0.7198  1.1381  1.5478  1.8117  1.9736  2.0184  2.0095  1.9144  1.8143  1.7608  1.8898
    8.00  158.81   0.6279  1.0376  1.4476  1.6990  1.8314  1.8480  1.8150  1.7014  1.6068  1.5568  1.7698
    8.00  199.78   0.5325  0.9334  1.3431  1.5771  1.6721  1.6521  1.5872  1.4466  1.3589  1.3095  1.6404
    8.00  251.39   0.4315  0.8243  1.2324  1.4440  1.4940  1.4288  1.3233  1.1475  1.0664  1.0192  1.5008
    8.00  316.39   0.3200  0.7059  1.1102  1.2932  1.2847  1.1615  1.0050  0.7831  0.7067  0.6631  1.3435
    8.00  398.24   0.1949  0.5735  0.9736  1.1188  1.0379  0.8415  0.6168  0.3341  0.2630  0.2210  1.1615
    8.00  501.29   0.0549  0.4261  0.8167  0.9133  0.7382  0.4487  0.1371 -0.2281 -0.2934 -0.3322  0.9490
    8.00  631.04  -0.1152  0.2487  0.6270  0.6569  0.3562 -0.0595 -0.4901 -0.9677 -1.0277 -1.0647  0.6850
    8.00  794.39  -0.2961  0.0603  0.4257  0.3820 -0.0559 -0.6100 -1.1712 -1.7725 -1.8268 -1.8629  0.4027
    8.25   10.05   1.6751  2.1723  2.5115  2.7564  3.0076  3.1394  3.1514  3.0303  2.8650  2.7754  2.9683
    8.25   10.08   1.6751  2.1723  2.5115  2.7564  3.0076  3.1394  3.1514  3.0303  2.8650  2.7754  2.9683
    8.25   10.12   1.6751  2.1723  2.5115  2.7564  3.0076  3.1394  3.1514  3.0303  2.8650  2.7754  2.9683
    8.25   10.20   1.6751  2.1723  2.5115  2.7564  3.0076  3.1394  3.1514  3.0303  2.8650  2.7754  2.9683
    8.25   10.31   1.6751  2.1723  2.5115  2.7564  3.0076  3.1394  3.1514  3.0303  2.8650  2.7754  2.9683
    8.25   10.49   1.6751  2.1723  2.5115  2.7564  3.0076  3.1394  3.1514  3.0303  2.8650  2.7754  2.9683
    8.25   10.76   1.6751  2.1723  2.5115  2.7564  3.0076  3.1394  3.1514  3.0303  2.8650  2.7754  2.9683
    8.25   11.18   1.6751  2.1723  2.5115  2.7564  3.0076  3.1394  3.1514  3.0303  2.8650  2.7754  2.9683
    8.25   11.82   1.6751  2.1723  2.5115  2.7564  3.0076  3.1394  3.1514  3.0303  2.8650  2.7754  2.9683
    8.25   12.77   1.6751  2.1723  2.5115  2.7564  3.0076  3.1394  3.1514  3.0303  2.8650  2.7754  2.9683
    8.25   14.14   1.6751  2.1723  2.5115  2.7564  3.0076  3.1394  3.1514  3.0303  2.8650  2.7754  2.9683
    8.25   16.08   1.6751  2.1723  2.5115  2.7564  3.0076  3.1394  3.1514  3.0303  2.8650  2.7754  2.9683
    8.25   18.74   1.6751  2.1723  2.5115  2.7564  3.0076  3.1394  3.1514  3.0303  2.8650  2.7754  2.9683
    8.25   22.32   1.6751  2.1723  2.5115  2.7564  3.0076  3.1394  3.1514  3.0303  2.8650  2.7754  2.9683
    8.25   27.04   1.6751  2.1723  2.5115  2.7564  3.0076  3.1394  3.1514  3.0303  2.8650  2.7754  2.9683
    8.25   33.16   1.6751  2.1723  2.5115  2.7564  3.0076  3.1394  3.1514  3.0303  2.8650  2.7754  2.9683
    8.25   41.05   1.6751  2.1723  2.5115  2.7564  3.0076  3.1394  3.1514  3.0303  2.8650  2.7754  2.9683
    8.25   51.11   1.4004  1.8698  2.2272  2.4774  2.7011  2.8150  2.8371  2.7533  2.6075  2.5303  2.6543
    8.25   63.89   1.1949  1.6486  2.0276  2.2835  2.4915  2.5932  2.6209  2.5614  2.4354  2.3654  2.4382
    8.25   80.06   1.0525  1.4965  1.8893  2.1453  2.3362  2.4243  2.4484  2.3975  2.2851  2.2185  2.2846
    8.25  100.50   0.9350  1.3725  1.7738  2.0261  2.1971  2.2673  2.2807  2.2321  2.1293  2.0662  2.1546
    8.25  126.29   0.8273  1.2577  1.6669  1.9123  2.0587  2.1056  2.1042  2.0477  1.9539  1.8936  2.0310
    8.25  158.81   0.7233  1.1485  1.5628  1.7970  1.9127  1.9301  1.9069  1.8359  1.7505  1.6928  1.9070
    8.25  199.78   0.6175  1.0374  1.4552  1.6729  1.7500  1.7297  1.6756  1.5810  1.5030  1.4470  1.7753
    8.25  251.39   0.5080  0.9231  1.3433  1.5391  1.5690  1.5021  1.4083  1.2820  1.2103  1.1569  1.6338
    8.25  316.39   0.3898  0.7999  1.2211  1.3880  1.3583  1.2323  1.0862  0.9156  0.8501  0.7990  1.4754
    8.25  398.24   0.2603  0.6664  1.0855  1.2151  1.1131  0.9121  0.7011  0.4704  0.4118  0.3631  1.2957
    8.25  501.29   0.1135  0.5146  0.9289  1.0095  0.8111  0.5155  0.2171 -0.0939 -0.1465 -0.1933  1.0822
    8.25  631.04  -0.0607  0.3355  0.7413  0.7556  0.4313  0.0088 -0.4065 -0.8268 -0.8733 -0.9186  0.8217
    8.25  794.39  -0.2445  0.1471  0.5425  0.4842  0.0225 -0.5385 -1.0819 -1.6234 -1.6631 -1.7073  0.5432
    8.50   10.05   1.7681  2.2388  2.5535  2.7731  3.0138  3.1531  3.1568  3.0383  2.8722  2.7819  3.0163
    8.50   10.08   1.7681  2.2388  2.5535  2.7731  3.0138  3.1531  3.1568  3.0383  2.8722  2.7819  3.0163
    8.50   10.12   1.7681  2.2388  2.5535  2.7731  3.0138  3.1531  3.1568  3.0383  2.8722  2.7819  3.0163
    8.50   10.20   1.7681  2.2388  2.5535  2.7731  3.0138  3.1531  3.1568  3.0383  2.8722  2.7819  3.0163
    8.50   10.31   1.7681  2.2388  2.5535  2.7731  3.0138  3.1531  3.1568  3.0383  2.8722  2.7819  3.0163
    8.50   10.49   1.7681  2.2388  2.5535  2.7731  3.0138  3.1531  3.1568  3.0383  2.8722  2.7819  3.0163
    8.50   10.76   1.7681  2.2388  2.5535  2.7731  3.0138  3.1531  3.1568  3.0383  2.8722  2.7819  3.0163
    8.50   11.18   1.7681  2.2388  2.5535  2.7731  3.0138  3.1531  3.1568  3.0383  2.8722  2.7819  3.0163
    8.50   11.82   1.7681  2.2388  2.5535  2.7731  3.0138  3.1531  3.1568  3.0383  2.8722  2.7819  3.0163
    8.50   12.77   1.7681  2.2388  2.5535  2.7731  3.0138  3.1531  3.1568  3.0383  2.8722  2.7819  3.0163
    8.50   14.14   1.7681  2.2388  2.5535  2.7731  3.0138  3.1531  3.1568  3.0383  2.8722  2.7819  3.0163
    8.50   16.08   1.7681  2.2388  2.5535  2.7731  3.0138  3.1531  3.1568  3.0383  2.8722  2.7819  3.0163
    8.50   18.74   1.7681  2.2388  2.5535  2.7731  3.0138  3.1531  3.1568  3.0383  2.8722  2.7819  3.0163
    8.50   22.32   1.7681  2.2388  2.5535  2.7731  3.0138  3.1531  3.1568  3.0383  2.8722  2.7819  3.0163
    8.50   27.04   1.7681  2.2388  2.5535  2.7731  3.0138  3.1531  3.1568  3.0383  2.8722  2.7819  3.0163
    8.50   33.16   1.7681  2.2388  2.5535  2.7731  3.0138  3.1531  3.1568  3.0383  2.8722  2.7819  3.0163
    8.50   41.05   1.7681  2.2388  2.5535  2.7731  3.0138  3.1531  3.1568  3.0383  2.8722  2.7819  3.0163
    8.50   51.11   1.7681  2.2388  2.5535  2.7731  3.0138  3.1531  3.1568  3.0383  2.8722  2.7819  3.0163
    8.50   63.89   1.5766  2.0359  2.3737  2.5945  2.8102  2.9308  2.9411  2.8567  2.7053  2.6234  2.8134
    8.50   80.06   1.2586  1.7111  2.0931  2.3254  2.5132  2.6132  2.6368  2.6005  2.4811  2.4066  2.5103
    8.50  100.50   1.0791  1.5272  1.9336  2.1662  2.3301  2.4079  2.4287  2.4070  2.3055  2.2359  2.3338
    8.50  126.29   0.9388  1.3831  1.8076  2.0344  2.1722  2.2248  2.2339  2.2144  2.1233  2.0570  2.1907
    8.50  158.81   0.8138  1.2559  1.6922  1.9097  2.0145  2.0376  2.0259  1.9975  1.9179  1.8533  2.0545
    8.50  199.78   0.6932  1.1357  1.5801  1.7819  1.8458  1.8302  1.7896  1.7425  1.6725  1.6097  1.9171
    8.50  251.39   0.5732  1.0126  1.4634  1.6457  1.6601  1.5964  1.5177  1.4414  1.3790  1.3184  1.7719
    8.50  316.39   0.4451  0.8842  1.3396  1.4938  1.4486  1.3232  1.1939  1.0752  1.0220  0.9631  1.6124
    8.50  398.24   0.3079  0.7454  1.2047  1.3195  1.1990  0.9992  0.8047  0.6301  0.5825  0.5250  1.4317
    8.50  501.29   0.1545  0.5902  1.0474  1.1152  0.8976  0.6009  0.3203  0.0668  0.0272 -0.0287  1.2187
    8.50  631.04  -0.0245  0.4094  0.8616  0.8633  0.5204  0.0976 -0.2984 -0.6578 -0.6915 -0.7453  0.9607
    8.50  794.39  -0.2157  0.2171  0.6612  0.5895  0.1057 -0.4589 -0.9856 -1.4648 -1.4918 -1.5452  0.6800
    8.75   10.05   1.8332  2.2812  2.5973  2.7902  3.0198  3.1663  3.1603  3.0466  2.8799  2.7884  3.0575
    8.75   10.08   1.8332  2.2812  2.5973  2.7902  3.0198  3.1663  3.1603  3.0466  2.8799  2.7884  3.0575
    8.75   10.12   1.8332  2.2812  2.5973  2.7902  3.0198  3.1663  3.1603  3.0466  2.8799  2.7884  3.0575
    8.75   10.20   1.8332  2.2812  2.5973  2.7902  3.0198  3.1663  3.1603  3.0466  2.8799  2.7884  3.0575
    8.75   10.31   1.8332  2.2812  2.5973  2.7902  3.0198  3.1663  3.1603  3.0466  2.8799  2.7884  3.0575
    8.75   10.49   1.8332  2.2812  2.5973  2.7902  3.0198  3.1663  3.1603  3.0466  2.8799  2.7884  3.0575
    8.75   10.76   1.8332  2.2812  2.5973  2.7902  3.0198  3.1663  3.1603  3.0466  2.8799  2.7884  3.0575
    8.75   11.18   1.8332  2.2812  2.5973  2.7902  3.0198  3.1663  3.1603  3.0466  2.8799  2.7884  3.0575
    8.75   11.82   1.8332  2.2812  2.5973  2.7902  3.0198  3.1663  3.1603  3.0466  2.8799  2.7884  3.0575
    8.75   12.77   1.8332  2.2812  2.5973  2.7902  3.0198  3.1663  3.1603  3.0466  2.8799  2.7884  3.0575
    8.75   14.14   1.8332  2.2812  2.5973  2.7902  3.0198  3.1663  3.1603  3.0466  2.8799  2.7884  3.0575
    8.75   16.08   1.8332  2.2812  2.5973  2.7902  3.0198  3.1663  3.1603  3.0466  2.8799  2.7884  3.0575
    8.75   18.74   1.8332  2.2812  2.5973  2.7902  3.0198  3.1663  3.1603  3.0466  2.8799  2.7884  3.0575
    8.75   22.32   1.8332  2.2812  2.5973  2.7902  3.0198  3.1663  3.1603  3.0466  2.8799  2.7884  3.0575
    8.75   27.04   1.8332  2.2812  2.5973  2.7902  3.0198  3.1663  3.1603  3.0466  2.8799  2.7884  3.0575
    8.75   33.16   1.8332  2.2812  2.5973  2.7902  3.0198  3.1663  3.1603  3.0466  2.8799  2.7884  3.0575
    8.75   41.05   1.8332  2.2812  2.5973  2.7902  3.0198  3.1663  3.1603  3.0466  2.8799  2.7884  3.0575
    8.75   51.11   1.8332  2.2812  2.5973  2.7902  3.0198  3.1663  3.1603  3.0466  2.8799  2.7884  3.0575
    8.75   63.89   1.8332  2.2812  2.5973  2.7902  3.0198  3.1663  3.1603  3.0466  2.8799  2.7884  3.0575
    8.75   80.06   1.8332  2.2812  2.5973  2.7902  3.0198  3.1663  3.1603  3.0466  2.8799  2.7884  3.0575
    8.75  100.50   1.3293  1.7834  2.1860  2.3926  2.5639  2.6648  2.6841  2.6662  2.5500  2.4711  2.6048
    8.75  126.29   1.0866  1.5453  1.9887  2.1975  2.3351  2.4056  2.4234  2.4311  2.3397  2.2648  2.3879
    8.75  158.81   0.9158  1.3790  1.8473  2.0495  2.1509  2.1874  2.1903  2.2015  2.1240  2.0526  2.2247
    8.75  199.78   0.7692  1.2351  1.7220  1.9106  1.9701  1.9664  1.9432  1.9431  1.8786  1.8085  2.0741
    8.75  251.39   0.6290  1.0971  1.5975  1.7654  1.7729  1.7172  1.6568  1.6313  1.5772  1.5088  1.9191
    8.75  316.39   0.4894  0.9599  1.4708  1.6119  1.5570  1.4400  1.3319  1.2688  1.2244  1.1584  1.7563
    8.75  398.24   0.3422  0.8144  1.3305  1.4369  1.3055  1.1116  0.9387  0.8233  0.7867  0.7217  1.5734
    8.75  501.29   0.1798  0.6549  1.1751  1.2334  1.0046  0.7143  0.4564  0.2675  0.2398  0.1752  1.3621
    8.75  631.04  -0.0050  0.4721  0.9917  0.9846  0.6300  0.2133 -0.1579 -0.4492 -0.4697 -0.5323  1.1052
    8.75  794.39  -0.2075  0.2727  0.7869  0.7027  0.2020 -0.3632 -0.8678 -1.2831 -1.2964 -1.3578  0.8170
    9.00   10.05   1.8731  2.3041  2.6403  2.8077  3.0257  3.1792  3.1638  3.0547  2.8875  2.7956  3.0919
    9.00   10.08   1.8731  2.3041  2.6403  2.8077  3.0257  3.1792  3.1638  3.0547  2.8875  2.7956  3.0919
    9.00   10.12   1.8731  2.3041  2.6403  2.8077  3.0257  3.1792  3.1638  3.0547  2.8875  2.7956  3.0919
    9.00   10.20   1.8731  2.3041  2.6403  2.8077  3.0257  3.1792  3.1638  3.0547  2.8875  2.7956  3.0919
    9.00   10.31   1.8731  2.3041  2.6403  2.8077  3.0257  3.1792  3.1638  3.0547  2.8875  2.7956  3.0919
    9.00   10.49   1.8731  2.3041  2.6403  2.8077  3.0257  3.1792  3.1638  3.0547  2.8875  2.7956  3.0919
    9.00   10.76   1.8731  2.3041  2.6403  2.8077  3.0257  3.1792  3.1638  3.0547  2.8875  2.7956  3.0919
    9.00   11.18   1.8731  2.3041  2.6403  2.8077  3.0257  3.1792  3.1638  3.0547  2.8875  2.7956  3.0919
    9.00   11.82   1.8731  2.3041  2.6403  2.8077  3.0257  3.1792  3.1638  3.0547  2.8875  2.7956  3.0919
    9.00   12.77   1.8731  2.3041  2.6403  2.8077  3.0257  3.1792  3.1638  3.0547  2.8875  2.7956  3.0919
    9.00   14.14   1.8731  2.3041  2.6403  2.8077  3.0257  3.1792  3.1638  3.0547  2.8875  2.7956  3.0919
    9.00   16.08   1.8731  2.3041  2.6403  2.8077  3.0257  3.1792  3.1638  3.0547  2.8875  2.7956  3.0919
    9.00   18.74   1.8731  2.3041  2.6403  2.8077  3.0257  3.1792  3.1638  3.0547  2.8875  2.7956  3.0919
    9.00   22.32   1.8731  2.3041  2.6403  2.8077  3.0257  3.1792  3.1638  3.0547  2.8875  2.7956  3.0919
    9.00   27.04   1.8731  2.3041  2.6403  2.8077  3.0257  3.1792  3.1638  3.0547  2.8875  2.7956  3.0919
    9.00   33.16   1.8731  2.3041  2.6403  2.8077  3.0257  3.1792  3.1638  3.0547  2.8875  2.7956  3.0919
    9.00   41.05   1.8731  2.3041  2.6403  2.8077  3.0257  3.1792  3.1638  3.0547  2.8875  2.7956  3.0919
    9.00   51.11   1.8731  2.3041  2.6403  2.8077  3.0257  3.1792  3.1638  3.0547  2.8875  2.7956  3.0919
    9.00   63.89   1.8731  2.3041  2.6403  2.8077  3.0257  3.1792  3.1638  3.0547  2.8875  2.7956  3.0919
    9.00   80.06   1.8731  2.3041  2.6403  2.8077  3.0257  3.1792  3.1638  3.0547  2.8875  2.7956  3.0919
    9.00  100.50   1.8731  2.3041  2.6403  2.8077  3.0257  3.1792  3.1638  3.0547  2.8875  2.7956  3.0919
    9.00  126.29   1.4585  1.9097  2.3313  2.5101  2.6757  2.7858  2.7957  2.7796  2.6580  2.5736  2.7505
    9.00  158.81   1.0859  1.5612  2.0598  2.2449  2.3589  2.4237  2.4396  2.4765  2.3923  2.3133  2.4514
    9.00  199.78   0.8715  1.3584  1.8960  2.0732  2.1390  2.1584  2.1575  2.2002  2.1338  2.0579  2.2613
    9.00  251.39   0.6964  1.1930  1.7554  1.9149  1.9261  1.8921  1.8567  1.8847  1.8349  1.7592  2.0910
    9.00  316.39   0.5343  1.0385  1.6185  1.7527  1.6992  1.6023  1.5211  1.5184  1.4800  1.4058  1.9176
    9.00  398.24   0.3697  0.8816  1.4747  1.5734  1.4407  1.2626  1.1192  1.0672  1.0406  0.9668  1.7286
    9.00  501.29   0.1984  0.7149  1.3187  1.3704  1.1390  0.8652  0.6393  0.5196  0.5015  0.4290  1.5173
    9.00  631.04   0.0062  0.5285  1.1357  1.1254  0.7716  0.3730  0.0375 -0.1782 -0.1874 -0.2577  1.2648
    9.00  794.39  -0.2114  0.3164  0.9225  0.8320  0.3225 -0.2348 -0.7100 -1.0544 -1.0552 -1.1244  0.9639
