Western North America low offshore ground motion CLASS C, distance is Rhypo (depth 10 km) Log10 hazard values in cgs units  PGA 0.02 PGV 0.01. Mw 4.5 & 4.75 values extrapolated. Original file GMPEt_Woffshore_low.dat,provided by G Atkinson 20120807
      19      30      11        : nmag, ndist, nperiod
                      10       5       2       1     0.5  0.3003     0.2     0.1    0.05    0.02    0.01
                    0.62    0.62    0.62    0.62    0.58    0.54    0.53    0.53    0.53    0.53    0.62
    4.50   10.05  -2.6238 -1.1275  0.5223  1.3458  1.8789  1.9626  2.2239  2.5165  2.3468  2.1706  1.5999
    4.50   10.08  -2.6238 -1.1275  0.5223  1.3458  1.8789  1.9626  2.2239  2.5165  2.3468  2.1706  1.5999
    4.50   10.12  -2.6362 -1.1479  0.4915  1.3133  1.8466  1.9332  2.1906  2.4718  2.2929  2.1199  1.5654
    4.50   10.20  -2.6583 -1.1839  0.4372  1.2568  1.7900  1.8830  2.1321  2.3929  2.1990  2.0323  1.5046
    4.50   10.31  -2.6729 -1.2080  0.4002  1.2187  1.7526  1.8510  2.0945  2.3432  2.1406  1.9785  1.4636
    4.50   10.49  -2.7072 -1.2778  0.2975  1.1107  1.6550  1.7655  2.0021  2.2300  2.0224  1.8682  1.3524
    4.50   10.76  -2.7321 -1.3290  0.2229  1.0312  1.5825  1.7008  1.9324  2.1430  1.9273  1.7799  1.2710
    4.50   11.18  -2.7575 -1.3792  0.1486  0.9515  1.5100  1.6367  1.8636  2.0555  1.8321  1.6917  1.1898
    4.50   11.82  -2.7975 -1.4594  0.0367  0.8374  1.4062  1.5441  1.7647  1.9399  1.7120  1.5782  1.0703
    4.50   12.77  -2.8398 -1.5425 -0.0801  0.7213  1.2986  1.4478  1.6615  1.8197  1.5890  1.4602  0.9452
    4.50   14.14  -2.8817 -1.6257 -0.1969  0.6040  1.1910  1.3514  1.5585  1.6999  1.4663  1.3425  0.8207
    4.50   16.08  -2.9366 -1.7257 -0.3367  0.4657  1.0644  1.2378  1.4369  1.5599  1.3247  1.2051  0.6793
    4.50   18.74  -2.9950 -1.8288 -0.4791  0.3225  0.9325  1.1197  1.3112  1.4155  1.1780  1.0632  0.5346
    4.50   22.32  -3.0636 -1.9411 -0.6246  0.1710  0.7888  0.9906  1.1743  1.2591  1.0163  0.9111  0.3760
    4.50   27.04  -3.1372 -2.0624 -0.7821  0.0100  0.6386  0.8517  1.0296  1.0906  0.8504  0.7501  0.2102
    4.50   33.16  -3.2142 -2.1876 -0.9493 -0.1564  0.4811  0.6982  0.8670  0.9120  0.6620  0.5732  0.0370
    4.50   41.05  -3.2993 -2.3205 -1.1201 -0.3269  0.3136  0.5444  0.6983  0.7195  0.4730  0.3833 -0.1383
    4.50   51.11  -3.3932 -2.4605 -1.3004 -0.5130  0.1373  0.3736  0.5151  0.5086  0.2602  0.1816 -0.3277
    4.50   63.89  -3.4913 -2.6028 -1.4821 -0.7016 -0.0511  0.1881  0.3157  0.2815  0.0314 -0.0435 -0.5222
    4.50   80.06  -3.5955 -2.7527 -1.6781 -0.9054 -0.2506 -0.0102  0.0973  0.0342 -0.2189 -0.2853 -0.7300
    4.50  100.50  -3.6729 -2.8822 -1.8403 -1.0805 -0.4329 -0.1929 -0.1064 -0.2030 -0.4513 -0.5172 -0.9132
    4.50  126.29  -3.7180 -2.9731 -1.9698 -1.2221 -0.5826 -0.3537 -0.2945 -0.4327 -0.6860 -0.7420 -1.0613
    4.50  158.81  -3.7729 -3.0741 -2.1132 -1.3802 -0.7555 -0.5403 -0.5144 -0.6947 -0.9525 -1.0040 -1.2255
    4.50  199.78  -3.8335 -3.1857 -2.2686 -1.5531 -0.9481 -0.7552 -0.7699 -1.0019 -1.2620 -1.3070 -1.4070
    4.50  251.39  -3.9204 -3.3115 -2.4407 -1.7524 -1.1787 -1.0155 -1.0774 -1.3721 -1.6294 -1.6665 -1.6132
    4.50  316.39  -3.9986 -3.4418 -2.6104 -1.9603 -1.4334 -1.3147 -1.4324 -1.8012 -2.0654 -2.0963 -1.8196
    4.50  398.24  -4.0702 -3.5558 -2.7826 -2.1659 -1.6937 -1.6277 -1.8297 -2.2858 -2.5449 -2.5777 -2.0294
    4.50  501.29  -4.1589 -3.6932 -2.9615 -2.4024 -2.0053 -2.0259 -2.3173 -2.8758 -3.1419 -3.1592 -2.2721
    4.50  631.04  -4.2793 -3.8601 -3.1837 -2.6939 -2.4130 -2.5439 -2.9651 -3.6617 -3.9301 -3.9441 -2.5711
    4.50  794.39  -4.4126 -4.0397 -3.4192 -3.0073 -2.8528 -3.1100 -3.6725 -4.5202 -4.7909 -4.8004 -2.8905
    4.75   10.05  -2.2263 -0.8221  0.7186  1.4792  1.9740  2.0732  2.3084  2.5673  2.3982  2.2210  1.7017
    4.75   10.08  -2.2263 -0.8221  0.7186  1.4792  1.9740  2.0732  2.3084  2.5673  2.3982  2.2210  1.7017
    4.75   10.12  -2.2345 -0.8358  0.6981  1.4575  1.9524  2.0537  2.2862  2.5374  2.3623  2.1872  1.6786
    4.75   10.20  -2.2528 -0.8663  0.6525  1.4098  1.9047  2.0106  2.2368  2.4710  2.2830  2.1130  1.6276
    4.75   10.31  -2.2669 -0.8905  0.6161  1.3718  1.8672  1.9772  2.1987  2.4204  2.2231  2.0572  1.5869
    4.75   10.49  -2.2972 -0.9518  0.5262  1.2774  1.7810  1.9009  2.1163  2.3191  2.1159  1.9571  1.4893
    4.75   10.76  -2.3223 -1.0029  0.4519  1.1991  1.7087  1.8364  2.0467  2.2326  2.0220  1.8698  1.4081
    4.75   11.18  -2.3474 -1.0526  0.3789  1.1217  1.6376  1.7731  1.9786  2.1471  1.9296  1.7838  1.3284
    4.75   11.82  -2.3842 -1.1261  0.2760  1.0167  1.5415  1.6873  1.8871  2.0396  1.8177  1.6782  1.2182
    4.75   12.77  -2.4250 -1.2064  0.1638  0.9042  1.4377  1.5945  1.7881  1.9247  1.7001  1.5659  1.0983
    4.75   14.14  -2.4655 -1.2863  0.0522  0.7917  1.3345  1.5021  1.6898  1.8106  1.5834  1.4544  0.9794
    4.75   16.08  -2.5171 -1.3804 -0.0782  0.6621  1.2156  1.3951  1.5757  1.6796  1.4509  1.3266  0.8457
    4.75   18.74  -2.5719 -1.4778 -0.2118  0.5281  1.0919  1.2838  1.4576  1.5444  1.3137  1.1944  0.7084
    4.75   22.32  -2.6350 -1.5832 -0.3498  0.3860  0.9577  1.1622  1.3289  1.3976  1.1634  1.0521  0.5598
    4.75   27.04  -2.7031 -1.6959 -0.4965  0.2363  0.8177  1.0323  1.1927  1.2403  1.0075  0.9015  0.4049
    4.75   33.16  -2.7756 -1.8129 -0.6516  0.0808  0.6699  0.8897  1.0415  1.0728  0.8333  0.7363  0.2433
    4.75   41.05  -2.8541 -1.9366 -0.8105 -0.0789  0.5136  0.7442  0.8828  0.8923  0.6547  0.5597  0.0783
    4.75   51.11  -2.9403 -2.0665 -0.9774 -0.2511  0.3488  0.5844  0.7110  0.6954  0.4566  0.3705 -0.0979
    4.75   63.89  -3.0317 -2.2000 -1.1476 -0.4279  0.1724  0.4104  0.5231  0.4814  0.2415  0.1597 -0.2801
    4.75   80.06  -3.1288 -2.3407 -1.3292 -0.6165 -0.0148  0.2233  0.3169  0.2479  0.0057 -0.0686 -0.4741
    4.75  100.50  -3.2041 -2.4635 -1.4844 -0.7837 -0.1886  0.0472  0.1200  0.0192 -0.2202 -0.2920 -0.6481
    4.75  126.29  -3.2522 -2.5546 -1.6121 -0.9234 -0.3377 -0.1132 -0.0669 -0.2069 -0.4496 -0.5134 -0.7940
    4.75  158.81  -3.3098 -2.6558 -1.7524 -1.0790 -0.5089 -0.2998 -0.2859 -0.4672 -0.7128 -0.7718 -0.9555
    4.75  199.78  -3.3754 -2.7680 -1.9053 -1.2500 -0.7011 -0.5146 -0.5402 -0.7711 -1.0185 -1.0714 -1.1336
    4.75  251.39  -3.4640 -2.8961 -2.0752 -1.4462 -0.9296 -0.7742 -0.8475 -1.1385 -1.3839 -1.4300 -1.3363
    4.75  316.39  -3.5471 -3.0262 -2.2442 -1.6511 -1.1819 -1.0718 -1.2026 -1.5653 -1.8156 -1.8557 -1.5426
    4.75  398.24  -3.6217 -3.1421 -2.4112 -1.8540 -1.4412 -1.3870 -1.5984 -2.0464 -2.2936 -2.3328 -1.7502
    4.75  501.29  -3.7137 -3.2794 -2.5898 -2.0878 -1.7524 -1.7826 -2.0842 -2.6339 -2.8859 -2.9132 -1.9901
    4.75  631.04  -3.8377 -3.4472 -2.8095 -2.3775 -2.1576 -2.3008 -2.7314 -3.4176 -3.6712 -3.6946 -2.2864
    4.75  794.39  -3.9742 -3.6274 -3.0424 -2.6887 -2.5957 -2.8664 -3.4377 -4.2733 -4.5285 -4.5471 -2.6033
    5.00   10.05  -1.8287 -0.5168  0.9148  1.6125  2.0691  2.1839  2.3928  2.6180  2.4496  2.2713  1.8034
    5.00   10.08  -1.8287 -0.5168  0.9148  1.6125  2.0691  2.1839  2.3928  2.6180  2.4496  2.2713  1.8034
    5.00   10.12  -1.8329 -0.5236  0.9046  1.6016  2.0583  2.1741  2.3817  2.6031  2.4317  2.2544  1.7919
    5.00   10.20  -1.8472 -0.5486  0.8678  1.5628  2.0194  2.1382  2.3415  2.5491  2.3670  2.1937  1.7505
    5.00   10.31  -1.8609 -0.5729  0.8321  1.5248  1.9817  2.1035  2.3029  2.4977  2.3055  2.1359  1.7103
    5.00   10.49  -1.8872 -0.6258  0.7549  1.4442  1.9069  2.0364  2.2306  2.4081  2.2093  2.0459  1.6261
    5.00   10.76  -1.9125 -0.6768  0.6809  1.3669  1.8349  1.9721  2.1610  2.3222  2.1168  1.9596  1.5452
    5.00   11.18  -1.9372 -0.7259  0.6092  1.2919  1.7652  1.9096  2.0937  2.2387  2.0270  1.8758  1.4670
    5.00   11.82  -1.9708 -0.7928  0.5154  1.1959  1.6769  1.8306  2.0095  2.1393  1.9235  1.7781  1.3661
    5.00   12.77  -2.0103 -0.8702  0.4076  1.0870  1.5768  1.7412  1.9147  2.0297  1.8112  1.6716  1.2513
    5.00   14.14  -2.0494 -0.9469  0.3012  0.9794  1.4780  1.6528  1.8211  1.9213  1.7005  1.5664  1.1380
    5.00   16.08  -2.0975 -1.0351  0.1802  0.8584  1.3668  1.5524  1.7145  1.7994  1.5771  1.4481  1.0121
    5.00   18.74  -2.1487 -1.1269  0.0554  0.7337  1.2513  1.4479  1.6039  1.6732  1.4495  1.3256  0.8822
    5.00   22.32  -2.2065 -1.2253 -0.0749  0.6010  1.1267  1.3338  1.4835  1.5362  1.3105  1.1930  0.7436
    5.00   27.04  -2.2690 -1.3294 -0.2110  0.4625  0.9967  1.2129  1.3557  1.3899  1.1646  1.0529  0.5997
    5.00   33.16  -2.3369 -1.4383 -0.3539  0.3180  0.8587  1.0811  1.2159  1.2336  1.0046  0.8995  0.4495
    5.00   41.05  -2.4089 -1.5527 -0.5009  0.1692  0.7137  0.9440  1.0672  1.0651  0.8363  0.7362  0.2948
    5.00   51.11  -2.4874 -1.6725 -0.6543  0.0109  0.5603  0.7953  0.9068  0.8821  0.6530  0.5594  0.1320
    5.00   63.89  -2.5721 -1.7972 -0.8131 -0.1542  0.3960  0.6326  0.7304  0.6813  0.4516  0.3629 -0.0381
    5.00   80.06  -2.6622 -1.9288 -0.9803 -0.3276  0.2210  0.4568  0.5365  0.4616  0.2304  0.1481 -0.2182
    5.00  100.50  -2.7354 -2.0448 -1.1286 -0.4868  0.0558  0.2872  0.3464  0.2413  0.0108 -0.0668 -0.3829
    5.00  126.29  -2.7864 -2.1360 -1.2543 -0.6248 -0.0927  0.1273  0.1607  0.0189 -0.2131 -0.2849 -0.5267
    5.00  158.81  -2.8468 -2.2374 -1.3916 -0.7777 -0.2623 -0.0592 -0.0574 -0.2397 -0.4731 -0.5395 -0.6855
    5.00  199.78  -2.9172 -2.3503 -1.5419 -0.9468 -0.4542 -0.2740 -0.3106 -0.5403 -0.7750 -0.8358 -0.8603
    5.00  251.39  -3.0076 -2.4807 -1.7097 -1.1400 -0.6806 -0.5330 -0.6176 -0.9049 -1.1385 -1.1935 -1.0595
    5.00  316.39  -3.0956 -2.6106 -1.8781 -1.3420 -0.9304 -0.8289 -0.9728 -1.3295 -1.5659 -1.6151 -1.2656
    5.00  398.24  -3.1731 -2.7283 -2.0398 -1.5421 -1.1887 -1.1463 -1.3672 -1.8070 -2.0423 -2.0880 -1.4710
    5.00  501.29  -3.2686 -2.8656 -2.2182 -1.7733 -1.4994 -1.5392 -1.8511 -2.3920 -2.6299 -2.6672 -1.7081
    5.00  631.04  -3.3961 -3.0344 -2.4353 -2.0612 -1.9023 -2.0578 -2.4976 -3.1735 -3.4122 -3.4450 -2.0016
    5.00  794.39  -3.5358 -3.2151 -2.6657 -2.3700 -2.3386 -2.6228 -3.2029 -4.0265 -4.2661 -4.2938 -2.3160
    5.25   10.05  -1.4312 -0.2115  1.1111  1.7458  2.1642  2.2945  2.4773  2.6687  2.5010  2.3216  1.9052
    5.25   10.08  -1.4312 -0.2115  1.1111  1.7458  2.1642  2.2945  2.4773  2.6687  2.5010  2.3216  1.9052
    5.25   10.12  -1.4312 -0.2115  1.1111  1.7458  2.1642  2.2945  2.4773  2.6687  2.5010  2.3216  1.9052
    5.25   10.20  -1.4417 -0.2309  1.0832  1.7157  2.1341  2.2658  2.4462  2.6272  2.4511  2.2744  1.8735
    5.25   10.31  -1.4549 -0.2554  1.0480  1.6778  2.0963  2.2297  2.4071  2.5749  2.3880  2.2147  1.8336
    5.25   10.49  -1.4773 -0.2998  0.9837  1.6109  2.0328  2.1719  2.3448  2.4972  2.3028  2.1348  1.7630
    5.25   10.76  -1.5027 -0.3507  0.9099  1.5348  1.9612  2.1077  2.2753  2.4118  2.2115  2.0494  1.6823
    5.25   11.18  -1.5271 -0.3993  0.8395  1.4621  1.8928  2.0461  2.2087  2.3304  2.1244  1.9679  1.6055
    5.25   11.82  -1.5575 -0.4594  0.7547  1.3752  1.8122  1.9739  2.1319  2.2390  2.0292  1.8780  1.5141
    5.25   12.77  -1.5955 -0.5341  0.6515  1.2699  1.7160  1.8879  2.0413  2.1346  1.9224  1.7773  1.4043
    5.25   14.14  -1.6332 -0.6075  0.5503  1.1670  1.6216  1.8035  1.9524  2.0320  1.8176  1.6784  1.2966
    5.25   16.08  -1.6779 -0.6898  0.4386  1.0548  1.5181  1.7097  1.8534  1.9192  1.7033  1.5697  1.1785
    5.25   18.74  -1.7255 -0.7759  0.3226  0.9393  1.4108  1.6120  1.7503  1.8020  1.5852  1.4568  1.0560
    5.25   22.32  -1.7779 -0.8674  0.1999  0.8160  1.2957  1.5053  1.6381  1.6747  1.4576  1.3340  0.9274
    5.25   27.04  -1.8350 -0.9629  0.0746  0.6887  1.1758  1.3936  1.5188  1.5396  1.3218  1.2043  0.7944
    5.25   33.16  -1.8983 -1.0637 -0.0562  0.5552  1.0475  1.2726  1.3903  1.3944  1.1759  1.0626  0.6557
    5.25   41.05  -1.9637 -1.1688 -0.1912  0.4172  0.9137  1.1438  1.2517  1.2379  1.0179  0.9126  0.5114
    5.25   51.11  -2.0346 -1.2786 -0.3313  0.2729  0.7718  1.0062  1.1026  1.0689  0.8495  0.7482  0.3619
    5.25   63.89  -2.1125 -1.3944 -0.4786  0.1194  0.6196  0.8549  0.9377  0.8812  0.6617  0.5661  0.2040
    5.25   80.06  -2.1956 -1.5168 -0.6314 -0.0387  0.4568  0.6903  0.7561  0.6753  0.4550  0.3647  0.0377
    5.25  100.50  -2.2667 -1.6261 -0.7728 -0.1899  0.3002  0.5273  0.5728  0.4634  0.2418  0.1584 -0.1178
    5.25  126.29  -2.3206 -1.7175 -0.8966 -0.3262  0.1522  0.3679  0.3883  0.2447  0.0234 -0.0564 -0.2594
    5.25  158.81  -2.3838 -1.8191 -1.0308 -0.4765 -0.0157  0.1813  0.1711 -0.0123 -0.2334 -0.3072 -0.4155
    5.25  199.78  -2.4591 -1.9325 -1.1785 -0.6437 -0.2072 -0.0334 -0.0810 -0.3095 -0.5316 -0.6003 -0.5870
    5.25  251.39  -2.5512 -2.0653 -1.3442 -0.8338 -0.4316 -0.2918 -0.3878 -0.6713 -0.8930 -0.9570 -0.7827
    5.25  316.39  -2.6441 -2.1950 -1.5119 -1.0328 -0.6789 -0.5859 -0.7429 -1.0936 -1.3162 -1.3746 -0.9886
    5.25  398.24  -2.7246 -2.3146 -1.6684 -1.2301 -0.9363 -0.9056 -1.1359 -1.5676 -1.7910 -1.8431 -1.1918
    5.25  501.29  -2.8234 -2.4517 -1.8465 -1.4587 -1.2465 -1.2959 -1.6181 -2.1501 -2.3740 -2.4212 -1.4261
    5.25  631.04  -2.9545 -2.6215 -2.0611 -1.7448 -1.6469 -1.8147 -2.2638 -2.9294 -3.1533 -3.1954 -1.7169
    5.25  794.39  -3.0974 -2.8029 -2.2890 -2.0513 -2.0814 -2.3793 -2.9681 -3.7796 -4.0037 -4.0405 -2.0287
    5.50   10.05  -1.0578  0.0742  1.2906  1.8695  2.2533  2.3938  2.5563  2.7113  2.5438  2.3652  2.0010
    5.50   10.08  -1.0578  0.0742  1.2906  1.8695  2.2533  2.3938  2.5563  2.7113  2.5438  2.3652  2.0010
    5.50   10.12  -1.0578  0.0742  1.2906  1.8695  2.2533  2.3938  2.5563  2.7113  2.5438  2.3652  2.0010
    5.50   10.20  -1.0587  0.0725  1.2883  1.8670  2.2507  2.3914  2.5536  2.7078  2.5396  2.3613  1.9983
    5.50   10.31  -1.0735  0.0444  1.2503  1.8246  2.2083  2.3509  2.5085  2.6485  2.4683  2.2948  1.9532
    5.50   10.49  -1.0904  0.0111  1.2043  1.7750  2.1601  2.3057  2.4589  2.5857  2.3956  2.2273  1.9004
    5.50   10.76  -1.1163 -0.0414  1.1284  1.6970  2.0866  2.2396  2.3872  2.4989  2.3023  2.1401  1.8175
    5.50   11.18  -1.1405 -0.0904  1.0578  1.6244  2.0184  2.1781  2.3206  2.4184  2.2155  2.0587  1.7405
    5.50   11.82  -1.1673 -0.1437  0.9822  1.5470  1.9463  2.1128  2.2511  2.3354  2.1278  1.9762  1.6586
    5.50   12.77  -1.2047 -0.2160  0.8826  1.4464  1.8538  2.0292  2.1642  2.2350  2.0268  1.8801  1.5523
    5.50   14.14  -1.2411 -0.2863  0.7858  1.3488  1.7640  1.9479  2.0799  2.1375  1.9284  1.7866  1.4493
    5.50   16.08  -1.2823 -0.3627  0.6825  1.2442  1.6676  1.8605  1.9877  2.0332  1.8234  1.6870  1.3395
    5.50   18.74  -1.3266 -0.4431  0.5750  1.1351  1.5670  1.7691  1.8909  1.9240  1.7142  1.5834  1.2254
    5.50   22.32  -1.3756 -0.5288  0.4621  1.0224  1.4605  1.6702  1.7864  1.8065  1.5965  1.4709  1.1046
    5.50   27.04  -1.4278 -0.6161  0.3465  0.9053  1.3491  1.5670  1.6767  1.6820  1.4720  1.3514  0.9830
    5.50   33.16  -1.4843 -0.7088  0.2268  0.7833  1.2323  1.4553  1.5580  1.5490  1.3383  1.2226  0.8553
    5.50   41.05  -1.5443 -0.8053  0.1028  0.6566  1.1100  1.3370  1.4310  1.4048  1.1941  1.0851  0.7233
    5.50   51.11  -1.6092 -0.9040 -0.0254  0.5253  0.9787  1.2099  1.2921  1.2475  1.0394  0.9334  0.5854
    5.50   63.89  -1.6785 -1.0116 -0.1589  0.3867  0.8388  1.0690  1.1393  1.0748  0.8642  0.7650  0.4409
    5.50   80.06  -1.7534 -1.1235 -0.2987  0.2385  0.6887  0.9156  0.9701  0.8814  0.6716  0.5768  0.2883
    5.50  100.50  -1.8238 -1.2279 -0.4320  0.0983  0.5390  0.7594  0.7931  0.6782  0.4688  0.3792  0.1397
    5.50  126.29  -1.8795 -1.3205 -0.5533 -0.0367  0.3926  0.6004  0.6094  0.4621  0.2530  0.1685  0.0011
    5.50  158.81  -1.9458 -1.4234 -0.6868 -0.1842  0.2245  0.4151  0.3928  0.2083 -0.0019 -0.0798 -0.1521
    5.50  199.78  -2.0250 -1.5380 -0.8313 -0.3479  0.0359  0.2014  0.1415 -0.0874 -0.2961 -0.3699 -0.3219
    5.50  251.39  -2.1231 -1.6686 -0.9956 -0.5356 -0.1872 -0.0587 -0.1644 -0.4456 -0.6552 -0.7245 -0.5151
    5.50  316.39  -2.2177 -1.8004 -1.1611 -0.7332 -0.4332 -0.3523 -0.5176 -0.8654 -1.0756 -1.1387 -0.7187
    5.50  398.24  -2.3016 -1.9215 -1.3149 -0.9277 -0.6901 -0.6713 -0.9097 -1.3369 -1.5459 -1.6051 -0.9200
    5.50  501.29  -2.4041 -2.0577 -1.4899 -1.1540 -0.9970 -1.0609 -1.3912 -1.9158 -2.1246 -2.1777 -1.1512
    5.50  631.04  -2.5386 -2.2283 -1.7020 -1.4369 -1.3973 -1.5786 -2.0359 -2.6929 -2.9014 -2.9498 -1.4396
    5.50  794.39  -2.6850 -2.4104 -1.9275 -1.7410 -1.8306 -2.1427 -2.7390 -3.5403 -3.7487 -3.7924 -1.7484
    5.75   10.05  -0.7124  0.3353  1.4561  1.9828  2.3397  2.4847  2.6266  2.7451  2.5780  2.4037  2.0897
    5.75   10.08  -0.7124  0.3353  1.4561  1.9828  2.3397  2.4847  2.6266  2.7451  2.5780  2.4037  2.0897
    5.75   10.12  -0.7124  0.3353  1.4561  1.9828  2.3397  2.4847  2.6266  2.7451  2.5780  2.4037  2.0897
    5.75   10.20  -0.7124  0.3353  1.4561  1.9828  2.3397  2.4847  2.6266  2.7451  2.5780  2.4037  2.0897
    5.75   10.31  -0.7169  0.3268  1.4442  1.9698  2.3267  2.4722  2.6126  2.7267  2.5560  2.3831  2.0758
    5.75   10.49  -0.7311  0.2993  1.4051  1.9273  2.2850  2.4318  2.5672  2.6671  2.4840  2.3156  2.0310
    5.75   10.76  -0.7547  0.2516  1.3369  1.8564  2.2167  2.3697  2.5003  2.5853  2.3950  2.2325  1.9553
    5.75   11.18  -0.7798  0.2004  1.2641  1.7813  2.1446  2.3047  2.4308  2.5014  2.3058  2.1492  1.8748
    5.75   11.82  -0.8032  0.1535  1.1971  1.7121  2.0781  2.2449  2.3668  2.4244  2.2241  2.0728  1.8008
    5.75   12.77  -0.8400  0.0834  1.1013  1.6155  1.9890  2.1641  2.2821  2.3283  2.1267  1.9809  1.6981
    5.75   14.14  -0.8757  0.0153  1.0083  1.5218  1.9027  2.0858  2.2004  2.2353  2.0327  1.8922  1.5985
    5.75   16.08  -0.9138 -0.0557  0.9127  1.4255  1.8135  2.0046  2.1157  2.1390  1.9362  1.8008  1.4962
    5.75   18.74  -0.9554 -0.1314  0.8122  1.3248  1.7190  1.9185  2.0264  2.0372  1.8351  1.7047  1.3891
    5.75   22.32  -0.9997 -0.2102  0.7083  1.2208  1.6210  1.8276  1.9297  1.9303  1.7276  1.6030  1.2785
    5.75   27.04  -1.0467 -0.2912  0.6024  1.1137  1.5199  1.7322  1.8285  1.8170  1.6148  1.4949  1.1663
    5.75   33.16  -1.0968 -0.3756  0.4928  1.0021  1.4131  1.6307  1.7200  1.6951  1.4936  1.3785  1.0484
    5.75   41.05  -1.1508 -0.4635  0.3817  0.8878  1.2999  1.5214  1.6023  1.5627  1.3611  1.2506  0.9283
    5.75   51.11  -1.2086 -0.5543  0.2644  0.7683  1.1813  1.4043  1.4747  1.4184  1.2183  1.1131  0.8029
    5.75   63.89  -1.2714 -0.6496  0.1434  0.6425  1.0534  1.2749  1.3331  1.2588  1.0599  0.9576  0.6710
    5.75   80.06  -1.3396 -0.7513  0.0180  0.5090  0.9153  1.1322  1.1752  1.0785  0.8801  0.7844  0.5321
    5.75  100.50  -1.4055 -0.8497 -0.1075  0.3752  0.7732  0.9832  1.0050  0.8841  0.6864  0.5953  0.3934
    5.75  126.29  -1.4657 -0.9437 -0.2272  0.2439  0.6282  0.8245  0.8240  0.6720  0.4739  0.3879  0.2562
    5.75  158.81  -1.5367 -1.0472 -0.3575  0.0983  0.4623  0.6397  0.6082  0.4209  0.2232  0.1424  0.1048
    5.75  199.78  -1.6193 -1.1628 -0.5000 -0.0625  0.2744  0.4251  0.3578  0.1277 -0.0694 -0.1452 -0.0628
    5.75  251.39  -1.7178 -1.2947 -0.6613 -0.2486  0.0527  0.1671  0.0533 -0.2289 -0.4243 -0.4958 -0.2542
    5.75  316.39  -1.8182 -1.4277 -0.8253 -0.4440 -0.1927 -0.1267 -0.2998 -0.6460 -0.8416 -0.9076 -0.4551
    5.75  398.24  -1.9051 -1.5479 -0.9766 -0.6358 -0.4476 -0.4455 -0.6911 -1.1142 -1.3097 -1.3714 -0.6534
    5.75  501.29  -2.0108 -1.6858 -1.1505 -0.8597 -0.7533 -0.8352 -1.1721 -1.6910 -1.8852 -1.9428 -0.8825
    5.75  631.04  -2.1494 -1.8565 -1.3604 -1.1403 -1.1519 -1.3523 -1.8153 -2.4654 -2.6587 -2.7113 -1.1690
    5.75  794.39  -2.2996 -2.0391 -1.5835 -1.4415 -1.5832 -1.9155 -2.5165 -3.3098 -3.5023 -3.5502 -1.4755
    6.00   10.05  -0.3916  0.5765  1.6045  2.0880  2.4213  2.5675  2.6907  2.7704  2.6038  2.4362  2.1703
    6.00   10.08  -0.3916  0.5765  1.6045  2.0880  2.4213  2.5675  2.6907  2.7704  2.6038  2.4362  2.1703
    6.00   10.12  -0.3916  0.5765  1.6045  2.0880  2.4213  2.5675  2.6907  2.7704  2.6038  2.4362  2.1703
    6.00   10.20  -0.3916  0.5765  1.6045  2.0880  2.4213  2.5675  2.6907  2.7704  2.6038  2.4362  2.1703
    6.00   10.31  -0.3916  0.5765  1.6045  2.0880  2.4213  2.5675  2.6907  2.7704  2.6038  2.4362  2.1703
    6.00   10.49  -0.3981  0.5645  1.5872  2.0690  2.4022  2.5493  2.6704  2.7436  2.5716  2.4064  2.1509
    6.00   10.76  -0.4141  0.5344  1.5440  2.0215  2.3549  2.5047  2.6208  2.6789  2.4945  2.3350  2.1022
    6.00   11.18  -0.4426  0.4775  1.4636  1.9381  2.2744  2.4316  2.5427  2.5867  2.3968  2.2432  2.0120
    6.00   11.82  -0.4676  0.4278  1.3937  1.8658  2.2050  2.3683  2.4749  2.5067  2.3120  2.1634  1.9337
    6.00   12.77  -0.4989  0.3671  1.3101  1.7809  2.1254  2.2962  2.3988  2.4198  2.2229  2.0800  1.8428
    6.00   14.14  -0.5337  0.3000  1.2188  1.6894  2.0408  2.2193  2.3186  2.3294  2.1323  1.9950  1.7452
    6.00   16.08  -0.5687  0.2339  1.1296  1.5999  1.9577  2.1434  2.2392  2.2407  2.0434  1.9116  1.6495
    6.00   18.74  -0.6072  0.1626  1.0354  1.5062  1.8693  2.0614  2.1539  2.1457  1.9499  1.8229  1.5481
    6.00   22.32  -0.6482  0.0904  0.9403  1.4107  1.7794  1.9778  2.0673  2.0477  1.8528  1.7310  1.4464
    6.00   27.04  -0.6897  0.0152  0.8440  1.3122  1.6866  1.8906  1.9747  1.9446  1.7508  1.6340  1.3429
    6.00   33.16  -0.7357 -0.0620  0.7453  1.2124  1.5897  1.7983  1.8760  1.8345  1.6413  1.5288  1.2367
    6.00   41.05  -0.7820 -0.1410  0.6439  1.1078  1.4876  1.6986  1.7680  1.7134  1.5211  1.4143  1.1281
    6.00   51.11  -0.8329 -0.2226  0.5399  1.0020  1.3799  1.5914  1.6517  1.5819  1.3907  1.2889  1.0150
    6.00   63.89  -0.8883 -0.3088  0.4316  0.8889  1.2632  1.4736  1.5219  1.4355  1.2453  1.1473  0.8955
    6.00   80.06  -0.9501 -0.4001  0.3181  0.7692  1.1377  1.3423  1.3755  1.2702  1.0818  0.9863  0.7696
    6.00  100.50  -1.0125 -0.4937  0.2015  0.6447  1.0029  1.1997  1.2147  1.0842  0.8965  0.8078  0.6388
    6.00  126.29  -1.0770 -0.5881  0.0852  0.5157  0.8600  1.0404  1.0335  0.8731  0.6881  0.6034  0.5038
    6.00  158.81  -1.1510 -0.6917 -0.0431  0.3728  0.6955  0.8562  0.8184  0.6260  0.4406  0.3602  0.3555
    6.00  199.78  -1.2374 -0.8078 -0.1845  0.2131  0.5084  0.6427  0.5677  0.3345  0.1506  0.0745  0.1892
    6.00  251.39  -1.3396 -0.9412 -0.3434  0.0298  0.2875  0.3847  0.2649 -0.0175 -0.2000 -0.2724  0.0017
    6.00  316.39  -1.4436 -1.0743 -0.5049 -0.1643  0.0452  0.0914 -0.0884 -0.4336 -0.6149 -0.6819 -0.1971
    6.00  398.24  -1.5352 -1.1955 -0.6549 -0.3531 -0.2092 -0.2273 -0.4780 -0.8990 -1.0804 -1.1413 -0.3935
    6.00  501.29  -1.6433 -1.3340 -0.8253 -0.5745 -0.5141 -0.6165 -0.9569 -1.4736 -1.6527 -1.7103 -0.6203
    6.00  631.04  -1.7857 -1.5057 -1.0334 -0.8531 -0.9110 -1.1333 -1.5998 -2.2443 -2.4224 -2.4760 -0.9032
    6.00  794.39  -1.9396 -1.6889 -1.2546 -1.1517 -1.3406 -1.6959 -2.3009 -3.0854 -3.2624 -3.3118 -1.2071
    6.25   10.05  -0.1017  0.7944  1.7347  2.1772  2.4949  2.6401  2.7453  2.7842  2.6185  2.4607  2.2434
    6.25   10.08  -0.1017  0.7944  1.7347  2.1772  2.4949  2.6401  2.7453  2.7842  2.6185  2.4607  2.2434
    6.25   10.12  -0.1017  0.7944  1.7347  2.1772  2.4949  2.6401  2.7453  2.7842  2.6185  2.4607  2.2434
    6.25   10.20  -0.1017  0.7944  1.7347  2.1772  2.4949  2.6401  2.7453  2.7842  2.6185  2.4607  2.2434
    6.25   10.31  -0.1017  0.7944  1.7347  2.1772  2.4949  2.6401  2.7453  2.7842  2.6185  2.4607  2.2434
    6.25   10.49  -0.1017  0.7944  1.7347  2.1772  2.4949  2.6401  2.7453  2.7842  2.6185  2.4607  2.2434
    6.25   10.76  -0.1079  0.7821  1.7166  2.1583  2.4749  2.6206  2.7236  2.7560  2.5845  2.4290  2.2222
    6.25   11.18  -0.1284  0.7416  1.6587  2.0978  2.4136  2.5622  2.6601  2.6769  2.4936  2.3448  2.1563
    6.25   11.82  -0.1577  0.6836  1.5784  2.0145  2.3331  2.4877  2.5816  2.5848  2.3968  2.2550  2.0661
    6.25   12.77  -0.1847  0.6306  1.5059  1.9398  2.2616  2.4214  2.5119  2.5039  2.3127  2.1766  1.9853
    6.25   14.14  -0.2213  0.5610  1.4136  1.8472  2.1746  2.3423  2.4299  2.4131  2.2232  2.0916  1.8856
    6.25   16.08  -0.2553  0.4967  1.3281  1.7618  2.0943  2.2694  2.3539  2.3292  2.1408  2.0130  1.7936
    6.25   18.74  -0.2927  0.4276  1.2387  1.6723  2.0100  2.1924  2.2726  2.2405  2.0529  1.9309  1.6972
    6.25   22.32  -0.3301  0.3595  1.1509  1.5839  1.9263  2.1145  2.1910  2.1507  1.9637  1.8474  1.6023
    6.25   27.04  -0.3688  0.2908  1.0621  1.4952  1.8410  2.0330  2.1066  2.0569  1.8705  1.7593  1.5069
    6.25   33.16  -0.4094  0.2218  0.9726  1.4046  1.7527  1.9487  2.0171  1.9570  1.7718  1.6652  1.4096
    6.25   41.05  -0.4523  0.1499  0.8815  1.3113  1.6601  1.8576  1.9177  1.8464  1.6636  1.5612  1.3097
    6.25   51.11  -0.4975  0.0760  0.7883  1.2147  1.5626  1.7597  1.8107  1.7266  1.5454  1.4478  1.2076
    6.25   63.89  -0.5473 -0.0013  0.6915  1.1150  1.4578  1.6521  1.6920  1.5923  1.4133  1.3199  1.1008
    6.25   80.06  -0.6013 -0.0839  0.5895  1.0055  1.3427  1.5310  1.5563  1.4384  1.2608  1.1717  0.9865
    6.25  100.50  -0.6614 -0.1717  0.4823  0.8897  1.2163  1.3942  1.4014  1.2626  1.0855  1.0007  0.8646
    6.25  126.29  -0.7288 -0.2666  0.3667  0.7632  1.0734  1.2377  1.2215  1.0549  0.8800  0.8001  0.7319
    6.25  158.81  -0.8071 -0.3718  0.2402  0.6223  0.9097  1.0529  1.0078  0.8085  0.6361  0.5602  0.5851
    6.25  199.78  -0.8959 -0.4890  0.1009  0.4647  0.7238  0.8378  0.7573  0.5196  0.3482  0.2766  0.4219
    6.25  251.39  -1.0033 -0.6228 -0.0558  0.2838  0.5052  0.5806  0.4551  0.1692 -0.0004 -0.0688  0.2353
    6.25  316.39  -1.1116 -0.7575 -0.2153  0.0930  0.2625  0.2867  0.1042 -0.2437 -0.4110 -0.4746  0.0372
    6.25  398.24  -1.2055 -0.8794 -0.3638 -0.0947  0.0111 -0.0305 -0.2858 -0.7066 -0.8733 -0.9326 -0.1555
    6.25  501.29  -1.3177 -1.0180 -0.5320 -0.3132 -0.2932 -0.4200 -0.7647 -1.2781 -1.4431 -1.4983 -0.3797
    6.25  631.04  -1.4630 -1.1906 -0.7373 -0.5888 -0.6884 -0.9364 -1.4059 -2.0460 -2.2093 -2.2604 -0.6610
    6.25  794.39  -1.6198 -1.3746 -0.9557 -0.8846 -1.1164 -1.4986 -2.1049 -2.8839 -3.0455 -3.0923 -0.9627
    6.50   10.05   0.1933  1.0203  1.8770  2.2890  2.5920  2.7325  2.8210  2.8183  2.6528  2.5089  2.3371
    6.50   10.08   0.1933  1.0203  1.8770  2.2890  2.5920  2.7325  2.8210  2.8183  2.6528  2.5089  2.3371
    6.50   10.12   0.1933  1.0203  1.8770  2.2890  2.5920  2.7325  2.8210  2.8183  2.6528  2.5089  2.3371
    6.50   10.20   0.1933  1.0203  1.8770  2.2890  2.5920  2.7325  2.8210  2.8183  2.6528  2.5089  2.3371
    6.50   10.31   0.1933  1.0203  1.8770  2.2890  2.5920  2.7325  2.8210  2.8183  2.6528  2.5089  2.3371
    6.50   10.49   0.1933  1.0203  1.8770  2.2890  2.5920  2.7325  2.8210  2.8183  2.6528  2.5089  2.3371
    6.50   10.76   0.1933  1.0203  1.8770  2.2890  2.5920  2.7325  2.8210  2.8183  2.6528  2.5089  2.3371
    6.50   11.18   0.1874  1.0103  1.8631  2.2732  2.5762  2.7168  2.8038  2.7965  2.6266  2.4844  2.3204
    6.50   11.82   0.1570  0.9562  1.7901  2.1947  2.4989  2.6418  2.7234  2.7002  2.5186  2.3829  2.2363
    6.50   12.77   0.1221  0.8906  1.7032  2.1057  2.4115  2.5595  2.6372  2.6022  2.4166  2.2878  2.1392
    6.50   14.14   0.0820  0.8206  1.6123  2.0145  2.3236  2.4780  2.5527  2.5091  2.3227  2.2004  2.0405
    6.50   16.08   0.0387  0.7475  1.5183  1.9214  2.2350  2.3958  2.4683  2.4179  2.2324  2.1163  1.9394
    6.50   18.74  -0.0039  0.6752  1.4271  1.8306  2.1488  2.3154  2.3857  2.3280  2.1452  2.0329  1.8409
    6.50   22.32  -0.0467  0.6029  1.3369  1.7407  2.0629  2.2348  2.3024  2.2376  2.0582  1.9491  1.7438
    6.50   27.04  -0.0901  0.5310  1.2478  1.6511  1.9750  2.1531  2.2156  2.1450  1.9665  1.8639  1.6478
    6.50   33.16  -0.1352  0.4595  1.1594  1.5609  1.8867  2.0657  2.1246  2.0452  1.8690  1.7716  1.5505
    6.50   41.05  -0.1817  0.3865  1.0696  1.4689  1.7942  1.9742  2.0257  1.9366  1.7632  1.6698  1.4522
    6.50   51.11  -0.2304  0.3117  0.9775  1.3755  1.6980  1.8774  1.9202  1.8200  1.6482  1.5589  1.3524
    6.50   63.89  -0.2823  0.2336  0.8828  1.2772  1.5947  1.7704  1.8031  1.6890  1.5199  1.4345  1.2464
    6.50   80.06  -0.3398  0.1508  0.7835  1.1713  1.4806  1.6500  1.6690  1.5388  1.3714  1.2900  1.1354
    6.50  100.50  -0.4028  0.0609  0.6780  1.0572  1.3568  1.5141  1.5157  1.3650  1.1999  1.1223  1.0159
    6.50  126.29  -0.4749 -0.0343  0.5642  0.9332  1.2149  1.3560  1.3362  1.1607  0.9980  0.9261  0.8853
    6.50  158.81  -0.5558 -0.1405  0.4403  0.7945  1.0533  1.1722  1.1231  0.9180  0.7566  0.6878  0.7405
    6.50  199.78  -0.6501 -0.2590  0.3025  0.6389  0.8670  0.9556  0.8745  0.6295  0.4705  0.4060  0.5790
    6.50  251.39  -0.7600 -0.3931  0.1486  0.4608  0.6496  0.7001  0.5721  0.2809  0.1252  0.0635  0.3946
    6.50  316.39  -0.8715 -0.5299 -0.0092  0.2709  0.4078  0.4064  0.2212 -0.1286 -0.2839 -0.3398  0.1992
    6.50  398.24  -0.9696 -0.6519 -0.1560  0.0859  0.1559  0.0877 -0.1671 -0.5901 -0.7420 -0.7957  0.0077
    6.50  501.29  -1.0848 -0.7916 -0.3226 -0.1314 -0.1439 -0.3001 -0.6458 -1.1582 -1.3088 -1.3587 -0.2141
    6.50  631.04  -1.2342 -0.9655 -0.5262 -0.4044 -0.5391 -0.8161 -1.2860 -1.9236 -2.0719 -2.1176 -0.4933
    6.50  794.39  -1.3950 -1.1503 -0.7422 -0.6974 -0.9666 -1.3774 -1.9840 -2.7590 -2.9046 -2.9464 -0.7927
    6.75   10.05   0.4673  1.2339  2.0128  2.3976  2.6933  2.8250  2.8996  2.8533  2.6887  2.5605  2.4335
    6.75   10.08   0.4673  1.2339  2.0128  2.3976  2.6933  2.8250  2.8996  2.8533  2.6887  2.5605  2.4335
    6.75   10.12   0.4673  1.2339  2.0128  2.3976  2.6933  2.8250  2.8996  2.8533  2.6887  2.5605  2.4335
    6.75   10.20   0.4673  1.2339  2.0128  2.3976  2.6933  2.8250  2.8996  2.8533  2.6887  2.5605  2.4335
    6.75   10.31   0.4673  1.2339  2.0128  2.3976  2.6933  2.8250  2.8996  2.8533  2.6887  2.5605  2.4335
    6.75   10.49   0.4673  1.2339  2.0128  2.3976  2.6933  2.8250  2.8996  2.8533  2.6887  2.5605  2.4335
    6.75   10.76   0.4673  1.2339  2.0128  2.3976  2.6933  2.8250  2.8996  2.8533  2.6887  2.5605  2.4335
    6.75   11.18   0.4673  1.2339  2.0128  2.3976  2.6933  2.8250  2.8996  2.8533  2.6887  2.5605  2.4335
    6.75   11.82   0.4673  1.2336  2.0124  2.3971  2.6928  2.8246  2.8993  2.8527  2.6881  2.5599  2.4332
    6.75   12.77   0.4254  1.1631  1.9214  2.3014  2.5950  2.7287  2.7971  2.7325  2.5540  2.4352  2.3287
    6.75   14.14   0.3792  1.0874  1.8245  2.2027  2.4959  2.6344  2.6992  2.6242  2.4422  2.3313  2.2208
    6.75   16.08   0.3238  0.9986  1.7158  2.0944  2.3922  2.5362  2.5992  2.5188  2.3392  2.2338  2.1027
    6.75   18.74   0.2728  0.9175  1.6173  1.9962  2.2984  2.4475  2.5093  2.4244  2.2476  2.1469  1.9963
    6.75   22.32   0.2202  0.8371  1.5210  1.9001  2.2053  2.3601  2.4193  2.3297  2.1563  2.0604  1.8926
    6.75   27.04   0.1696  0.7592  1.4278  1.8075  2.1146  2.2726  2.3290  2.2336  2.0619  1.9718  1.7922
    6.75   33.16   0.1202  0.6823  1.3361  1.7158  2.0234  2.1828  2.2356  2.1335  1.9652  1.8795  1.6931
    6.75   41.05   0.0665  0.6050  1.2449  1.6232  1.9290  2.0896  2.1352  2.0263  1.8605  1.7785  1.5935
    6.75   51.11   0.0126  0.5272  1.1536  1.5291  1.8317  1.9904  2.0270  1.9096  1.7472  1.6692  1.4930
    6.75   63.89  -0.0442  0.4471  1.0596  1.4309  1.7280  1.8818  1.9092  1.7791  1.6200  1.5464  1.3886
    6.75   80.06  -0.1061  0.3623  0.9609  1.3269  1.6153  1.7611  1.7756  1.6307  1.4741  1.4039  1.2776
    6.75  100.50  -0.1734  0.2727  0.8565  1.2147  1.4905  1.6245  1.6222  1.4590  1.3050  1.2393  1.1591
    6.75  126.29  -0.2487  0.1758  0.7443  1.0919  1.3504  1.4674  1.4437  1.2583  1.1070  1.0448  1.0319
    6.75  158.81  -0.3341  0.0691  0.6214  0.9557  1.1887  1.2830  1.2321  1.0166  0.8688  0.8099  0.8868
    6.75  199.78  -0.4319 -0.0515  0.4854  0.8009  1.0035  1.0658  0.9804  0.7293  0.5837  0.5289  0.7272
    6.75  251.39  -0.5458 -0.1873  0.3331  0.6248  0.7874  0.8100  0.6801  0.3838  0.2412  0.1893  0.5454
    6.75  316.39  -0.6625 -0.3256  0.1764  0.4371  0.5462  0.5156  0.3302 -0.0231 -0.1637 -0.2106  0.3513
    6.75  398.24  -0.7653 -0.4490  0.0314  0.2541  0.2954  0.1976 -0.0597 -0.4831 -0.6206 -0.6648  0.1623
    6.75  501.29  -0.8845 -0.5906 -0.1316  0.0391 -0.0058 -0.1898 -0.5362 -1.0499 -1.1849 -1.2255 -0.0579
    6.75  631.04  -1.0362 -0.7646 -0.3327 -0.2308 -0.3973 -0.7052 -1.1746 -1.8115 -1.9434 -1.9810 -0.3343
    6.75  794.39  -1.1996 -0.9494 -0.5468 -0.5210 -0.8218 -1.2659 -1.8708 -2.6423 -2.7717 -2.8060 -0.6309
    7.00   10.05   0.7185  1.4259  2.1336  2.4980  2.7908  2.9099  2.9697  2.8794  2.7158  2.6068  2.5229
    7.00   10.08   0.7185  1.4259  2.1336  2.4980  2.7908  2.9099  2.9697  2.8794  2.7158  2.6068  2.5229
    7.00   10.12   0.7185  1.4259  2.1336  2.4980  2.7908  2.9099  2.9697  2.8794  2.7158  2.6068  2.5229
    7.00   10.20   0.7185  1.4259  2.1336  2.4980  2.7908  2.9099  2.9697  2.8794  2.7158  2.6068  2.5229
    7.00   10.31   0.7185  1.4259  2.1336  2.4980  2.7908  2.9099  2.9697  2.8794  2.7158  2.6068  2.5229
    7.00   10.49   0.7185  1.4259  2.1336  2.4980  2.7908  2.9099  2.9697  2.8794  2.7158  2.6068  2.5229
    7.00   10.76   0.7185  1.4259  2.1336  2.4980  2.7908  2.9099  2.9697  2.8794  2.7158  2.6068  2.5229
    7.00   11.18   0.7185  1.4259  2.1336  2.4980  2.7908  2.9099  2.9697  2.8794  2.7158  2.6068  2.5229
    7.00   11.82   0.7185  1.4259  2.1336  2.4980  2.7908  2.9099  2.9697  2.8794  2.7158  2.6068  2.5229
    7.00   12.77   0.7185  1.4259  2.1336  2.4980  2.7908  2.9099  2.9697  2.8794  2.7158  2.6068  2.5229
    7.00   14.14   0.6756  1.3604  2.0505  2.4105  2.7005  2.8197  2.8765  2.7715  2.5965  2.4946  2.4283
    7.00   16.08   0.6122  1.2626  1.9336  2.2922  2.5814  2.7044  2.7578  2.6449  2.4681  2.3741  2.2981
    7.00   18.74   0.5398  1.1580  1.8106  2.1709  2.4615  2.5911  2.6437  2.5273  2.3554  2.2682  2.1655
    7.00   22.32   0.4756  1.0653  1.7032  2.0644  2.3573  2.4913  2.5423  2.4235  2.2563  2.1752  2.0495
    7.00   27.04   0.4145  0.9773  1.6023  1.9638  2.2583  2.3951  2.4446  2.3231  2.1594  2.0830  1.9407
    7.00   33.16   0.3551  0.8935  1.5063  1.8679  2.1629  2.3006  2.3476  2.2224  2.0601  1.9880  1.8369
    7.00   41.05   0.2963  0.8107  1.4126  1.7729  2.0647  2.2028  2.2430  2.1119  1.9565  1.8886  1.7347
    7.00   51.11   0.2354  0.7286  1.3190  1.6777  1.9665  2.1013  2.1345  1.9958  1.8434  1.7796  1.6323
    7.00   63.89   0.1729  0.6444  1.2249  1.5794  1.8614  1.9899  2.0141  1.8663  1.7175  1.6568  1.5273
    7.00   80.06   0.1049  0.5580  1.1260  1.4757  1.7485  1.8683  1.8806  1.7199  1.5743  1.5181  1.4166
    7.00  100.50   0.0338  0.4651  1.0208  1.3648  1.6238  1.7303  1.7267  1.5492  1.4072  1.3546  1.2995
    7.00  126.29  -0.0462  0.3665  0.9113  1.2442  1.4835  1.5730  1.5484  1.3507  1.2109  1.1616  1.1711
    7.00  158.81  -0.1356  0.2566  0.7903  1.1083  1.3239  1.3898  1.3380  1.1130  0.9766  0.9296  1.0291
    7.00  199.78  -0.2378  0.1362  0.6554  0.9544  1.1377  1.1715  1.0858  0.8249  0.6921  0.6496  0.8711
    7.00  251.39  -0.3555  0.0007  0.5046  0.7815  0.9228  0.9144  0.7852  0.4819  0.3527  0.3131  0.6909
    7.00  316.39  -0.4771 -0.1402  0.3485  0.5945  0.6821  0.6201  0.4351  0.0764 -0.0489 -0.0855  0.4979
    7.00  398.24  -0.5832 -0.2658  0.2051  0.4136  0.4322  0.3009  0.0471 -0.3809 -0.5042 -0.5362  0.3102
    7.00  501.29  -0.7074 -0.4081  0.0423  0.2015  0.1317 -0.0887 -0.4303 -0.9449 -1.0664 -1.0938  0.0929
    7.00  631.04  -0.8631 -0.5822 -0.1557 -0.0663 -0.2581 -0.6016 -1.0674 -1.7033 -1.8207 -1.8460 -0.1811
    7.00  794.39  -1.0300 -0.7676 -0.3664 -0.3538 -0.6803 -1.1597 -1.7614 -2.5308 -2.6442 -2.6670 -0.4752
    7.25   10.05   0.9421  1.5976  2.2309  2.5809  2.8741  2.9801  3.0303  2.8964  2.7339  2.6442  2.6058
    7.25   10.08   0.9421  1.5976  2.2309  2.5809  2.8741  2.9801  3.0303  2.8964  2.7339  2.6442  2.6058
    7.25   10.12   0.9421  1.5976  2.2309  2.5809  2.8741  2.9801  3.0303  2.8964  2.7339  2.6442  2.6058
    7.25   10.20   0.9421  1.5976  2.2309  2.5809  2.8741  2.9801  3.0303  2.8964  2.7339  2.6442  2.6058
    7.25   10.31   0.9421  1.5976  2.2309  2.5809  2.8741  2.9801  3.0303  2.8964  2.7339  2.6442  2.6058
    7.25   10.49   0.9421  1.5976  2.2309  2.5809  2.8741  2.9801  3.0303  2.8964  2.7339  2.6442  2.6058
    7.25   10.76   0.9421  1.5976  2.2309  2.5809  2.8741  2.9801  3.0303  2.8964  2.7339  2.6442  2.6058
    7.25   11.18   0.9421  1.5976  2.2309  2.5809  2.8741  2.9801  3.0303  2.8964  2.7339  2.6442  2.6058
    7.25   11.82   0.9421  1.5976  2.2309  2.5809  2.8741  2.9801  3.0303  2.8964  2.7339  2.6442  2.6058
    7.25   12.77   0.9421  1.5976  2.2309  2.5809  2.8741  2.9801  3.0303  2.8964  2.7339  2.6442  2.6058
    7.25   14.14   0.9421  1.5976  2.2309  2.5809  2.8741  2.9801  3.0303  2.8964  2.7339  2.6442  2.6058
    7.25   16.08   0.9123  1.5551  2.1802  2.5259  2.8158  2.9198  2.9654  2.8248  2.6531  2.5685  2.5457
    7.25   18.74   0.8184  1.4227  2.0278  2.3723  2.6587  2.7651  2.8100  2.6633  2.4923  2.4176  2.3768
    7.25   22.32   0.7285  1.2993  1.8905  2.2367  2.5247  2.6354  2.6803  2.5346  2.3692  2.3027  2.2292
    7.25   27.04   0.6488  1.1934  1.7726  2.1211  2.4094  2.5224  2.5669  2.4216  2.2622  2.1997  2.1014
    7.25   33.16   0.5758  1.0953  1.6662  2.0147  2.3028  2.4172  2.4590  2.3124  2.1584  2.1020  1.9874
    7.25   41.05   0.5059  1.0042  1.5659  1.9152  2.1997  2.3125  2.3512  2.2012  2.0526  1.9996  1.8781
    7.25   51.11   0.4371  0.9154  1.4686  1.8166  2.0958  2.2055  2.2377  2.0830  1.9387  1.8898  1.7719
    7.25   63.89   0.3676  0.8264  1.3729  1.7168  1.9881  2.0915  2.1138  1.9525  1.8126  1.7669  1.6644
    7.25   80.06   0.2941  0.7357  1.2736  1.6134  1.8736  1.9681  1.9801  1.8062  1.6704  1.6283  1.5535
    7.25  100.50   0.2169  0.6403  1.1687  1.5023  1.7482  1.8279  1.8245  1.6377  1.5063  1.4672  1.4365
    7.25  126.29   0.1318  0.5383  1.0598  1.3815  1.6080  1.6689  1.6452  1.4389  1.3110  1.2761  1.3091
    7.25  158.81   0.0388  0.4278  0.9393  1.2478  1.4490  1.4847  1.4348  1.2040  1.0801  1.0475  1.1695
    7.25  199.78  -0.0695  0.3045  0.8056  1.0963  1.2632  1.2649  1.1810  0.9158  0.7968  0.7675  1.0113
    7.25  251.39  -0.1904  0.1666  0.6566  0.9248  1.0489  1.0088  0.8822  0.5763  0.4599  0.4339  0.8323
    7.25  316.39  -0.3180  0.0239  0.4997  0.7377  0.8064  0.7130  0.5320  0.1742  0.0612  0.0383  0.6396
    7.25  398.24  -0.4279 -0.1036  0.3589  0.5581  0.5577  0.3931  0.1423 -0.2836 -0.3923 -0.4122  0.4536
    7.25  501.29  -0.5560 -0.2464  0.1983  0.3485  0.2593  0.0046 -0.3343 -0.8465 -0.9520 -0.9689  0.2384
    7.25  631.04  -0.7150 -0.4213  0.0020  0.0834 -0.1294 -0.5089 -0.9693 -1.6005 -1.7023 -1.7162 -0.0333
    7.25  794.39  -0.8850 -0.6075 -0.2069 -0.2016 -0.5502 -1.0668 -1.6610 -2.4234 -2.5212 -2.5323 -0.3245
    7.50   10.05   1.1407  1.7484  2.2800  2.6051  2.8888  2.9993  3.0379  2.9051  2.7420  2.6544  2.6816
    7.50   10.08   1.1407  1.7484  2.2800  2.6051  2.8888  2.9993  3.0379  2.9051  2.7420  2.6544  2.6816
    7.50   10.12   1.1407  1.7484  2.2800  2.6051  2.8888  2.9993  3.0379  2.9051  2.7420  2.6544  2.6816
    7.50   10.20   1.1407  1.7484  2.2800  2.6051  2.8888  2.9993  3.0379  2.9051  2.7420  2.6544  2.6816
    7.50   10.31   1.1407  1.7484  2.2800  2.6051  2.8888  2.9993  3.0379  2.9051  2.7420  2.6544  2.6816
    7.50   10.49   1.1407  1.7484  2.2800  2.6051  2.8888  2.9993  3.0379  2.9051  2.7420  2.6544  2.6816
    7.50   10.76   1.1407  1.7484  2.2800  2.6051  2.8888  2.9993  3.0379  2.9051  2.7420  2.6544  2.6816
    7.50   11.18   1.1407  1.7484  2.2800  2.6051  2.8888  2.9993  3.0379  2.9051  2.7420  2.6544  2.6816
    7.50   11.82   1.1407  1.7484  2.2800  2.6051  2.8888  2.9993  3.0379  2.9051  2.7420  2.6544  2.6816
    7.50   12.77   1.1407  1.7484  2.2800  2.6051  2.8888  2.9993  3.0379  2.9051  2.7420  2.6544  2.6816
    7.50   14.14   1.1407  1.7484  2.2800  2.6051  2.8888  2.9993  3.0379  2.9051  2.7420  2.6544  2.6816
    7.50   16.08   1.1407  1.7484  2.2800  2.6051  2.8888  2.9993  3.0379  2.9051  2.7420  2.6544  2.6816
    7.50   18.74   1.1354  1.7411  2.2720  2.5961  2.8789  2.9890  3.0271  2.8930  2.7284  2.6418  2.6718
    7.50   22.32   1.0104  1.5771  2.0884  2.4097  2.6842  2.7920  2.8295  2.6900  2.5218  2.4476  2.4668
    7.50   27.04   0.8918  1.4261  1.9283  2.2513  2.5250  2.6344  2.6743  2.5405  2.3822  2.3161  2.2928
    7.50   33.16   0.7934  1.3022  1.7982  2.1255  2.3953  2.5052  2.5445  2.4148  2.2638  2.2037  2.1542
    7.50   41.05   0.7071  1.1947  1.6857  2.0126  2.2800  2.3876  2.4255  2.2957  2.1513  2.0966  2.0303
    7.50   51.11   0.6251  1.0926  1.5801  1.9063  2.1666  2.2714  2.3034  2.1715  2.0348  1.9812  1.9161
    7.50   63.89   0.5465  0.9966  1.4795  1.8032  2.0550  2.1512  2.1773  2.0403  1.9089  1.8593  1.8044
    7.50   80.06   0.4656  0.8999  1.3783  1.6975  1.9376  2.0239  2.0378  1.8936  1.7661  1.7202  1.6905
    7.50  100.50   0.3810  0.8007  1.2723  1.5858  1.8101  1.8820  1.8822  1.7250  1.6026  1.5597  1.5725
    7.50  126.29   0.2910  0.6954  1.1628  1.4653  1.6695  1.7214  1.7014  1.5282  1.4110  1.3715  1.4449
    7.50  158.81   0.1906  0.5815  1.0422  1.3331  1.5091  1.5344  1.4894  1.2922  1.1796  1.1417  1.3051
    7.50  199.78   0.0786  0.4562  0.9094  1.1813  1.3231  1.3143  1.2345  1.0073  0.8988  0.8646  1.1468
    7.50  251.39  -0.0473  0.3167  0.7617  1.0115  1.1090  1.0575  0.9359  0.6695  0.5650  0.5340  0.9708
    7.50  316.39  -0.1818  0.1688  0.6043  0.8239  0.8684  0.7602  0.5861  0.2683  0.1681  0.1398  0.7774
    7.50  398.24  -0.2964  0.0401  0.4647  0.6460  0.6173  0.4391  0.1949 -0.1882 -0.2839 -0.3096  0.5930
    7.50  501.29  -0.4281 -0.1039  0.3063  0.4378  0.3188  0.0501 -0.2817 -0.7500 -0.8416 -0.8644  0.3783
    7.50  631.04  -0.5907 -0.2792  0.1130  0.1759 -0.0675 -0.4616 -0.9147 -1.5005 -1.5873 -1.6072  0.1097
    7.50  794.39  -0.7642 -0.4654 -0.0931 -0.1059 -0.4854 -1.0176 -1.6035 -2.3187 -2.4007 -2.4178 -0.1783
    7.75   10.05   1.3112  1.8768  2.3230  2.6220  2.8948  3.0121  3.0434  2.9131  2.7496  2.6612  2.7506
    7.75   10.08   1.3112  1.8768  2.3230  2.6220  2.8948  3.0121  3.0434  2.9131  2.7496  2.6612  2.7506
    7.75   10.12   1.3112  1.8768  2.3230  2.6220  2.8948  3.0121  3.0434  2.9131  2.7496  2.6612  2.7506
    7.75   10.20   1.3112  1.8768  2.3230  2.6220  2.8948  3.0121  3.0434  2.9131  2.7496  2.6612  2.7506
    7.75   10.31   1.3112  1.8768  2.3230  2.6220  2.8948  3.0121  3.0434  2.9131  2.7496  2.6612  2.7506
    7.75   10.49   1.3112  1.8768  2.3230  2.6220  2.8948  3.0121  3.0434  2.9131  2.7496  2.6612  2.7506
    7.75   10.76   1.3112  1.8768  2.3230  2.6220  2.8948  3.0121  3.0434  2.9131  2.7496  2.6612  2.7506
    7.75   11.18   1.3112  1.8768  2.3230  2.6220  2.8948  3.0121  3.0434  2.9131  2.7496  2.6612  2.7506
    7.75   11.82   1.3112  1.8768  2.3230  2.6220  2.8948  3.0121  3.0434  2.9131  2.7496  2.6612  2.7506
    7.75   12.77   1.3112  1.8768  2.3230  2.6220  2.8948  3.0121  3.0434  2.9131  2.7496  2.6612  2.7506
    7.75   14.14   1.3112  1.8768  2.3230  2.6220  2.8948  3.0121  3.0434  2.9131  2.7496  2.6612  2.7506
    7.75   16.08   1.3112  1.8768  2.3230  2.6220  2.8948  3.0121  3.0434  2.9131  2.7496  2.6612  2.7506
    7.75   18.74   1.3112  1.8768  2.3230  2.6220  2.8948  3.0121  3.0434  2.9131  2.7496  2.6612  2.7506
    7.75   22.32   1.3112  1.8768  2.3230  2.6220  2.8948  3.0121  3.0434  2.9131  2.7496  2.6612  2.7506
    7.75   27.04   1.1937  1.7300  2.1683  2.4627  2.7243  2.8358  2.8658  2.7374  2.5718  2.4934  2.5743
    7.75   33.16   1.0336  1.5372  1.9718  2.2709  2.5272  2.6377  2.6718  2.5571  2.4043  2.3345  2.3634
    7.75   41.05   0.9106  1.3918  1.8260  2.1283  2.3787  2.4872  2.5228  2.4152  2.2723  2.2086  2.2051
    7.75   51.11   0.8073  1.2703  1.7042  2.0079  2.2510  2.3538  2.3866  2.2820  2.1477  2.0886  2.0729
    7.75   63.89   0.7120  1.1596  1.5936  1.8956  2.1280  2.2239  2.2502  2.1450  2.0172  1.9618  1.9513
    7.75   80.06   0.6199  1.0541  1.4862  1.7850  2.0052  2.0890  2.1054  1.9947  1.8749  1.8227  1.8323
    7.75  100.50   0.5260  0.9479  1.3791  1.6715  1.8746  1.9425  1.9442  1.8261  1.7116  1.6628  1.7102
    7.75  126.29   0.4281  0.8375  1.2661  1.5497  1.7309  1.7784  1.7632  1.6291  1.5198  1.4737  1.5814
    7.75  158.81   0.3221  0.7198  1.1453  1.4160  1.5687  1.5886  1.5484  1.3926  1.2900  1.2462  1.4405
    7.75  199.78   0.2045  0.5914  1.0132  1.2655  1.3829  1.3667  1.2934  1.1088  1.0114  0.9699  1.2834
    7.75  251.39   0.0734  0.4491  0.8662  1.0965  1.1690  1.1086  0.9950  0.7729  0.6798  0.6413  1.1069
    7.75  316.39  -0.0705  0.2954  0.7053  0.9076  0.9228  0.8069  0.6402  0.3701  0.2819  0.2465  0.9107
    7.75  398.24  -0.1891  0.1654  0.5672  0.7303  0.6742  0.4856  0.2502 -0.0840 -0.1668 -0.2005  0.7281
    7.75  501.29  -0.3258  0.0199  0.4099  0.5235  0.3757  0.0945 -0.2278 -0.6451 -0.7234 -0.7544  0.5148
    7.75  631.04  -0.4920 -0.1567  0.2184  0.2634 -0.0087 -0.4161 -0.8581 -1.3904 -1.4639 -1.4916  0.2493
    7.75  794.39  -0.6687 -0.3442  0.0142 -0.0159 -0.4243 -0.9698 -1.5433 -2.2027 -2.2711 -2.2960 -0.0356
    8.00   10.05   1.4555  1.9848  2.3664  2.6384  2.9008  3.0246  3.0489  2.9214  2.7570  2.6680  2.8127
    8.00   10.08   1.4555  1.9848  2.3664  2.6384  2.9008  3.0246  3.0489  2.9214  2.7570  2.6680  2.8127
    8.00   10.12   1.4555  1.9848  2.3664  2.6384  2.9008  3.0246  3.0489  2.9214  2.7570  2.6680  2.8127
    8.00   10.20   1.4555  1.9848  2.3664  2.6384  2.9008  3.0246  3.0489  2.9214  2.7570  2.6680  2.8127
    8.00   10.31   1.4555  1.9848  2.3664  2.6384  2.9008  3.0246  3.0489  2.9214  2.7570  2.6680  2.8127
    8.00   10.49   1.4555  1.9848  2.3664  2.6384  2.9008  3.0246  3.0489  2.9214  2.7570  2.6680  2.8127
    8.00   10.76   1.4555  1.9848  2.3664  2.6384  2.9008  3.0246  3.0489  2.9214  2.7570  2.6680  2.8127
    8.00   11.18   1.4555  1.9848  2.3664  2.6384  2.9008  3.0246  3.0489  2.9214  2.7570  2.6680  2.8127
    8.00   11.82   1.4555  1.9848  2.3664  2.6384  2.9008  3.0246  3.0489  2.9214  2.7570  2.6680  2.8127
    8.00   12.77   1.4555  1.9848  2.3664  2.6384  2.9008  3.0246  3.0489  2.9214  2.7570  2.6680  2.8127
    8.00   14.14   1.4555  1.9848  2.3664  2.6384  2.9008  3.0246  3.0489  2.9214  2.7570  2.6680  2.8127
    8.00   16.08   1.4555  1.9848  2.3664  2.6384  2.9008  3.0246  3.0489  2.9214  2.7570  2.6680  2.8127
    8.00   18.74   1.4555  1.9848  2.3664  2.6384  2.9008  3.0246  3.0489  2.9214  2.7570  2.6680  2.8127
    8.00   22.32   1.4555  1.9848  2.3664  2.6384  2.9008  3.0246  3.0489  2.9214  2.7570  2.6680  2.8127
    8.00   27.04   1.4555  1.9848  2.3664  2.6384  2.9008  3.0246  3.0489  2.9214  2.7570  2.6680  2.8127
    8.00   33.16   1.3935  1.9107  2.2913  2.5610  2.8148  2.9338  2.9554  2.8313  2.6649  2.5810  2.7262
    8.00   41.05   1.1625  1.6463  2.0327  2.3079  2.5463  2.6582  2.6869  2.5897  2.4409  2.3692  2.4441
    8.00   51.11   1.0047  1.4677  1.8633  2.1418  2.3722  2.4773  2.5078  2.4239  2.2911  2.2232  2.2607
    8.00   63.89   0.8795  1.3290  1.7293  2.0090  2.2270  2.3230  2.3503  2.2720  2.1488  2.0860  2.1155
    8.00   80.06   0.7684  1.2060  1.6103  1.8882  2.0914  2.1759  2.1962  2.1165  2.0025  1.9432  1.9838
    8.00  100.50   0.6607  1.0881  1.4961  1.7681  1.9531  2.0193  2.0275  1.9446  1.8371  1.7817  1.8546
    8.00  126.29   0.5520  0.9702  1.3799  1.6439  1.8058  1.8507  1.8417  1.7466  1.6465  1.5930  1.7219
    8.00  158.81   0.4371  0.8469  1.2571  1.5084  1.6409  1.6573  1.6243  1.5108  1.4161  1.3661  1.5791
    8.00  199.78   0.3129  0.7139  1.1237  1.3577  1.4528  1.4326  1.3679  1.2272  1.1394  1.0903  1.4210
    8.00  251.39   0.1758  0.5687  0.9767  1.1883  1.2385  1.1734  1.0678  0.8918  0.8108  0.7637  1.2454
    8.00  316.39   0.0200  0.4059  0.8101  0.9933  0.9847  0.8614  0.7051  0.4831  0.4066  0.3631  1.0436
    8.00  398.24  -0.1050  0.2737  0.6736  0.8188  0.7379  0.5415  0.3169  0.0339 -0.0370 -0.0791  0.8615
    8.00  501.29  -0.2451  0.1260  0.5167  0.6134  0.4383  0.1484 -0.1630 -0.5281 -0.5934 -0.6323  0.6490
    8.00  631.04  -0.4152 -0.0515  0.3269  0.3569  0.0562 -0.3594 -0.7900 -1.2677 -1.3277 -1.3647  0.3851
    8.00  794.39  -0.5960 -0.2397  0.1256  0.0819 -0.3559 -0.9099 -1.4711 -2.0725 -2.1268 -2.1629  0.1028
    8.25   10.05   1.5745  2.0716  2.4106  2.6558  2.9070  3.0387  3.0507  2.9295  2.7643  2.6747  2.8677
    8.25   10.08   1.5745  2.0716  2.4106  2.6558  2.9070  3.0387  3.0507  2.9295  2.7643  2.6747  2.8677
    8.25   10.12   1.5745  2.0716  2.4106  2.6558  2.9070  3.0387  3.0507  2.9295  2.7643  2.6747  2.8677
    8.25   10.20   1.5745  2.0716  2.4106  2.6558  2.9070  3.0387  3.0507  2.9295  2.7643  2.6747  2.8677
    8.25   10.31   1.5745  2.0716  2.4106  2.6558  2.9070  3.0387  3.0507  2.9295  2.7643  2.6747  2.8677
    8.25   10.49   1.5745  2.0716  2.4106  2.6558  2.9070  3.0387  3.0507  2.9295  2.7643  2.6747  2.8677
    8.25   10.76   1.5745  2.0716  2.4106  2.6558  2.9070  3.0387  3.0507  2.9295  2.7643  2.6747  2.8677
    8.25   11.18   1.5745  2.0716  2.4106  2.6558  2.9070  3.0387  3.0507  2.9295  2.7643  2.6747  2.8677
    8.25   11.82   1.5745  2.0716  2.4106  2.6558  2.9070  3.0387  3.0507  2.9295  2.7643  2.6747  2.8677
    8.25   12.77   1.5745  2.0716  2.4106  2.6558  2.9070  3.0387  3.0507  2.9295  2.7643  2.6747  2.8677
    8.25   14.14   1.5745  2.0716  2.4106  2.6558  2.9070  3.0387  3.0507  2.9295  2.7643  2.6747  2.8677
    8.25   16.08   1.5745  2.0716  2.4106  2.6558  2.9070  3.0387  3.0507  2.9295  2.7643  2.6747  2.8677
    8.25   18.74   1.5745  2.0716  2.4106  2.6558  2.9070  3.0387  3.0507  2.9295  2.7643  2.6747  2.8677
    8.25   22.32   1.5745  2.0716  2.4106  2.6558  2.9070  3.0387  3.0507  2.9295  2.7643  2.6747  2.8677
    8.25   27.04   1.5745  2.0716  2.4106  2.6558  2.9070  3.0387  3.0507  2.9295  2.7643  2.6747  2.8677
    8.25   33.16   1.5745  2.0716  2.4106  2.6558  2.9070  3.0387  3.0507  2.9295  2.7643  2.6747  2.8677
    8.25   41.05   1.5745  2.0716  2.4106  2.6558  2.9070  3.0387  3.0507  2.9295  2.7643  2.6747  2.8677
    8.25   51.11   1.2938  1.7632  2.1207  2.3710  2.5944  2.7084  2.7305  2.6466  2.5009  2.4237  2.5477
    8.25   63.89   1.0791  1.5329  1.9119  2.1679  2.3759  2.4775  2.5053  2.4457  2.3198  2.2497  2.3226
    8.25   80.06   0.9254  1.3695  1.7621  2.0182  2.2090  2.2973  2.3213  2.2704  2.1580  2.0911  2.1575
    8.25  100.50   0.7934  1.2309  1.6322  1.8846  2.0557  2.1257  2.1393  2.0903  1.9877  1.9247  2.0131
    8.25  126.29   0.6677  1.0980  1.5071  1.7527  1.8991  1.9461  1.9445  1.8880  1.7943  1.7340  1.8714
    8.25  158.81   0.5409  0.9660  1.3804  1.6146  1.7302  1.7477  1.7245  1.6535  1.5680  1.5102  1.7245
    8.25  199.78   0.4062  0.8262  1.2442  1.4618  1.5388  1.5185  1.4645  1.3699  1.2918  1.2359  1.5641
    8.25  251.39   0.2606  0.6757  1.0960  1.2919  1.3217  1.2547  1.1610  1.0346  0.9629  0.9096  1.3865
    8.25  316.39   0.0970  0.5071  0.9284  1.0952  1.0655  0.9392  0.7935  0.6226  0.5572  0.5062  1.1823
    8.25  398.24  -0.0397  0.3665  0.7855  0.9151  0.8131  0.6122  0.4012  0.1705  0.1117  0.0630  0.9957
    8.25  501.29  -0.1865  0.2147  0.6288  0.7095  0.5111  0.2153 -0.0828 -0.3939 -0.4466 -0.4933  0.7823
    8.25  631.04  -0.3606  0.0355  0.4412  0.4555  0.1313 -0.2913 -0.7064 -1.1270 -1.1731 -1.2187  0.5217
    8.25  794.39  -0.5445 -0.1529  0.2424  0.1842 -0.2776 -0.8385 -1.3818 -1.9232 -1.9632 -2.0074  0.2434
    8.50   10.05   1.6674  2.1381  2.4528  2.6724  2.9131  3.0524  3.0561  2.9376  2.7715  2.6812  2.9156
    8.50   10.08   1.6674  2.1381  2.4528  2.6724  2.9131  3.0524  3.0561  2.9376  2.7715  2.6812  2.9156
    8.50   10.12   1.6674  2.1381  2.4528  2.6724  2.9131  3.0524  3.0561  2.9376  2.7715  2.6812  2.9156
    8.50   10.20   1.6674  2.1381  2.4528  2.6724  2.9131  3.0524  3.0561  2.9376  2.7715  2.6812  2.9156
    8.50   10.31   1.6674  2.1381  2.4528  2.6724  2.9131  3.0524  3.0561  2.9376  2.7715  2.6812  2.9156
    8.50   10.49   1.6674  2.1381  2.4528  2.6724  2.9131  3.0524  3.0561  2.9376  2.7715  2.6812  2.9156
    8.50   10.76   1.6674  2.1381  2.4528  2.6724  2.9131  3.0524  3.0561  2.9376  2.7715  2.6812  2.9156
    8.50   11.18   1.6674  2.1381  2.4528  2.6724  2.9131  3.0524  3.0561  2.9376  2.7715  2.6812  2.9156
    8.50   11.82   1.6674  2.1381  2.4528  2.6724  2.9131  3.0524  3.0561  2.9376  2.7715  2.6812  2.9156
    8.50   12.77   1.6674  2.1381  2.4528  2.6724  2.9131  3.0524  3.0561  2.9376  2.7715  2.6812  2.9156
    8.50   14.14   1.6674  2.1381  2.4528  2.6724  2.9131  3.0524  3.0561  2.9376  2.7715  2.6812  2.9156
    8.50   16.08   1.6674  2.1381  2.4528  2.6724  2.9131  3.0524  3.0561  2.9376  2.7715  2.6812  2.9156
    8.50   18.74   1.6674  2.1381  2.4528  2.6724  2.9131  3.0524  3.0561  2.9376  2.7715  2.6812  2.9156
    8.50   22.32   1.6674  2.1381  2.4528  2.6724  2.9131  3.0524  3.0561  2.9376  2.7715  2.6812  2.9156
    8.50   27.04   1.6674  2.1381  2.4528  2.6724  2.9131  3.0524  3.0561  2.9376  2.7715  2.6812  2.9156
    8.50   33.16   1.6674  2.1381  2.4528  2.6724  2.9131  3.0524  3.0561  2.9376  2.7715  2.6812  2.9156
    8.50   41.05   1.6674  2.1381  2.4528  2.6724  2.9131  3.0524  3.0561  2.9376  2.7715  2.6812  2.9156
    8.50   51.11   1.6674  2.1381  2.4528  2.6724  2.9131  3.0524  3.0561  2.9376  2.7715  2.6812  2.9156
    8.50   63.89   1.4725  1.9318  2.2696  2.4903  2.7061  2.8266  2.8370  2.7526  2.6012  2.5192  2.7093
    8.50   80.06   1.1431  1.5955  1.9775  2.2097  2.3974  2.4976  2.5213  2.4849  2.3655  2.2911  2.3946
    8.50  100.50   0.9491  1.3972  1.8037  2.0363  2.2001  2.2781  2.2988  2.2770  2.1756  2.1062  2.2036
    8.50  126.29   0.7908  1.2351  1.6594  1.8863  2.0240  2.0768  2.0858  2.0664  1.9751  1.9089  2.0424
    8.50  158.81   0.6429  1.0849  1.5214  1.7389  1.8436  1.8667  1.8550  1.8265  1.7470  1.6823  1.8837
    8.50  199.78   0.4936  0.9360  1.3804  1.5822  1.6461  1.6306  1.5898  1.5428  1.4729  1.4101  1.7175
    8.50  251.39   0.3375  0.7769  1.2276  1.4100  1.4242  1.3605  1.2821  1.2055  1.1430  1.0825  1.5362
    8.50  316.39   0.1638  0.6028  1.0582  1.2124  1.1674  1.0418  0.9124  0.7940  0.7407  0.6818  1.3311
    8.50  398.24   0.0079  0.4455  0.9046  1.0196  0.8992  0.6991  0.5048  0.3301  0.2824  0.2251  1.1320
    8.50  501.29  -0.1454  0.2902  0.7474  0.8152  0.5976  0.3009  0.0204 -0.2332 -0.2729 -0.3286  0.9186
    8.50  631.04  -0.3245  0.1094  0.5616  0.5633  0.2203 -0.2024 -0.5984 -0.9579 -0.9915 -1.0454  0.6607
    8.50  794.39  -0.5157 -0.0828  0.3612  0.2896 -0.1943 -0.7589 -1.2856 -1.7647 -1.7919 -1.8453  0.3800
    8.75   10.05   1.7324  2.1805  2.4967  2.6895  2.9191  3.0657  3.0596  2.9459  2.7792  2.6877  2.9568
    8.75   10.08   1.7324  2.1805  2.4967  2.6895  2.9191  3.0657  3.0596  2.9459  2.7792  2.6877  2.9568
    8.75   10.12   1.7324  2.1805  2.4967  2.6895  2.9191  3.0657  3.0596  2.9459  2.7792  2.6877  2.9568
    8.75   10.20   1.7324  2.1805  2.4967  2.6895  2.9191  3.0657  3.0596  2.9459  2.7792  2.6877  2.9568
    8.75   10.31   1.7324  2.1805  2.4967  2.6895  2.9191  3.0657  3.0596  2.9459  2.7792  2.6877  2.9568
    8.75   10.49   1.7324  2.1805  2.4967  2.6895  2.9191  3.0657  3.0596  2.9459  2.7792  2.6877  2.9568
    8.75   10.76   1.7324  2.1805  2.4967  2.6895  2.9191  3.0657  3.0596  2.9459  2.7792  2.6877  2.9568
    8.75   11.18   1.7324  2.1805  2.4967  2.6895  2.9191  3.0657  3.0596  2.9459  2.7792  2.6877  2.9568
    8.75   11.82   1.7324  2.1805  2.4967  2.6895  2.9191  3.0657  3.0596  2.9459  2.7792  2.6877  2.9568
    8.75   12.77   1.7324  2.1805  2.4967  2.6895  2.9191  3.0657  3.0596  2.9459  2.7792  2.6877  2.9568
    8.75   14.14   1.7324  2.1805  2.4967  2.6895  2.9191  3.0657  3.0596  2.9459  2.7792  2.6877  2.9568
    8.75   16.08   1.7324  2.1805  2.4967  2.6895  2.9191  3.0657  3.0596  2.9459  2.7792  2.6877  2.9568
    8.75   18.74   1.7324  2.1805  2.4967  2.6895  2.9191  3.0657  3.0596  2.9459  2.7792  2.6877  2.9568
    8.75   22.32   1.7324  2.1805  2.4967  2.6895  2.9191  3.0657  3.0596  2.9459  2.7792  2.6877  2.9568
    8.75   27.04   1.7324  2.1805  2.4967  2.6895  2.9191  3.0657  3.0596  2.9459  2.7792  2.6877  2.9568
    8.75   33.16   1.7324  2.1805  2.4967  2.6895  2.9191  3.0657  3.0596  2.9459  2.7792  2.6877  2.9568
    8.75   41.05   1.7324  2.1805  2.4967  2.6895  2.9191  3.0657  3.0596  2.9459  2.7792  2.6877  2.9568
    8.75   51.11   1.7324  2.1805  2.4967  2.6895  2.9191  3.0657  3.0596  2.9459  2.7792  2.6877  2.9568
    8.75   63.89   1.7324  2.1805  2.4967  2.6895  2.9191  3.0657  3.0596  2.9459  2.7792  2.6877  2.9568
    8.75   80.06   1.7324  2.1805  2.4967  2.6895  2.9191  3.0657  3.0596  2.9459  2.7792  2.6877  2.9568
    8.75  100.50   1.2154  1.6696  2.0721  2.2789  2.4501  2.5510  2.5704  2.5524  2.4361  2.3574  2.4910
    8.75  126.29   0.9546  1.4134  1.8568  2.0656  2.2031  2.2738  2.2916  2.2992  2.2078  2.1329  2.2559
    8.75  158.81   0.7611  1.2241  1.6926  1.8947  1.9962  2.0328  2.0356  2.0468  1.9693  1.8978  2.0701
    8.75  199.78   0.5858  1.0518  1.5386  1.7271  1.7866  1.7830  1.7597  1.7597  1.6952  1.6250  1.8906
    8.75  251.39   0.4095  0.8775  1.3780  1.5458  1.5532  1.4976  1.4372  1.4116  1.3576  1.2892  1.6995
    8.75  316.39   0.2243  0.6947  1.2059  1.3468  1.2917  1.1748  1.0668  1.0037  0.9593  0.8933  1.4911
    8.75  398.24   0.0424  0.5144  1.0306  1.1370  1.0053  0.8115  0.6387  0.5233  0.4866  0.4218  1.2733
    8.75  501.29  -0.1201  0.3550  0.8752  0.9335  0.7046  0.4143  0.1564 -0.0326 -0.0603 -0.1249  1.0621
    8.75  631.04  -0.3050  0.1723  0.6917  0.6846  0.3301 -0.0868 -0.4579 -0.7491 -0.7696 -0.8323  0.8053
    8.75  794.39  -0.5074 -0.0273  0.4869  0.4028 -0.0982 -0.6632 -1.1679 -1.5831 -1.5963 -1.6578  0.5169
    9.00   10.05   1.7724  2.2032  2.5396  2.7070  2.9250  3.0785  3.0631  2.9540  2.7868  2.6949  2.9912
    9.00   10.08   1.7724  2.2032  2.5396  2.7070  2.9250  3.0785  3.0631  2.9540  2.7868  2.6949  2.9912
    9.00   10.12   1.7724  2.2032  2.5396  2.7070  2.9250  3.0785  3.0631  2.9540  2.7868  2.6949  2.9912
    9.00   10.20   1.7724  2.2032  2.5396  2.7070  2.9250  3.0785  3.0631  2.9540  2.7868  2.6949  2.9912
    9.00   10.31   1.7724  2.2032  2.5396  2.7070  2.9250  3.0785  3.0631  2.9540  2.7868  2.6949  2.9912
    9.00   10.49   1.7724  2.2032  2.5396  2.7070  2.9250  3.0785  3.0631  2.9540  2.7868  2.6949  2.9912
    9.00   10.76   1.7724  2.2032  2.5396  2.7070  2.9250  3.0785  3.0631  2.9540  2.7868  2.6949  2.9912
    9.00   11.18   1.7724  2.2032  2.5396  2.7070  2.9250  3.0785  3.0631  2.9540  2.7868  2.6949  2.9912
    9.00   11.82   1.7724  2.2032  2.5396  2.7070  2.9250  3.0785  3.0631  2.9540  2.7868  2.6949  2.9912
    9.00   12.77   1.7724  2.2032  2.5396  2.7070  2.9250  3.0785  3.0631  2.9540  2.7868  2.6949  2.9912
    9.00   14.14   1.7724  2.2032  2.5396  2.7070  2.9250  3.0785  3.0631  2.9540  2.7868  2.6949  2.9912
    9.00   16.08   1.7724  2.2032  2.5396  2.7070  2.9250  3.0785  3.0631  2.9540  2.7868  2.6949  2.9912
    9.00   18.74   1.7724  2.2032  2.5396  2.7070  2.9250  3.0785  3.0631  2.9540  2.7868  2.6949  2.9912
    9.00   22.32   1.7724  2.2032  2.5396  2.7070  2.9250  3.0785  3.0631  2.9540  2.7868  2.6949  2.9912
    9.00   27.04   1.7724  2.2032  2.5396  2.7070  2.9250  3.0785  3.0631  2.9540  2.7868  2.6949  2.9912
    9.00   33.16   1.7724  2.2032  2.5396  2.7070  2.9250  3.0785  3.0631  2.9540  2.7868  2.6949  2.9912
    9.00   41.05   1.7724  2.2032  2.5396  2.7070  2.9250  3.0785  3.0631  2.9540  2.7868  2.6949  2.9912
    9.00   51.11   1.7724  2.2032  2.5396  2.7070  2.9250  3.0785  3.0631  2.9540  2.7868  2.6949  2.9912
    9.00   63.89   1.7724  2.2032  2.5396  2.7070  2.9250  3.0785  3.0631  2.9540  2.7868  2.6949  2.9912
    9.00   80.06   1.7724  2.2032  2.5396  2.7070  2.9250  3.0785  3.0631  2.9540  2.7868  2.6949  2.9912
    9.00  100.50   1.7724  2.2032  2.5396  2.7070  2.9250  3.0785  3.0631  2.9540  2.7868  2.6949  2.9912
    9.00  126.29   1.3494  1.8005  2.2222  2.4008  2.5665  2.6767  2.6865  2.6704  2.5487  2.4645  2.6413
    9.00  158.81   0.9539  1.4292  1.9278  2.1129  2.2270  2.2917  2.3074  2.3445  2.2602  2.1811  2.3193
    9.00  199.78   0.7108  1.1979  1.7352  1.9125  1.9783  1.9976  1.9968  2.0395  1.9733  1.8971  2.1004
    9.00  251.39   0.4994  0.9962  1.5584  1.7180  1.7292  1.6952  1.6598  1.6878  1.6381  1.5623  1.8941
    9.00  316.39   0.2920  0.7960  1.3762  1.5103  1.4568  1.3598  1.2786  1.2760  1.2374  1.1631  1.6751
    9.00  398.24   0.0699  0.5819  1.1747  1.2736  1.1407  0.9628  0.8194  0.7676  0.7409  0.6671  1.4289
    9.00  501.29  -0.1017  0.4149  1.0187  1.0705  0.8392  0.5652  0.3392  0.2195  0.2015  0.1290  1.2173
    9.00  631.04  -0.2939  0.2286  0.8357  0.8253  0.4717  0.0730 -0.2625 -0.4782 -0.4873 -0.5577  0.9650
    9.00  794.39  -0.5114  0.0164  0.6225  0.5320  0.0224 -0.5349 -1.0100 -1.3545 -1.3552 -1.4244  0.6639
