Western North America high offshore ground motion CLASS C, distance is Rhypo (depth 10 km) Log10 hazard values in cgs units  PGA 0.02 PGV 0.01. Mw 4.5 & 4.75 values extrapolated. Original file GMPEt_Woffshore_high.dat,provided by G Atkinson 20120807
      19      30      11        : nmag, ndist, nperiod
                      10       5       2       1     0.5  0.3003     0.2     0.1    0.05    0.02    0.01
                    0.62    0.62    0.62    0.62    0.58    0.54    0.53    0.53    0.53    0.53    0.62
    4.50   10.05  -2.4226 -0.9260  0.7236  1.5472  2.0806  2.1643  2.4256  2.7180  2.5481  2.3722  1.8012
    4.50   10.08  -2.4226 -0.9260  0.7236  1.5472  2.0806  2.1643  2.4256  2.7180  2.5481  2.3722  1.8012
    4.50   10.12  -2.4335 -0.9466  0.6933  1.5154  2.0486  2.1349  2.3924  2.6733  2.4945  2.3220  1.7672
    4.50   10.20  -2.4550 -0.9814  0.6398  1.4592  1.9922  2.0858  2.3352  2.5957  2.4017  2.2349  1.7072
    4.50   10.31  -2.4695 -1.0043  0.6034  1.4223  1.9554  2.0544  2.2981  2.5464  2.3444  2.1817  1.6670
    4.50   10.49  -2.5029 -1.0733  0.5015  1.3151  1.8589  1.9700  2.2070  2.4343  2.2263  2.0725  1.5568
    4.50   10.76  -2.5270 -1.1234  0.4284  1.2364  1.7879  1.9066  2.1382  2.3482  2.1320  1.9853  1.4763
    4.50   11.18  -2.5505 -1.1729  0.3554  1.1589  1.7168  1.8428  2.0703  2.2629  2.0388  1.8988  1.3963
    4.50   11.82  -2.5893 -1.2508  0.2454  1.0469  1.6148  1.7529  1.9739  2.1486  1.9205  1.7867  1.2789
    4.50   12.77  -2.6282 -1.3315  0.1308  0.9327  1.5096  1.6589  1.8723  2.0311  1.7997  1.6710  1.1562
    4.50   14.14  -2.6684 -1.4119  0.0171  0.8183  1.4049  1.5656  1.7725  1.9139  1.6802  1.5561  1.0349
    4.50   16.08  -2.7191 -1.5084 -0.1185  0.6832  1.2819  1.4552  1.6544  1.7775  1.5422  1.4225  0.8974
    4.50   18.74  -2.7732 -1.6067 -0.2565  0.5443  1.1547  1.3416  1.5336  1.6375  1.4002  1.2855  0.7566
    4.50   22.32  -2.8358 -1.7132 -0.3969  0.3986  1.0162  1.2180  1.4022  1.4868  1.2441  1.1386  0.6032
    4.50   27.04  -2.9018 -1.8274 -0.5469  0.2447  0.8739  1.0868  1.2649  1.3252  1.0858  0.9845  0.4453
    4.50   33.16  -2.9702 -1.9434 -0.7057  0.0877  0.7251  0.9428  1.1111  1.1556  0.9057  0.8178  0.2808
    4.50   41.05  -3.0435 -2.0654 -0.8646 -0.0712  0.5689  0.7997  0.9537  0.9754  0.7288  0.6389  0.1174
    4.50   51.11  -3.1235 -2.1910 -1.0299 -0.2425  0.4073  0.6439  0.7855  0.7788  0.5301  0.4515 -0.0581
    4.50   63.89  -3.2030 -2.3144 -1.1942 -0.4135  0.2369  0.4764  0.6038  0.5699  0.3194  0.2449 -0.2341
    4.50   80.06  -3.2845 -2.4419 -1.3674 -0.5946  0.0606  0.3008  0.4082  0.3452  0.0924  0.0264 -0.4191
    4.50  100.50  -3.3335 -2.5427 -1.5003 -0.7408 -0.0934  0.1469  0.2334  0.1371 -0.1113 -0.1775 -0.5730
    4.50  126.29  -3.3426 -2.5969 -1.5939 -0.8458 -0.2062  0.0225  0.0817 -0.0561 -0.3096 -0.3657 -0.6849
    4.50  158.81  -3.3506 -2.6517 -1.6916 -0.9580 -0.3339 -0.1189 -0.0928 -0.2732 -0.5307 -0.5823 -0.8043
    4.50  199.78  -3.3540 -2.7065 -1.7895 -1.0741 -0.4689 -0.2755 -0.2907 -0.5226 -0.7826 -0.8273 -0.9272
    4.50  251.39  -3.3689 -2.7604 -1.8886 -1.2008 -0.6274 -0.4643 -0.5263 -0.8207 -1.0780 -1.1152 -1.0612
    4.50  316.39  -3.3987 -2.8420 -2.0103 -1.3606 -0.8336 -0.7143 -0.8327 -1.2015 -1.4652 -1.4966 -1.2196
    4.50  398.24  -3.4701 -2.9564 -2.1825 -1.5662 -1.0935 -1.0278 -1.2291 -1.6859 -1.9450 -1.9775 -1.4295
    4.50  501.29  -3.5583 -3.0932 -2.3617 -1.8021 -1.4054 -1.4261 -1.7175 -2.2760 -2.5417 -2.5591 -1.6721
    4.50  631.04  -3.6797 -3.2602 -2.5833 -2.0939 -1.8127 -1.9438 -2.3657 -3.0620 -3.3298 -3.3438 -1.9709
    4.50  794.39  -3.8123 -3.4400 -2.8193 -2.4071 -2.2525 -2.5102 -3.0725 -3.9206 -4.1910 -4.2007 -2.2906
    4.75   10.05  -2.0250 -0.6207  0.9199  1.6805  2.1756  2.2748  2.5099  2.7687  2.5995  2.4226  1.9030
    4.75   10.08  -2.0250 -0.6207  0.9199  1.6805  2.1756  2.2748  2.5099  2.7687  2.5995  2.4226  1.9030
    4.75   10.12  -2.0323 -0.6344  0.8997  1.6593  2.1543  2.2552  2.4878  2.7389  2.5638  2.3891  1.8803
    4.75   10.20  -2.0500 -0.6640  0.8549  1.6120  2.1068  2.2131  2.4395  2.6735  2.4854  2.3153  1.8299
    4.75   10.31  -2.0637 -0.6872  0.8192  1.5750  2.0699  2.1803  2.4019  2.6234  2.4264  2.2603  1.7901
    4.75   10.49  -2.0932 -0.7477  0.7301  1.4815  1.9848  2.1051  2.3207  2.5231  2.3196  2.1611  1.6933
    4.75   10.76  -2.1174 -0.7976  0.6571  1.4041  1.9138  2.0418  2.2521  2.4376  2.2268  2.0749  1.6132
    4.75   11.18  -2.1406 -0.8463  0.5855  1.3286  1.8442  1.9793  2.1852  2.3540  2.1361  1.9904  1.5347
    4.75   11.82  -2.1760 -0.9177  0.4844  1.2256  1.7499  1.8958  2.0959  2.2480  2.0260  1.8864  1.4266
    4.75   12.77  -2.2140 -0.9956  0.3744  1.1151  1.6485  1.8053  1.9986  2.1356  1.9107  1.7765  1.3090
    4.75   14.14  -2.2523 -1.0727  0.2658  1.0055  1.5482  1.7159  1.9034  2.0243  1.7970  1.6679  1.1931
    4.75   16.08  -2.2998 -1.1633  0.1394  0.8793  1.4328  1.6122  1.7930  1.8969  1.6681  1.5438  1.0633
    4.75   18.74  -2.3502 -1.2561  0.0103  0.7498  1.3138  1.5055  1.6795  1.7660  1.5356  1.4163  0.9302
    4.75   22.32  -2.4076 -1.3556 -0.1223  0.6134  1.1850  1.3894  1.5565  1.6251  1.3909  1.2794  0.7870
    4.75   27.04  -2.4682 -1.4612 -0.2617  0.4708  1.0526  1.2672  1.4275  1.4747  1.2425  1.1359  0.6398
    4.75   33.16  -2.5318 -1.5691 -0.4080  0.3246  0.9137  1.1338  1.2853  1.3163  1.0769  0.9805  0.4869
    4.75   41.05  -2.5986 -1.6816 -0.5552  0.1766  0.7688  0.9993  1.1380  1.1479  0.9101  0.8151  0.3336
    4.75   51.11  -2.6708 -1.7971 -0.7073  0.0190  0.6185  0.8543  0.9809  0.9653  0.7263  0.6402  0.1716
    4.75   63.89  -2.7437 -1.9119 -0.8599 -0.1401  0.4602  0.6984  0.8109  0.7694  0.5293  0.4478  0.0078
    4.75   80.06  -2.8181 -2.0301 -1.0186 -0.3059  0.2961  0.5341  0.6276  0.5586  0.3167  0.2425 -0.1634
    4.75  100.50  -2.8649 -2.1241 -1.1448 -0.4442  0.1508  0.3867  0.4596  0.3588  0.1195  0.0475 -0.3083
    4.75  126.29  -2.8768 -2.1787 -1.2364 -0.5475  0.0383  0.2627  0.3089  0.1692 -0.0735 -0.1375 -0.4180
    4.75  158.81  -2.8881 -2.2339 -1.3310 -0.6572 -0.0876  0.1215  0.1355 -0.0459 -0.2913 -0.3504 -0.5344
    4.75  199.78  -2.8963 -2.2890 -1.4263 -0.7711 -0.2222 -0.0353 -0.0613 -0.2922 -0.5394 -0.5922 -0.6543
    4.75  251.39  -2.9128 -2.3451 -1.5237 -0.8949 -0.3786 -0.2232 -0.2965 -0.5873 -0.8327 -0.8789 -0.7848
    4.75  316.39  -2.9471 -2.4263 -1.6442 -1.0513 -0.5820 -0.4715 -0.6028 -0.9655 -1.2155 -1.2559 -0.9426
    4.75  398.24  -3.0216 -2.5424 -1.8111 -1.2542 -0.8411 -0.7871 -0.9980 -1.4465 -1.6936 -1.7328 -1.1503
    4.75  501.29  -3.1134 -2.6794 -1.9900 -1.4876 -1.1524 -1.1827 -1.4844 -2.0340 -2.2858 -2.3132 -1.3902
    4.75  631.04  -3.2380 -2.8473 -2.2092 -1.7776 -1.5575 -1.7007 -2.1317 -2.8178 -3.0710 -3.0944 -1.6863
    4.75  794.39  -3.3740 -3.0275 -2.4425 -2.0885 -1.9955 -2.2665 -2.8377 -3.6736 -3.9286 -3.9473 -2.0033
    5.00   10.05  -1.6275 -0.3154  1.1162  1.8139  2.2706  2.3853  2.5943  2.8194  2.6510  2.4729  2.0048
    5.00   10.08  -1.6275 -0.3154  1.1162  1.8139  2.2706  2.3853  2.5943  2.8194  2.6510  2.4729  2.0048
    5.00   10.12  -1.6311 -0.3222  1.1061  1.8032  2.2599  2.3755  2.5832  2.8045  2.6331  2.4561  1.9934
    5.00   10.20  -1.6449 -0.3465  1.0699  1.7648  2.2213  2.3403  2.5437  2.7512  2.5691  2.3958  1.9526
    5.00   10.31  -1.6580 -0.3700  1.0349  1.7277  2.1845  2.3063  2.5058  2.7005  2.5085  2.3388  1.9131
    5.00   10.49  -1.6835 -0.4220  0.9587  1.6480  2.1106  2.2402  2.4344  2.6119  2.4129  2.2497  1.8298
    5.00   10.76  -1.7077 -0.4718  0.8858  1.5718  2.0398  2.1770  2.3660  2.5270  2.3215  2.1645  1.7501
    5.00   11.18  -1.7308 -0.5198  0.8155  1.4984  1.9715  2.1158  2.3001  2.4452  2.2333  2.0821  1.6732
    5.00   11.82  -1.7628 -0.5846  0.7235  1.4043  1.8850  2.0388  2.2178  2.3474  2.1316  1.9862  1.5743
    5.00   12.77  -1.7997 -0.6597  0.6180  1.2976  1.7873  1.9517  2.1250  2.2402  2.0217  1.8820  1.4617
    5.00   14.14  -1.8362 -0.7335  0.5146  1.1927  1.6914  1.8662  2.0343  2.1346  1.9138  1.7797  1.3513
    5.00   16.08  -1.8805 -0.8183  0.3973  1.0754  1.5837  1.7693  1.9315  2.0163  1.7940  1.6651  1.2292
    5.00   18.74  -1.9273 -0.9054  0.2770  0.9552  1.4729  1.6694  1.8255  1.8946  1.6710  1.5472  1.1038
    5.00   22.32  -1.9793 -0.9980  0.1523  0.8282  1.3539  1.5609  1.7108  1.7634  1.5377  1.4202  0.9708
    5.00   27.04  -2.0345 -1.0949  0.0236  0.6969  1.2312  1.4475  1.5902  1.6243  1.3992  1.2873  0.8342
    5.00   33.16  -2.0934 -1.1947 -0.1104  0.5616  1.1023  1.3248  1.4594  1.4770  1.2481  1.1432  0.6930
    5.00   41.05  -2.1538 -1.2978 -0.2459  0.4244  0.9687  1.1990  1.3223  1.3203  1.0913  0.9912  0.5499
    5.00   51.11  -2.2180 -1.4032 -0.3847  0.2805  0.8298  1.0648  1.1763  1.1517  0.9225  0.8288  0.4013
    5.00   63.89  -2.2844 -1.5095 -0.5255  0.1334  0.6836  0.9203  1.0180  0.9690  0.7392  0.6507  0.2497
    5.00   80.06  -2.3518 -1.6183 -0.6698 -0.0172  0.5316  0.7673  0.8470  0.7721  0.5409  0.4587  0.0923
    5.00  100.50  -2.3962 -1.7055 -0.7894 -0.1475  0.3950  0.6265  0.6857  0.5806  0.3502  0.2724 -0.0436
    5.00  126.29  -2.4111 -1.7605 -0.8788 -0.2492  0.2828  0.5029  0.5362  0.3946  0.1626  0.0907 -0.1511
    5.00  158.81  -2.4255 -1.8161 -0.9705 -0.3564  0.1588  0.3620  0.3638  0.1814 -0.0519 -0.1184 -0.2644
    5.00  199.78  -2.4385 -1.8716 -1.0632 -0.4682  0.0245  0.2048  0.1680 -0.0617 -0.2963 -0.3570 -0.3815
    5.00  251.39  -2.4567 -1.9298 -1.1587 -0.5891 -0.1298  0.0179 -0.0667 -0.3539 -0.5875 -0.6426 -0.5085
    5.00  316.39  -2.4956 -2.0106 -1.2781 -0.7421 -0.3305 -0.2287 -0.3728 -0.7296 -0.9659 -1.0152 -0.6656
    5.00  398.24  -2.5730 -2.1284 -1.4398 -0.9421 -0.5887 -0.5463 -0.7670 -1.2071 -1.4422 -1.4880 -0.8710
    5.00  501.29  -2.6684 -2.2656 -1.6183 -1.1732 -0.8994 -0.9393 -1.2513 -1.7920 -2.0300 -2.0673 -1.1082
    5.00  631.04  -2.7962 -2.4344 -1.8352 -1.4612 -1.3023 -1.4577 -1.8978 -2.5735 -2.8121 -2.8449 -1.4016
    5.00  794.39  -2.9358 -2.6151 -2.0658 -1.7699 -1.7384 -2.0228 -2.6029 -3.4266 -3.6661 -3.6939 -1.7160
    5.25   10.05  -1.2299 -0.0101  1.3125  1.9472  2.3656  2.4959  2.6786  2.8701  2.7025  2.5232  2.1066
    5.25   10.08  -1.2299 -0.0101  1.3125  1.9472  2.3656  2.4959  2.6786  2.8701  2.7025  2.5232  2.1066
    5.25   10.12  -1.2299 -0.0101  1.3125  1.9472  2.3656  2.4959  2.6786  2.8701  2.7025  2.5232  2.1066
    5.25   10.20  -1.2399 -0.0291  1.2850  1.9176  2.3359  2.4675  2.6480  2.8290  2.6528  2.4762  2.0753
    5.25   10.31  -1.2523 -0.0528  1.2507  1.8805  2.2990  2.4322  2.6096  2.7775  2.5905  2.4174  2.0362
    5.25   10.49  -1.2738 -0.0964  1.1873  1.8144  2.2364  2.3753  2.5481  2.7006  2.5063  2.3383  1.9664
    5.25   10.76  -1.2981 -0.1461  1.1146  1.7394  2.1658  2.3122  2.4798  2.6164  2.4162  2.2541  1.8870
    5.25   11.18  -1.3209 -0.1932  1.0456  1.6681  2.0989  2.2523  2.4150  2.5363  2.3306  2.1738  1.8116
    5.25   11.82  -1.3496 -0.2516  0.9625  1.5830  2.0201  2.1817  2.3397  2.4468  2.2371  2.0860  1.7221
    5.25   12.77  -1.3854 -0.3238  0.8617  1.4801  1.9261  2.0981  2.2514  2.3447  2.1327  1.9875  1.6145
    5.25   14.14  -1.4202 -0.3944  0.7634  1.3799  1.8346  2.0165  2.1652  2.2450  2.0306  1.8915  1.5096
    5.25   16.08  -1.4612 -0.4732  0.6552  1.2716  1.7346  1.9264  2.0701  2.1357  1.9199  1.7863  1.3950
    5.25   18.74  -1.5043 -0.5548  0.5438  1.1606  1.6319  1.8333  1.9715  2.0232  1.8064  1.6780  1.2773
    5.25   22.32  -1.5510 -0.6405  0.4269  1.0429  1.5227  1.7324  1.8651  1.9017  1.6846  1.5610  1.1546
    5.25   27.04  -1.6008 -0.7287  0.3088  0.9230  1.4099  1.6279  1.7529  1.7738  1.5560  1.4387  1.0287
    5.25   33.16  -1.6550 -0.8204  0.1873  0.7985  1.2908  1.5158  1.6335  1.6377  1.4193  1.3059  0.8991
    5.25   41.05  -1.7090 -0.9140  0.0635  0.6721  1.1686  1.3986  1.5066  1.4927  1.2726  1.1674  0.7661
    5.25   51.11  -1.7653 -1.0093 -0.0622  0.5420  1.0410  1.2752  1.3716  1.3382  1.1187  1.0175  0.6311
    5.25   63.89  -1.8251 -1.1070 -0.1912  0.4068  0.9069  1.1422  1.2251  1.1685  0.9491  0.8535  0.4915
    5.25   80.06  -1.8854 -1.2065 -0.3211  0.2716  0.7670  1.0005  1.0664  0.9855  0.7652  0.6748  0.3479
    5.25  100.50  -1.9276 -1.2869 -0.4339  0.1492  0.6392  0.8663  0.9119  0.8024  0.5809  0.4974  0.2212
    5.25  126.29  -1.9453 -1.3423 -0.5213  0.0491  0.5273  0.7432  0.7635  0.6199  0.3986  0.3189  0.1158
    5.25  158.81  -1.9629 -1.3984 -0.6099 -0.0556  0.4052  0.6024  0.5921  0.4087  0.1876  0.1135  0.0055
    5.25  199.78  -1.9808 -1.4541 -0.7000 -0.1652  0.2712  0.4450  0.3973  0.1688 -0.0532 -0.1219 -0.1087
    5.25  251.39  -2.0006 -1.5145 -0.7937 -0.2832  0.1191  0.2590  0.1631 -0.1205 -0.3422 -0.4063 -0.2321
    5.25  316.39  -2.0441 -1.5949 -0.9120 -0.4328 -0.0789  0.0140 -0.1428 -0.4936 -0.7163 -0.7746 -0.3886
    5.25  398.24  -2.1245 -1.7145 -1.0685 -0.6301 -0.3364 -0.3055 -0.5360 -0.9677 -1.1908 -1.2432 -0.5918
    5.25  501.29  -2.2235 -1.8518 -1.2465 -0.8587 -0.6464 -0.6959 -1.0181 -1.5501 -1.7741 -1.8213 -0.8262
    5.25  631.04  -2.3545 -2.0215 -1.4612 -1.1449 -1.0470 -1.2146 -1.6638 -2.3293 -2.5532 -2.5955 -1.1170
    5.25  794.39  -2.4975 -2.2026 -1.6890 -1.4514 -1.4814 -1.7791 -2.3680 -3.1795 -3.4037 -3.4405 -1.4286
    5.50   10.05  -0.8564  0.2758  1.4920  2.0709  2.4547  2.5953  2.7577  2.9127  2.7453  2.5665  2.2026
    5.50   10.08  -0.8564  0.2758  1.4920  2.0709  2.4547  2.5953  2.7577  2.9127  2.7453  2.5665  2.2026
    5.50   10.12  -0.8564  0.2758  1.4920  2.0709  2.4547  2.5953  2.7577  2.9127  2.7453  2.5665  2.2026
    5.50   10.20  -0.8572  0.2741  1.4900  2.0684  2.4522  2.5929  2.7551  2.9092  2.7411  2.5627  2.1996
    5.50   10.31  -0.8713  0.2465  1.4526  2.0268  2.4103  2.5530  2.7106  2.8507  2.6703  2.4971  2.1554
    5.50   10.49  -0.8874  0.2144  1.4074  1.9781  2.3630  2.5089  2.6619  2.7887  2.5988  2.4304  2.1035
    5.50   10.76  -0.9121  0.1628  1.3325  1.9012  2.2908  2.4438  2.5915  2.7032  2.5066  2.3441  2.0218
    5.50   11.18  -0.9349  0.1152  1.2634  1.8300  2.2242  2.3835  2.5263  2.6240  2.4213  2.2642  1.9461
    5.50   11.82  -0.9598  0.0638  1.1898  1.7546  2.1539  2.3201  2.4585  2.5428  2.3355  2.1838  1.8660
    5.50   12.77  -0.9949 -0.0062  1.0924  1.6562  2.0636  2.2389  2.3738  2.4448  2.2366  2.0898  1.7622
    5.50   14.14  -1.0285 -0.0737  0.9985  1.5614  1.9766  2.1607  2.2923  2.3503  2.1412  1.9993  1.6620
    5.50   16.08  -1.0660 -0.1464  0.8988  1.4603  1.8839  2.0768  2.2039  2.2495  2.0396  1.9033  1.5557
    5.50   18.74  -1.1058 -0.2223  0.7958  1.3560  1.7878  1.9900  2.1118  2.1447  1.9349  1.8042  1.4462
    5.50   22.32  -1.1490 -0.3022  0.6887  1.2489  1.6870  1.8967  2.0130  2.0330  1.8230  1.6975  1.3311
    5.50   27.04  -1.1940 -0.3822  0.5802  1.1391  1.5829  1.8009  1.9104  1.9159  1.7058  1.5852  1.2169
    5.50   33.16  -1.2413 -0.4660  0.4697  1.0262  1.4751  1.6982  1.8008  1.7919  1.5812  1.4656  1.0982
    5.50   41.05  -1.2899 -0.5511  0.3573  0.9110  1.3643  1.5914  1.6854  1.6592  1.4484  1.3395  0.9776
    5.50   51.11  -1.3404 -0.6352  0.2435  0.7943  1.2473  1.4788  1.5609  1.5163  1.3083  1.2023  0.8543
    5.50   63.89  -1.3916 -0.7246  0.1280  0.6737  1.1258  1.3560  1.4262  1.3616  1.1513  1.0519  0.7279
    5.50   80.06  -1.4436 -0.8136  0.0111  0.5485  0.9985  1.2255  1.2799  1.1911  0.9815  0.8866  0.5981
    5.50  100.50  -1.4852 -0.8892 -0.0934  0.4369  0.8776  1.0981  1.1319  1.0168  0.8074  0.7179  0.4785
    5.50  126.29  -1.5045 -0.9456 -0.1785  0.3383  0.7674  0.9753  0.9842  0.8370  0.6277  0.5434  0.3761
    5.50  158.81  -1.5253 -1.0029 -0.2662  0.2363  0.6451  0.8357  0.8133  0.6288  0.4186  0.3407  0.2683
    5.50  199.78  -1.5469 -1.0602 -0.3533  0.1300  0.5139  0.6792  0.6195  0.3905  0.1819  0.1082  0.1563
    5.50  251.39  -1.5728 -1.1184 -0.4453  0.0148  0.3633  0.4916  0.3860  0.1046 -0.1050 -0.1742  0.0352
    5.50  316.39  -1.6177 -1.2004 -0.5611 -0.1332  0.1666  0.2477  0.0824 -0.2653 -0.4757 -0.5388 -0.1187
    5.50  398.24  -1.7016 -1.3215 -0.7146 -0.3277 -0.0900 -0.0713 -0.3095 -0.7368 -0.9458 -1.0051 -0.3200
    5.50  501.29  -1.8039 -1.4578 -0.8898 -0.5540 -0.3969 -0.4610 -0.7910 -1.3159 -1.5246 -1.5777 -0.5511
    5.50  631.04  -1.9385 -1.6283 -1.1019 -0.8368 -0.7973 -0.9786 -1.4359 -2.0929 -2.3013 -2.3498 -0.8397
    5.50  794.39  -2.0848 -1.8103 -1.3274 -1.1409 -1.2306 -1.5426 -2.1390 -2.9405 -3.1486 -3.1925 -1.1484
    5.75   10.05  -0.5110  0.5366  1.6575  2.1842  2.5411  2.6860  2.8279  2.9464  2.7795  2.6052  2.2910
    5.75   10.08  -0.5110  0.5366  1.6575  2.1842  2.5411  2.6860  2.8279  2.9464  2.7795  2.6052  2.2910
    5.75   10.12  -0.5110  0.5366  1.6575  2.1842  2.5411  2.6860  2.8279  2.9464  2.7795  2.6052  2.2910
    5.75   10.20  -0.5110  0.5366  1.6575  2.1842  2.5411  2.6860  2.8279  2.9464  2.7795  2.6052  2.2910
    5.75   10.31  -0.5151  0.5285  1.6457  2.1713  2.5284  2.6738  2.8142  2.9283  2.7575  2.5847  2.2773
    5.75   10.49  -0.5285  0.5020  1.6076  2.1299  2.4876  2.6343  2.7697  2.8697  2.6864  2.5181  2.2336
    5.75   10.76  -0.5510  0.4553  1.5407  2.0602  2.4204  2.5733  2.7040  2.7890  2.5986  2.4360  2.1591
    5.75   11.18  -0.5748  0.4056  1.4693  1.9864  2.3497  2.5098  2.6359  2.7065  2.5110  2.3544  2.0799
    5.75   11.82  -0.5962  0.3604  1.4041  1.9190  2.2850  2.4518  2.5738  2.6313  2.4309  2.2797  2.0078
    5.75   12.77  -0.6306  0.2925  1.3104  1.8247  2.1982  2.3732  2.4913  2.5375  2.3357  2.1900  1.9073
    5.75   14.14  -0.6636  0.2275  1.2203  1.7339  2.1148  2.2978  2.4124  2.4475  2.2447  2.1041  1.8106
    5.75   16.08  -0.6982  0.1600  1.1284  1.6413  2.0292  2.2202  2.3314  2.3549  2.1520  2.0165  1.7120
    5.75   18.74  -0.7351  0.0889  1.0325  1.5451  1.9394  2.1386  2.2468  2.2575  2.0554  1.9250  1.6094
    5.75   22.32  -0.7735  0.0158  0.9343  1.4467  1.8470  2.0537  2.1557  2.1562  1.9536  1.8290  1.5047
    5.75   27.04  -0.8134 -0.0580  0.8356  1.3471  1.7532  1.9655  2.0617  2.0503  1.8480  1.7281  1.3997
    5.75   33.16  -0.8544 -0.1333  0.7352  1.2446  1.6554  1.8731  1.9624  1.9375  1.7361  1.6211  1.2907
    5.75   41.05  -0.8970 -0.2097  0.6355  1.1417  1.5535  1.7752  1.8560  1.8165  1.6149  1.5044  1.1819
    5.75   51.11  -0.9404 -0.2860  0.5325  1.0366  1.4494  1.6725  1.7431  1.6868  1.4865  1.3814  1.0711
    5.75   63.89  -0.9850 -0.3633  0.4297  0.9288  1.3397  1.5615  1.6196  1.5453  1.3464  1.2441  0.9575
    5.75   80.06  -1.0303 -0.4420  0.3275  0.8184  1.2245  1.4414  1.4845  1.3879  1.1895  1.0937  0.8413
    5.75  100.50  -1.0674 -0.5115  0.2306  0.7133  1.1113  1.3214  1.3432  1.2221  1.0245  0.9334  0.7315
    5.75  126.29  -1.0914 -0.5693  0.1471  0.6181  1.0025  1.1990  1.1982  1.0463  0.8483  0.7623  0.6305
    5.75  158.81  -1.1166 -0.6272  0.0625  0.5182  0.8824  1.0597  1.0282  0.8408  0.6433  0.5623  0.5248
    5.75  199.78  -1.1418 -0.6854 -0.0225  0.4148  0.7518  0.9026  0.8351  0.6050  0.4080  0.3323  0.4146
    5.75  251.39  -1.1681 -0.7448 -0.1116  0.3011  0.6025  0.7168  0.6032  0.3210  0.1256  0.0540  0.2957
    5.75  316.39  -1.2181 -0.8277 -0.2252  0.1560  0.4073  0.4733  0.3003 -0.0460 -0.2415 -0.3078  0.1447
    5.75  398.24  -1.3051 -0.9479 -0.3765 -0.0357  0.1522  0.1546 -0.0911 -0.5142 -0.7097 -0.7715 -0.0533
    5.75  501.29  -1.4108 -1.0857 -0.5504 -0.2597 -0.1532 -0.2352 -0.5720 -1.0909 -1.2852 -1.3428 -0.2825
    5.75  631.04  -1.5495 -1.2565 -0.7602 -0.5403 -0.5518 -0.7523 -1.2152 -1.8654 -2.0586 -2.1114 -0.5689
    5.75  794.39  -1.6997 -1.4392 -0.9834 -0.8415 -0.9832 -1.3156 -1.9163 -2.7098 -2.9022 -2.9501 -0.8756
    6.00   10.05  -0.1902  0.7778  1.8059  2.2893  2.6227  2.7689  2.8921  2.9718  2.8052  2.6376  2.3719
    6.00   10.08  -0.1902  0.7778  1.8059  2.2893  2.6227  2.7689  2.8921  2.9718  2.8052  2.6376  2.3719
    6.00   10.12  -0.1902  0.7778  1.8059  2.2893  2.6227  2.7689  2.8921  2.9718  2.8052  2.6376  2.3719
    6.00   10.20  -0.1902  0.7778  1.8059  2.2893  2.6227  2.7689  2.8921  2.9718  2.8052  2.6376  2.3719
    6.00   10.31  -0.1902  0.7778  1.8059  2.2893  2.6227  2.7689  2.8921  2.9718  2.8052  2.6376  2.3719
    6.00   10.49  -0.1963  0.7663  1.7890  2.2706  2.6040  2.7511  2.8721  2.9454  2.7732  2.6081  2.3529
    6.00   10.76  -0.2112  0.7373  1.7468  2.2245  2.5577  2.7076  2.8236  2.8817  2.6974  2.5379  2.3051
    6.00   11.18  -0.2383  0.6818  1.6680  2.1425  2.4788  2.6359  2.7470  2.7911  2.6012  2.4474  2.2162
    6.00   11.82  -0.2615  0.6340  1.6000  2.0719  2.4110  2.5744  2.6811  2.7128  2.5181  2.3695  2.1401
    6.00   12.77  -0.2904  0.5754  1.5185  1.9893  2.3337  2.5045  2.6073  2.6283  2.4315  2.2884  2.0513
    6.00   14.14  -0.3224  0.5112  1.4302  1.9007  2.2520  2.4306  2.5298  2.5408  2.3436  2.2063  1.9566
    6.00   16.08  -0.3537  0.4487  1.3445  1.8148  2.1726  2.3582  2.4542  2.4555  2.2583  2.1266  1.8645
    6.00   18.74  -0.3878  0.3823  1.2549  1.7257  2.0888  2.2810  2.3734  2.3655  2.1695  2.0424  1.7676
    6.00   22.32  -0.4229  0.3158  1.1655  1.6358  2.0046  2.2031  2.2926  2.2731  2.0780  1.9562  1.6715
    6.00   27.04  -0.4572  0.2476  1.0765  1.5447  1.9192  2.1233  2.2071  2.1771  1.9832  1.8664  1.5754
    6.00   33.16  -0.4941  0.1796  0.9870  1.4540  1.8313  2.0398  2.1177  2.0760  1.8829  1.7703  1.4782
    6.00   41.05  -0.5290  0.1121  0.8970  1.3610  1.7407  1.9516  2.0211  1.9665  1.7743  1.6673  1.3812
    6.00   51.11  -0.5653  0.0450  0.8075  1.2696  1.6473  1.8588  1.9192  1.8495  1.6583  1.5565  1.2825
    6.00   63.89  -0.6026 -0.0231  0.7172  1.1747  1.5487  1.7593  1.8075  1.7212  1.5309  1.4331  1.1812
    6.00   80.06  -0.6414 -0.0917  0.6267  1.0777  1.4462  1.6508  1.6840  1.5786  1.3903  1.2948  1.0781
    6.00  100.50  -0.6753 -0.1564  0.5388  0.9820  1.3402  1.5370  1.5518  1.4216  1.2339  1.1451  0.9761
    6.00  126.29  -0.7034 -0.2145  0.4588  0.8894  1.2337  1.4139  1.4071  1.2467  1.0617  0.9769  0.8773
    6.00  158.81  -0.7318 -0.2724  0.3762  0.7919  1.1147  1.2755  1.2377  1.0452  0.8597  0.7794  0.7746
    6.00  199.78  -0.7607 -0.3312  0.2922  0.6899  0.9850  1.1195  1.0444  0.8111  0.6273  0.5512  0.6658
    6.00  251.39  -0.7905 -0.3923  0.2055  0.5788  0.8365  0.9337  0.8138  0.5314  0.3488  0.2766  0.5507
    6.00  316.39  -0.8434 -0.4743  0.0950  0.4358  0.6452  0.6914  0.5116  0.1665 -0.0150 -0.0818  0.4030
    6.00  398.24  -0.9353 -0.5954 -0.0548  0.2471  0.3907  0.3725  0.1219 -0.2989 -0.4804 -0.5413  0.2066
    6.00  501.29  -1.0434 -0.7339 -0.2253  0.0255  0.0858 -0.0165 -0.3570 -0.8734 -1.0527 -1.1103 -0.0202
    6.00  631.04  -1.1858 -0.9058 -0.4334 -0.2531 -0.3109 -0.5334 -0.9999 -1.6442 -1.8224 -1.8761 -0.3032
    6.00  794.39  -1.3396 -1.0889 -0.6546 -0.5516 -0.7407 -1.0959 -1.7009 -2.4854 -2.6624 -2.7119 -0.6071
    6.25   10.05   0.0997  0.9958  1.9360  2.3786  2.6963  2.8415  2.9467  2.9856  2.8199  2.6620  2.4447
    6.25   10.08   0.0997  0.9958  1.9360  2.3786  2.6963  2.8415  2.9467  2.9856  2.8199  2.6620  2.4447
    6.25   10.12   0.0997  0.9958  1.9360  2.3786  2.6963  2.8415  2.9467  2.9856  2.8199  2.6620  2.4447
    6.25   10.20   0.0997  0.9958  1.9360  2.3786  2.6963  2.8415  2.9467  2.9856  2.8199  2.6620  2.4447
    6.25   10.31   0.0997  0.9958  1.9360  2.3786  2.6963  2.8415  2.9467  2.9856  2.8199  2.6620  2.4447
    6.25   10.49   0.0997  0.9958  1.9360  2.3786  2.6963  2.8415  2.9467  2.9856  2.8199  2.6620  2.4447
    6.25   10.76   0.0940  0.9840  1.9184  2.3602  2.6767  2.8225  2.9254  2.9579  2.7863  2.6309  2.4241
    6.25   11.18   0.0749  0.9448  1.8620  2.3011  2.6167  2.7655  2.8634  2.8802  2.6969  2.5481  2.3593
    6.25   11.82   0.0474  0.8886  1.7835  2.2196  2.5381  2.6927  2.7867  2.7899  2.6019  2.4601  2.2711
    6.25   12.77   0.0227  0.8380  1.7133  2.1471  2.4688  2.6288  2.7193  2.7113  2.5201  2.3840  2.1926
    6.25   14.14  -0.0110  0.7712  1.6237  2.0574  2.3849  2.5526  2.6401  2.6233  2.4335  2.3019  2.0958
    6.25   16.08  -0.0414  0.7106  1.5421  1.9756  2.3081  2.4831  2.5679  2.5430  2.3545  2.2270  2.0074
    6.25   18.74  -0.0742  0.6460  1.4572  1.8907  2.2284  2.4107  2.4912  2.4588  2.2715  2.1492  1.9156
    6.25   22.32  -0.1060  0.5836  1.3751  1.8081  2.1505  2.3385  2.4152  2.3748  2.1879  2.0716  1.8265
    6.25   27.04  -0.1374  0.5222  1.2935  1.7266  2.0724  2.2644  2.3378  2.2884  2.1018  1.9907  1.7383
    6.25   33.16  -0.1689  0.4622  1.2130  1.6450  1.9932  2.1892  2.2576  2.1977  2.0123  1.9057  1.6502
    6.25   41.05  -0.2004  0.4018  1.1335  1.5634  1.9121  2.1095  2.1697  2.0983  1.9155  1.8132  1.5615
    6.25   51.11  -0.2310  0.3423  1.0547  1.4811  1.8290  2.0261  2.0773  1.9930  1.8118  1.7142  1.4741
    6.25   63.89  -0.2627  0.2832  0.9761  1.3996  1.7425  1.9366  1.9765  1.8768  1.6978  1.6045  1.3853
    6.25   80.06  -0.2939  0.2237  0.8969  1.3128  1.6502  1.8385  1.8637  1.7459  1.5682  1.4790  1.2939
    6.25  100.50  -0.3253  0.1646  0.8185  1.2260  1.5524  1.7305  1.7378  1.5990  1.4216  1.3369  1.2007
    6.25  126.29  -0.3563  0.1059  0.7391  1.1357  1.4458  1.6100  1.5939  1.4274  1.2524  1.1727  1.1044
    6.25  158.81  -0.3890  0.0464  0.6582  1.0403  1.3279  1.4711  1.4259  1.2266  1.0542  0.9783  1.0033
    6.25  199.78  -0.4203 -0.0133  0.5764  0.9401  1.1994  1.3135  1.2330  0.9952  0.8237  0.7522  0.8975
    6.25  251.39  -0.4555 -0.0750  0.4920  0.8316  1.0532  1.1286  1.0030  0.7170  0.5476  0.4790  0.7830
    6.25  316.39  -0.5116 -0.1576  0.3846  0.6929  0.8626  0.8868  0.7042  0.3564  0.1889  0.1255  0.6372
    6.25  398.24  -0.6055 -0.2794  0.2361  0.5053  0.6111  0.5695  0.3142 -0.1065 -0.2734 -0.3326  0.4445
    6.25  501.29  -0.7178 -0.4179  0.0680  0.2867  0.3067  0.1799 -0.1645 -0.6780 -0.8430 -0.8984  0.2205
    6.25  631.04  -0.8630 -0.5906 -0.1372  0.0112 -0.0884 -0.3364 -0.8057 -1.4460 -1.6093 -1.6602 -0.0611
    6.25  794.39  -1.0198 -0.7748 -0.3558 -0.2846 -0.5165 -0.8987 -1.5049 -2.2839 -2.4456 -2.4924 -0.3627
    6.50   10.05   0.3947  1.2218  2.0784  2.4903  2.7934  2.9339  3.0224  3.0197  2.8542  2.7104  2.5384
    6.50   10.08   0.3947  1.2218  2.0784  2.4903  2.7934  2.9339  3.0224  3.0197  2.8542  2.7104  2.5384
    6.50   10.12   0.3947  1.2218  2.0784  2.4903  2.7934  2.9339  3.0224  3.0197  2.8542  2.7104  2.5384
    6.50   10.20   0.3947  1.2218  2.0784  2.4903  2.7934  2.9339  3.0224  3.0197  2.8542  2.7104  2.5384
    6.50   10.31   0.3947  1.2218  2.0784  2.4903  2.7934  2.9339  3.0224  3.0197  2.8542  2.7104  2.5384
    6.50   10.49   0.3947  1.2218  2.0784  2.4903  2.7934  2.9339  3.0224  3.0197  2.8542  2.7104  2.5384
    6.50   10.76   0.3947  1.2218  2.0784  2.4903  2.7934  2.9339  3.0224  3.0197  2.8542  2.7104  2.5384
    6.50   11.18   0.3893  1.2120  2.0648  2.4749  2.7780  2.9185  3.0055  2.9982  2.8284  2.6861  2.5220
    6.50   11.82   0.3607  1.1598  1.9936  2.3983  2.7024  2.8454  2.9269  2.9037  2.7221  2.5864  2.4399
    6.50   12.77   0.3278  1.0964  1.9090  2.3116  2.6173  2.7654  2.8430  2.8081  2.6224  2.4937  2.3453
    6.50   14.14   0.2907  1.0294  1.8210  2.2234  2.5324  2.6867  2.7614  2.7178  2.5314  2.4090  2.2493
    6.50   16.08   0.2511  0.9598  1.7306  2.1338  2.4473  2.6083  2.6807  2.6301  2.4448  2.3286  2.1518
    6.50   18.74   0.2128  0.8921  1.6439  2.0475  2.3658  2.5322  2.6025  2.5449  2.3622  2.2497  2.0578
    6.50   22.32   0.1762  0.8255  1.5597  1.9633  2.2856  2.4576  2.5249  2.4604  2.2808  2.1717  1.9664
    6.50   27.04   0.1397  0.7609  1.4779  1.8809  2.2050  2.3831  2.4455  2.3750  2.1963  2.0937  1.8776
    6.50   33.16   0.1038  0.6985  1.3983  1.8000  2.1257  2.3047  2.3638  2.2843  2.1082  2.0105  1.7895
    6.50   41.05   0.0687  0.6370  1.3199  1.7194  2.0446  2.2248  2.2761  2.1872  2.0137  1.9203  1.7027
    6.50   51.11   0.0345  0.5766  1.2424  1.6403  1.9629  2.1422  2.1850  2.0851  1.9130  1.8237  1.6172
    6.50   63.89   0.0008  0.5166  1.1658  1.5602  1.8777  2.0535  2.0862  1.9720  1.8030  1.7176  1.5293
    6.50   80.06  -0.0340  0.4566  1.0894  1.4774  1.7866  1.9559  1.9748  1.8446  1.6773  1.5960  1.4413
    6.50  100.50  -0.0682  0.3957  1.0127  1.3920  1.6914  1.8488  1.8504  1.6998  1.5345  1.4570  1.3506
    6.50  126.29  -0.1038  0.3367  0.9351  1.3042  1.5859  1.7270  1.7072  1.5317  1.3690  1.2969  1.2562
    6.50  158.81  -0.1392  0.2761  0.8569  1.2112  1.4698  1.5888  1.5396  1.3345  1.1732  1.1045  1.1571
    6.50  199.78  -0.1760  0.2151  0.7767  1.1129  1.3411  1.4296  1.3487  1.1034  0.9445  0.8800  1.0530
    6.50  251.39  -0.2137  0.1532  0.6950  1.0071  1.1960  1.2464  1.1185  0.8273  0.6714  0.6099  0.9408
    6.50  316.39  -0.2715  0.0702  0.5908  0.8709  1.0077  1.0064  0.8211  0.4714  0.3162  0.2602  0.7994
    6.50  398.24  -0.3696 -0.0519  0.4439  0.6859  0.7558  0.6877  0.4329  0.0099 -0.1420 -0.1957  0.6077
    6.50  501.29  -0.4848 -0.1917  0.2774  0.4685  0.4561  0.2998 -0.0458 -0.5582 -0.7089 -0.7586  0.3860
    6.50  631.04  -0.6343 -0.3655  0.0738  0.1955  0.0608 -0.2160 -0.6861 -1.3237 -1.4719 -1.5175  0.1067
    6.50  794.39  -0.7951 -0.5504 -0.1424 -0.0975 -0.3665 -0.7775 -1.3839 -2.1589 -2.3048 -2.3464 -0.1927
    6.75   10.05   0.6687  1.4354  2.2142  2.5989  2.8946  3.0264  3.1010  3.0546  2.8901  2.7619  2.6350
    6.75   10.08   0.6687  1.4354  2.2142  2.5989  2.8946  3.0264  3.1010  3.0546  2.8901  2.7619  2.6350
    6.75   10.12   0.6687  1.4354  2.2142  2.5989  2.8946  3.0264  3.1010  3.0546  2.8901  2.7619  2.6350
    6.75   10.20   0.6687  1.4354  2.2142  2.5989  2.8946  3.0264  3.1010  3.0546  2.8901  2.7619  2.6350
    6.75   10.31   0.6687  1.4354  2.2142  2.5989  2.8946  3.0264  3.1010  3.0546  2.8901  2.7619  2.6350
    6.75   10.49   0.6687  1.4354  2.2142  2.5989  2.8946  3.0264  3.1010  3.0546  2.8901  2.7619  2.6350
    6.75   10.76   0.6687  1.4354  2.2142  2.5989  2.8946  3.0264  3.1010  3.0546  2.8901  2.7619  2.6350
    6.75   11.18   0.6687  1.4354  2.2142  2.5989  2.8946  3.0264  3.1010  3.0546  2.8901  2.7619  2.6350
    6.75   11.82   0.6686  1.4349  2.2138  2.5986  2.8943  3.0260  3.1006  3.0541  2.8895  2.7613  2.6346
    6.75   12.77   0.6290  1.3668  2.1251  2.5051  2.7988  2.9324  3.0008  2.9362  2.7577  2.6389  2.5324
    6.75   14.14   0.5858  1.2938  2.0310  2.4092  2.7025  2.8409  2.9058  2.8308  2.6489  2.5379  2.4272
    6.75   16.08   0.5341  1.2088  1.9261  2.3045  2.6022  2.7463  2.8094  2.7291  2.5493  2.4440  2.3131
    6.75   18.74   0.4875  1.1323  1.8321  2.2108  2.5132  2.6624  2.7240  2.6393  2.4622  2.3618  2.2109
    6.75   22.32   0.4409  1.0577  1.7415  2.1206  2.4258  2.5806  2.6399  2.5502  2.3769  2.2810  2.1131
    6.75   27.04   0.3974  0.9870  1.6555  2.0352  2.3424  2.5004  2.5567  2.4614  2.2898  2.1997  2.0199
    6.75   33.16   0.3570  0.9192  1.5730  1.9527  2.2603  2.4197  2.4725  2.3706  2.2021  2.1163  1.9300
    6.75   41.05   0.3147  0.8534  1.4935  1.8715  2.1774  2.3378  2.3834  2.2746  2.1090  2.0268  1.8418
    6.75   51.11   0.2754  0.7899  1.4163  1.7919  2.0945  2.2532  2.2897  2.1722  2.0099  1.9319  1.7558
    6.75   63.89   0.2368  0.7280  1.3405  1.7118  2.0089  2.1626  2.1903  2.0599  1.9009  1.8273  1.6694
    6.75   80.06   0.1976  0.6660  1.2647  1.6306  1.9190  2.0649  2.0794  1.9344  1.7778  1.7077  1.5816
    6.75  100.50   0.1591  0.6053  1.1889  1.5474  1.8231  1.9571  1.9547  1.7915  1.6376  1.5718  1.4915
    6.75  126.29   0.1200  0.5444  1.1131  1.4608  1.7194  1.8362  1.8126  1.6271  1.4758  1.4137  1.4006
    6.75  158.81   0.0803  0.4836  1.0359  1.3702  1.6031  1.6974  1.6464  1.4311  1.2832  1.2242  1.3013
    6.75  199.78   0.0400  0.4205  0.9574  1.2729  1.4755  1.5378  1.4524  1.2012  1.0557  1.0008  1.1992
    6.75  251.39  -0.0015  0.3570  0.8774  1.1692  1.3317  1.3543  1.2242  0.9281  0.7856  0.7337  1.0897
    6.75  316.39  -0.0623  0.2744  0.7764  1.0371  1.1463  1.1158  0.9302  0.5769  0.4363  0.3894  0.9514
    6.75  398.24  -0.1652  0.1510  0.6315  0.8540  0.8953  0.7976  0.5402  0.1168 -0.0207 -0.0648  0.7625
    6.75  501.29  -0.2845  0.0093  0.4684  0.6390  0.5941  0.4103  0.0639 -0.4499 -0.5849 -0.6254  0.5421
    6.75  631.04  -0.4362 -0.1644  0.2672  0.3694  0.2027 -0.1053 -0.5745 -1.2114 -1.3435 -1.3810  0.2658
    6.75  794.39  -0.5996 -0.3494  0.0532  0.0791 -0.2216 -0.6660 -1.2706 -2.0423 -2.1717 -2.2060 -0.0308
    7.00   10.05   0.9199  1.6273  2.3349  2.6993  2.9922  3.1111  3.1711  3.0810  2.9172  2.8081  2.7243
    7.00   10.08   0.9199  1.6273  2.3349  2.6993  2.9922  3.1111  3.1711  3.0810  2.9172  2.8081  2.7243
    7.00   10.12   0.9199  1.6273  2.3349  2.6993  2.9922  3.1111  3.1711  3.0810  2.9172  2.8081  2.7243
    7.00   10.20   0.9199  1.6273  2.3349  2.6993  2.9922  3.1111  3.1711  3.0810  2.9172  2.8081  2.7243
    7.00   10.31   0.9199  1.6273  2.3349  2.6993  2.9922  3.1111  3.1711  3.0810  2.9172  2.8081  2.7243
    7.00   10.49   0.9199  1.6273  2.3349  2.6993  2.9922  3.1111  3.1711  3.0810  2.9172  2.8081  2.7243
    7.00   10.76   0.9199  1.6273  2.3349  2.6993  2.9922  3.1111  3.1711  3.0810  2.9172  2.8081  2.7243
    7.00   11.18   0.9199  1.6273  2.3349  2.6993  2.9922  3.1111  3.1711  3.0810  2.9172  2.8081  2.7243
    7.00   11.82   0.9199  1.6273  2.3349  2.6993  2.9922  3.1111  3.1711  3.0810  2.9172  2.8081  2.7243
    7.00   12.77   0.9199  1.6273  2.3349  2.6993  2.9922  3.1111  3.1711  3.0810  2.9172  2.8081  2.7243
    7.00   14.14   0.8792  1.5640  2.2542  2.6140  2.9041  3.0233  3.0803  2.9750  2.8001  2.6982  2.6318
    7.00   16.08   0.8194  1.4699  2.1408  2.4991  2.7885  2.9116  2.9650  2.8522  2.6753  2.5812  2.5054
    7.00   18.74   0.7516  1.3698  2.0224  2.3828  2.6732  2.8029  2.8555  2.7390  2.5671  2.4800  2.3773
    7.00   22.32   0.6931  1.2829  1.9207  2.2818  2.5748  2.7088  2.7598  2.6410  2.4739  2.3928  2.2670
    7.00   27.04   0.6392  1.2020  1.8271  2.1887  2.4829  2.6198  2.6694  2.5478  2.3843  2.3077  2.1655
    7.00   33.16   0.5891  1.1273  1.7402  2.1018  2.3967  2.5342  2.5813  2.4562  2.2939  2.2220  2.0708
    7.00   41.05   0.5418  1.0560  1.6577  2.0183  2.3102  2.4479  2.4882  2.3573  2.2018  2.1340  1.9800
    7.00   51.11   0.4949  0.9883  1.5789  1.9374  2.2263  2.3610  2.3943  2.2556  2.1030  2.0393  1.8920
    7.00   63.89   0.4508  0.9223  1.5030  1.8573  2.1394  2.2679  2.2921  2.1443  1.9953  1.9348  1.8052
    7.00   80.06   0.4057  0.8588  1.4269  1.7764  2.0493  2.1693  2.1813  2.0208  1.8750  1.8189  1.7173
    7.00  100.50   0.3634  0.7946  1.3505  1.6943  1.9534  2.0599  2.0562  1.8789  1.7369  1.6843  1.6290
    7.00  126.29   0.3197  0.7323  1.2770  1.6100  1.8495  1.9388  1.9143  1.7166  1.5768  1.5274  1.5368
    7.00  158.81   0.2758  0.6681  1.2019  1.5197  1.7354  1.8012  1.7495  1.5245  1.3880  1.3410  1.4407
    7.00  199.78   0.2311  0.6052  1.1243  1.4234  1.6068  1.6405  1.5546  1.2939  1.1612  1.1183  1.3400
    7.00  251.39   0.1858  0.5419  1.0458  1.3228  1.4642  1.4556  1.3264  1.0232  0.8939  0.8543  1.2322
    7.00  316.39   0.1230  0.4597  0.9485  1.1947  1.2822  1.2199  1.0351  0.6764  0.5510  0.5144  1.0978
    7.00  398.24   0.0167  0.3341  0.8052  1.0136  1.0322  0.9009  0.6471  0.2192  0.0958  0.0638  0.9101
    7.00  501.29  -0.1074  0.1918  0.6424  0.8014  0.7317  0.5113  0.1697 -0.3449 -0.4664 -0.4938  0.6929
    7.00  631.04  -0.2631  0.0179  0.4444  0.5337  0.3419 -0.0015 -0.4674 -1.1032 -1.2208 -1.2459  0.4188
    7.00  794.39  -0.4299 -0.1677  0.2335  0.2464 -0.0803 -0.5598 -1.1615 -1.9307 -2.0442 -2.0670  0.1249
    7.25   10.05   1.1435  1.7990  2.4326  2.7823  3.0756  3.1813  3.2318  3.0979  2.9353  2.8455  2.8072
    7.25   10.08   1.1435  1.7990  2.4326  2.7823  3.0756  3.1813  3.2318  3.0979  2.9353  2.8455  2.8072
    7.25   10.12   1.1435  1.7990  2.4326  2.7823  3.0756  3.1813  3.2318  3.0979  2.9353  2.8455  2.8072
    7.25   10.20   1.1435  1.7990  2.4326  2.7823  3.0756  3.1813  3.2318  3.0979  2.9353  2.8455  2.8072
    7.25   10.31   1.1435  1.7990  2.4326  2.7823  3.0756  3.1813  3.2318  3.0979  2.9353  2.8455  2.8072
    7.25   10.49   1.1435  1.7990  2.4326  2.7823  3.0756  3.1813  3.2318  3.0979  2.9353  2.8455  2.8072
    7.25   10.76   1.1435  1.7990  2.4326  2.7823  3.0756  3.1813  3.2318  3.0979  2.9353  2.8455  2.8072
    7.25   11.18   1.1435  1.7990  2.4326  2.7823  3.0756  3.1813  3.2318  3.0979  2.9353  2.8455  2.8072
    7.25   11.82   1.1435  1.7990  2.4326  2.7823  3.0756  3.1813  3.2318  3.0979  2.9353  2.8455  2.8072
    7.25   12.77   1.1435  1.7990  2.4326  2.7823  3.0756  3.1813  3.2318  3.0979  2.9353  2.8455  2.8072
    7.25   14.14   1.1435  1.7990  2.4326  2.7823  3.0756  3.1813  3.2318  3.0979  2.9353  2.8455  2.8072
    7.25   16.08   1.1153  1.7582  2.3833  2.7289  3.0188  3.1228  3.1684  3.0278  2.8561  2.7716  2.7488
    7.25   18.74   1.0259  1.6303  2.2354  2.5799  2.8663  2.9727  3.0175  2.8708  2.6998  2.6252  2.5845
    7.25   22.32   0.9418  1.5126  2.1038  2.4498  2.7379  2.8487  2.8937  2.7480  2.5824  2.5160  2.4424
    7.25   27.04   0.8692  1.4139  1.9931  2.3417  2.6300  2.7431  2.7875  2.6421  2.4828  2.4204  2.3218
    7.25   33.16   0.8054  1.3250  1.8958  2.2442  2.5324  2.6468  2.6887  2.5422  2.3880  2.3318  2.2169
    7.25   41.05   0.7471  1.2454  1.8071  2.1562  2.4409  2.5535  2.5923  2.4421  2.2936  2.2408  2.1192
    7.25   51.11   0.6927  1.1710  1.7241  2.0722  2.3512  2.4610  2.4933  2.3384  2.1944  2.1454  2.0275
    7.25   63.89   0.6413  1.1001  1.6467  1.9905  2.2619  2.3653  2.3876  2.2263  2.0864  2.0407  1.9381
    7.25   80.06   0.5906  1.0323  1.5702  1.9100  2.1702  2.2647  2.2767  2.1030  1.9670  1.9249  1.8500
    7.25  100.50   0.5425  0.9656  1.4943  1.8278  2.0736  2.1535  2.1499  1.9630  1.8317  1.7926  1.7618
    7.25  126.29   0.4934  0.9000  1.4214  1.7432  1.9695  2.0305  2.0068  1.8006  1.6726  1.6376  1.6708
    7.25  158.81   0.4460  0.8350  1.3465  1.6551  1.8562  1.8918  1.8420  1.6110  1.4873  1.4548  1.5765
    7.25  199.78   0.3952  0.7691  1.2702  1.5610  1.7280  1.7296  1.6458  1.3806  1.2616  1.2322  1.4760
    7.25  251.39   0.3467  0.7036  1.1939  1.4618  1.5859  1.5458  1.4193  1.1134  0.9969  0.9709  1.3694
    7.25  316.39   0.2819  0.6239  1.0998  1.3377  1.4064  1.3130  1.1319  0.7741  0.6612  0.6383  1.2397
    7.25  398.24   0.1721  0.4965  0.9590  1.1581  1.1576  0.9933  0.7424  0.3165  0.2078  0.1880  1.0536
    7.25  501.29   0.0441  0.3536  0.7986  0.9485  0.8591  0.6046  0.2657 -0.2464 -0.3521 -0.3689  0.8382
    7.25  631.04  -0.1149  0.1788  0.6021  0.6833  0.4705  0.0911 -0.3693 -1.0005 -1.1023 -1.1163  0.5666
    7.25  794.39  -0.2850 -0.0074  0.3930  0.3983  0.0498 -0.4669 -1.0610 -1.8235 -1.9212 -1.9323  0.2755
    7.50   10.05   1.3422  1.9498  2.4817  2.8065  3.0902  3.2007  3.2392  3.1065  2.9434  2.8558  2.8830
    7.50   10.08   1.3422  1.9498  2.4817  2.8065  3.0902  3.2007  3.2392  3.1065  2.9434  2.8558  2.8830
    7.50   10.12   1.3422  1.9498  2.4817  2.8065  3.0902  3.2007  3.2392  3.1065  2.9434  2.8558  2.8830
    7.50   10.20   1.3422  1.9498  2.4817  2.8065  3.0902  3.2007  3.2392  3.1065  2.9434  2.8558  2.8830
    7.50   10.31   1.3422  1.9498  2.4817  2.8065  3.0902  3.2007  3.2392  3.1065  2.9434  2.8558  2.8830
    7.50   10.49   1.3422  1.9498  2.4817  2.8065  3.0902  3.2007  3.2392  3.1065  2.9434  2.8558  2.8830
    7.50   10.76   1.3422  1.9498  2.4817  2.8065  3.0902  3.2007  3.2392  3.1065  2.9434  2.8558  2.8830
    7.50   11.18   1.3422  1.9498  2.4817  2.8065  3.0902  3.2007  3.2392  3.1065  2.9434  2.8558  2.8830
    7.50   11.82   1.3422  1.9498  2.4817  2.8065  3.0902  3.2007  3.2392  3.1065  2.9434  2.8558  2.8830
    7.50   12.77   1.3422  1.9498  2.4817  2.8065  3.0902  3.2007  3.2392  3.1065  2.9434  2.8558  2.8830
    7.50   14.14   1.3422  1.9498  2.4817  2.8065  3.0902  3.2007  3.2392  3.1065  2.9434  2.8558  2.8830
    7.50   16.08   1.3422  1.9498  2.4817  2.8065  3.0902  3.2007  3.2392  3.1065  2.9434  2.8558  2.8830
    7.50   18.74   1.3369  1.9428  2.4736  2.7977  3.0805  3.1906  3.2288  3.0947  2.9300  2.8434  2.8733
    7.50   22.32   1.2177  1.7845  2.2958  2.6172  2.8915  2.9993  3.0369  2.8973  2.7291  2.6550  2.6741
    7.50   27.04   1.1065  1.6407  2.1429  2.4659  2.7395  2.8490  2.8890  2.7551  2.5968  2.5307  2.5074
    7.50   33.16   1.0171  1.5261  2.0219  2.3494  2.6190  2.7288  2.7682  2.6385  2.4874  2.4273  2.3780
    7.50   41.05   0.9422  1.4300  1.9209  2.2478  2.5152  2.6227  2.6607  2.5310  2.3864  2.3318  2.2655
    7.50   51.11   0.8746  1.3420  1.8296  2.1559  2.4163  2.5209  2.5530  2.4211  2.2843  2.2307  2.1655
    7.50   63.89   0.8142  1.2644  1.7474  2.0710  2.3228  2.4191  2.4450  2.3081  2.1766  2.1270  2.0721
    7.50   80.06   0.7562  1.1905  1.6688  1.9881  2.2281  2.3146  2.3283  2.1843  2.0567  2.0109  1.9812
    7.50  100.50   0.7003  1.1201  1.5918  1.9052  2.1295  2.2014  2.2017  2.0444  1.9220  1.8792  1.8919
    7.50  126.29   0.6467  1.0511  1.5185  1.8210  2.0251  2.0771  2.0572  1.8839  1.7667  1.7270  1.8007
    7.50  158.81   0.5919  0.9829  1.4435  1.7343  1.9103  1.9358  1.8907  1.6935  1.5808  1.5431  1.7063
    7.50  199.78   0.5373  0.9150  1.3680  1.6403  1.7818  1.7731  1.6931  1.4662  1.3576  1.3234  1.6057
    7.50  251.39   0.4839  0.8477  1.2929  1.5426  1.6401  1.5886  1.4669  1.2005  1.0962  1.0651  1.5019
    7.50  316.39   0.4182  0.7687  1.2043  1.4239  1.4684  1.3603  1.1863  0.8683  0.7680  0.7399  1.3773
    7.50  398.24   0.3036  0.6401  1.0647  1.2460  1.2174  1.0391  0.7950  0.4118  0.3162  0.2905  1.1929
    7.50  501.29   0.1721  0.4961  0.9063  1.0378  0.9189  0.6501  0.3184 -0.1501 -0.2416 -0.2643  0.9784
    7.50  631.04   0.0093  0.3207  0.7130  0.7757  0.5324  0.1382 -0.3145 -0.9005 -0.9873 -1.0071  0.7097
    7.50  794.39  -0.1642  0.1346  0.5069  0.4942  0.1146 -0.4176 -1.0036 -1.7186 -1.8008 -1.8179  0.4217
    7.75   10.05   1.5124  2.0782  2.5244  2.8235  3.0962  3.2136  3.2448  3.1146  2.9510  2.8626  2.9520
    7.75   10.08   1.5124  2.0782  2.5244  2.8235  3.0962  3.2136  3.2448  3.1146  2.9510  2.8626  2.9520
    7.75   10.12   1.5124  2.0782  2.5244  2.8235  3.0962  3.2136  3.2448  3.1146  2.9510  2.8626  2.9520
    7.75   10.20   1.5124  2.0782  2.5244  2.8235  3.0962  3.2136  3.2448  3.1146  2.9510  2.8626  2.9520
    7.75   10.31   1.5124  2.0782  2.5244  2.8235  3.0962  3.2136  3.2448  3.1146  2.9510  2.8626  2.9520
    7.75   10.49   1.5124  2.0782  2.5244  2.8235  3.0962  3.2136  3.2448  3.1146  2.9510  2.8626  2.9520
    7.75   10.76   1.5124  2.0782  2.5244  2.8235  3.0962  3.2136  3.2448  3.1146  2.9510  2.8626  2.9520
    7.75   11.18   1.5124  2.0782  2.5244  2.8235  3.0962  3.2136  3.2448  3.1146  2.9510  2.8626  2.9520
    7.75   11.82   1.5124  2.0782  2.5244  2.8235  3.0962  3.2136  3.2448  3.1146  2.9510  2.8626  2.9520
    7.75   12.77   1.5124  2.0782  2.5244  2.8235  3.0962  3.2136  3.2448  3.1146  2.9510  2.8626  2.9520
    7.75   14.14   1.5124  2.0782  2.5244  2.8235  3.0962  3.2136  3.2448  3.1146  2.9510  2.8626  2.9520
    7.75   16.08   1.5124  2.0782  2.5244  2.8235  3.0962  3.2136  3.2448  3.1146  2.9510  2.8626  2.9520
    7.75   18.74   1.5124  2.0782  2.5244  2.8235  3.0962  3.2136  3.2448  3.1146  2.9510  2.8626  2.9520
    7.75   22.32   1.5124  2.0782  2.5244  2.8235  3.0962  3.2136  3.2448  3.1146  2.9510  2.8626  2.9520
    7.75   27.04   1.4001  1.9363  2.3745  2.6690  2.9305  3.0420  3.0721  2.9437  2.7781  2.6996  2.7805
    7.75   33.16   1.2491  1.7527  2.1873  2.4862  2.7426  2.8530  2.8872  2.7725  2.6196  2.5499  2.5787
    7.75   41.05   1.1374  1.6185  2.0528  2.3552  2.6055  2.7142  2.7496  2.6420  2.4991  2.4356  2.4319
    7.75   51.11   1.0485  1.5114  1.9454  2.2492  2.4924  2.5951  2.6278  2.5232  2.3888  2.3296  2.3142
    7.75   63.89   0.9713  1.4191  1.8530  2.1551  2.3873  2.4835  2.5096  2.4044  2.2766  2.2213  2.2109
    7.75   80.06   0.9021  1.3364  1.7686  2.0674  2.2875  2.3714  2.3876  2.2770  2.1573  2.1049  2.1147
    7.75  100.50   0.8372  1.2591  1.6902  1.9825  2.1856  2.2538  2.2554  2.1372  2.0228  1.9739  2.0213
    7.75  126.29   0.7754  1.1847  1.6137  1.8970  2.0782  2.1257  2.1106  1.9764  1.8672  1.8211  1.9288
    7.75  158.81   0.7150  1.1128  1.5383  1.8089  1.9618  1.9815  1.9414  1.7856  1.6829  1.6390  1.8335
    7.75  199.78   0.6550  1.0418  1.4636  1.7161  1.8334  1.8172  1.7437  1.5593  1.4619  1.4204  1.7339
    7.75  251.39   0.5962  0.9720  1.3891  1.6193  1.6919  1.6314  1.5177  1.2957  1.2027  1.1642  1.6297
    7.75  316.39   0.5295  0.8953  1.3053  1.5076  1.5227  1.4069  1.2404  0.9702  0.8820  0.8464  1.5107
    7.75  398.24   0.4109  0.7654  1.1670  1.3301  1.2741  1.0857  0.8503  0.5160  0.4332  0.3995  1.3281
    7.75  501.29   0.2741  0.6199  1.0100  1.1235  0.9756  0.6945  0.3723 -0.0450 -0.1235 -0.1543  1.1148
    7.75  631.04   0.1081  0.4434  0.8182  0.8633  0.5912  0.1839 -0.2579 -0.7905 -0.8640 -0.8918  0.8492
    7.75  794.39  -0.0687  0.2559  0.6142  0.5842  0.1758 -0.3698 -0.9433 -1.6027 -1.6711 -1.6960  0.5644
    8.00   10.05   1.6569  2.1864  2.5678  2.8398  3.1022  3.2261  3.2502  3.1229  2.9584  2.8694  3.0141
    8.00   10.08   1.6569  2.1864  2.5678  2.8398  3.1022  3.2261  3.2502  3.1229  2.9584  2.8694  3.0141
    8.00   10.12   1.6569  2.1864  2.5678  2.8398  3.1022  3.2261  3.2502  3.1229  2.9584  2.8694  3.0141
    8.00   10.20   1.6569  2.1864  2.5678  2.8398  3.1022  3.2261  3.2502  3.1229  2.9584  2.8694  3.0141
    8.00   10.31   1.6569  2.1864  2.5678  2.8398  3.1022  3.2261  3.2502  3.1229  2.9584  2.8694  3.0141
    8.00   10.49   1.6569  2.1864  2.5678  2.8398  3.1022  3.2261  3.2502  3.1229  2.9584  2.8694  3.0141
    8.00   10.76   1.6569  2.1864  2.5678  2.8398  3.1022  3.2261  3.2502  3.1229  2.9584  2.8694  3.0141
    8.00   11.18   1.6569  2.1864  2.5678  2.8398  3.1022  3.2261  3.2502  3.1229  2.9584  2.8694  3.0141
    8.00   11.82   1.6569  2.1864  2.5678  2.8398  3.1022  3.2261  3.2502  3.1229  2.9584  2.8694  3.0141
    8.00   12.77   1.6569  2.1864  2.5678  2.8398  3.1022  3.2261  3.2502  3.1229  2.9584  2.8694  3.0141
    8.00   14.14   1.6569  2.1864  2.5678  2.8398  3.1022  3.2261  3.2502  3.1229  2.9584  2.8694  3.0141
    8.00   16.08   1.6569  2.1864  2.5678  2.8398  3.1022  3.2261  3.2502  3.1229  2.9584  2.8694  3.0141
    8.00   18.74   1.6569  2.1864  2.5678  2.8398  3.1022  3.2261  3.2502  3.1229  2.9584  2.8694  3.0141
    8.00   22.32   1.6569  2.1864  2.5678  2.8398  3.1022  3.2261  3.2502  3.1229  2.9584  2.8694  3.0141
    8.00   27.04   1.6569  2.1864  2.5678  2.8398  3.1022  3.2261  3.2502  3.1229  2.9584  2.8694  3.0141
    8.00   33.16   1.5972  2.1144  2.4949  2.7648  3.0185  3.1374  3.1592  3.0350  2.8686  2.7847  2.9300
    8.00   41.05   1.3777  1.8615  2.2478  2.5229  2.7614  2.8733  2.9020  2.8049  2.6562  2.5844  2.6593
    8.00   51.11   1.2344  1.6972  2.0930  2.3715  2.6018  2.7068  2.7374  2.6535  2.5207  2.4528  2.4902
    8.00   63.89   1.1273  1.5768  1.9771  2.2569  2.4749  2.5707  2.5980  2.5196  2.3964  2.3337  2.3634
    8.00   80.06   1.0391  1.4766  1.8809  2.1588  2.3620  2.4465  2.4668  2.3871  2.2731  2.2137  2.2546
    8.00  100.50   0.9601  1.3876  1.7955  2.0676  2.2527  2.3188  2.3269  2.2441  2.1364  2.0811  2.1538
    8.00  126.29   0.8877  1.3061  1.7155  1.9796  2.1416  2.1864  2.1773  2.0822  1.9822  1.9287  2.0577
    8.00  158.81   0.8184  1.2283  1.6383  1.8897  2.0221  2.0386  2.0056  1.8921  1.7974  1.7474  1.9604
    8.00  199.78   0.7518  1.1527  1.5625  1.7965  1.8914  1.8714  1.8066  1.6660  1.5783  1.5289  1.8598
    8.00  251.39   0.6870  1.0798  1.4879  1.6995  1.7495  1.6843  1.5789  1.4029  1.3220  1.2747  1.7565
    8.00  316.39   0.6200  1.0059  1.4101  1.5932  1.5846  1.4614  1.3052  1.0830  1.0067  0.9631  1.6436
    8.00  398.24   0.4951  0.8736  1.2736  1.4189  1.3378  1.1414  0.9168  0.6339  0.5629  0.5210  1.4615
    8.00  501.29   0.3548  0.7261  1.1168  1.2135  1.0383  0.7487  0.4370  0.0718  0.0066 -0.0323  1.2490
    8.00  631.04   0.1846  0.5485  0.9270  0.9568  0.6562  0.2405 -0.1901 -0.6676 -0.7277 -0.7647  0.9851
    8.00  794.39   0.0039  0.3604  0.7256  0.6819  0.2439 -0.3099 -0.8712 -1.4725 -1.5268 -1.5630  0.7028
    8.25   10.05   1.7759  2.2730  2.6122  2.8571  3.1084  3.2402  3.2520  3.1310  2.9657  2.8761  3.0691
    8.25   10.08   1.7759  2.2730  2.6122  2.8571  3.1084  3.2402  3.2520  3.1310  2.9657  2.8761  3.0691
    8.25   10.12   1.7759  2.2730  2.6122  2.8571  3.1084  3.2402  3.2520  3.1310  2.9657  2.8761  3.0691
    8.25   10.20   1.7759  2.2730  2.6122  2.8571  3.1084  3.2402  3.2520  3.1310  2.9657  2.8761  3.0691
    8.25   10.31   1.7759  2.2730  2.6122  2.8571  3.1084  3.2402  3.2520  3.1310  2.9657  2.8761  3.0691
    8.25   10.49   1.7759  2.2730  2.6122  2.8571  3.1084  3.2402  3.2520  3.1310  2.9657  2.8761  3.0691
    8.25   10.76   1.7759  2.2730  2.6122  2.8571  3.1084  3.2402  3.2520  3.1310  2.9657  2.8761  3.0691
    8.25   11.18   1.7759  2.2730  2.6122  2.8571  3.1084  3.2402  3.2520  3.1310  2.9657  2.8761  3.0691
    8.25   11.82   1.7759  2.2730  2.6122  2.8571  3.1084  3.2402  3.2520  3.1310  2.9657  2.8761  3.0691
    8.25   12.77   1.7759  2.2730  2.6122  2.8571  3.1084  3.2402  3.2520  3.1310  2.9657  2.8761  3.0691
    8.25   14.14   1.7759  2.2730  2.6122  2.8571  3.1084  3.2402  3.2520  3.1310  2.9657  2.8761  3.0691
    8.25   16.08   1.7759  2.2730  2.6122  2.8571  3.1084  3.2402  3.2520  3.1310  2.9657  2.8761  3.0691
    8.25   18.74   1.7759  2.2730  2.6122  2.8571  3.1084  3.2402  3.2520  3.1310  2.9657  2.8761  3.0691
    8.25   22.32   1.7759  2.2730  2.6122  2.8571  3.1084  3.2402  3.2520  3.1310  2.9657  2.8761  3.0691
    8.25   27.04   1.7759  2.2730  2.6122  2.8571  3.1084  3.2402  3.2520  3.1310  2.9657  2.8761  3.0691
    8.25   33.16   1.7759  2.2730  2.6122  2.8571  3.1084  3.2402  3.2520  3.1310  2.9657  2.8761  3.0691
    8.25   41.05   1.7759  2.2730  2.6122  2.8571  3.1084  3.2402  3.2520  3.1310  2.9657  2.8761  3.0691
    8.25   51.11   1.5071  1.9764  2.3340  2.5840  2.8076  2.9216  2.9437  2.8598  2.7141  2.6370  2.7609
    8.25   63.89   1.3103  1.7643  2.1433  2.3993  2.6073  2.7090  2.7365  2.6769  2.5510  2.4811  2.5538
    8.25   80.06   1.1798  1.6236  2.0164  2.2726  2.4633  2.5513  2.5757  2.5247  2.4122  2.3455  2.4119
    8.25  100.50   1.0764  1.5140  1.9153  2.1675  2.3386  2.4088  2.4222  2.3735  2.2707  2.2076  2.2960
    8.25  126.29   0.9870  1.4173  1.8265  2.0720  2.2185  2.2652  2.2638  2.2073  2.1137  2.0533  2.1907
    8.25  158.81   0.9057  1.3308  1.7452  1.9794  2.0952  2.1124  2.0895  2.0184  1.9329  1.8752  2.0894
    8.25  199.78   0.8286  1.2487  1.6665  1.8841  1.9612  1.9409  1.8868  1.7922  1.7141  1.6582  1.9865
    8.25  251.39   0.7555  1.1704  1.5907  1.7865  1.8164  1.7495  1.6556  1.5294  1.4575  1.4043  1.8811
    8.25  316.39   0.6827  1.0928  1.5142  1.6810  1.6512  1.5250  1.3792  1.2083  1.1430  1.0920  1.7682
    8.25  398.24   0.5603  0.9664  1.3854  1.5151  1.4131  1.2123  1.0011  0.7704  0.7117  0.6630  1.5957
    8.25  501.29   0.4135  0.8146  1.2287  1.3094  1.1111  0.8154  0.5172  0.2061  0.1534  0.1066  1.3822
    8.25  631.04   0.2393  0.6355  1.0412  1.0556  0.7313  0.3087 -0.1065 -0.5270 -0.5732 -0.6186  1.1217
    8.25  794.39   0.0555  0.4471  0.8424  0.7841  0.3225 -0.2386 -0.7819 -1.3233 -1.3632 -1.4075  0.8433
    8.50   10.05   1.8688  2.3394  2.6542  2.8738  3.1145  3.2538  3.2576  3.1390  2.9729  2.8826  3.1170
    8.50   10.08   1.8688  2.3394  2.6542  2.8738  3.1145  3.2538  3.2576  3.1390  2.9729  2.8826  3.1170
    8.50   10.12   1.8688  2.3394  2.6542  2.8738  3.1145  3.2538  3.2576  3.1390  2.9729  2.8826  3.1170
    8.50   10.20   1.8688  2.3394  2.6542  2.8738  3.1145  3.2538  3.2576  3.1390  2.9729  2.8826  3.1170
    8.50   10.31   1.8688  2.3394  2.6542  2.8738  3.1145  3.2538  3.2576  3.1390  2.9729  2.8826  3.1170
    8.50   10.49   1.8688  2.3394  2.6542  2.8738  3.1145  3.2538  3.2576  3.1390  2.9729  2.8826  3.1170
    8.50   10.76   1.8688  2.3394  2.6542  2.8738  3.1145  3.2538  3.2576  3.1390  2.9729  2.8826  3.1170
    8.50   11.18   1.8688  2.3394  2.6542  2.8738  3.1145  3.2538  3.2576  3.1390  2.9729  2.8826  3.1170
    8.50   11.82   1.8688  2.3394  2.6542  2.8738  3.1145  3.2538  3.2576  3.1390  2.9729  2.8826  3.1170
    8.50   12.77   1.8688  2.3394  2.6542  2.8738  3.1145  3.2538  3.2576  3.1390  2.9729  2.8826  3.1170
    8.50   14.14   1.8688  2.3394  2.6542  2.8738  3.1145  3.2538  3.2576  3.1390  2.9729  2.8826  3.1170
    8.50   16.08   1.8688  2.3394  2.6542  2.8738  3.1145  3.2538  3.2576  3.1390  2.9729  2.8826  3.1170
    8.50   18.74   1.8688  2.3394  2.6542  2.8738  3.1145  3.2538  3.2576  3.1390  2.9729  2.8826  3.1170
    8.50   22.32   1.8688  2.3394  2.6542  2.8738  3.1145  3.2538  3.2576  3.1390  2.9729  2.8826  3.1170
    8.50   27.04   1.8688  2.3394  2.6542  2.8738  3.1145  3.2538  3.2576  3.1390  2.9729  2.8826  3.1170
    8.50   33.16   1.8688  2.3394  2.6542  2.8738  3.1145  3.2538  3.2576  3.1390  2.9729  2.8826  3.1170
    8.50   41.05   1.8688  2.3394  2.6542  2.8738  3.1145  3.2538  3.2576  3.1390  2.9729  2.8826  3.1170
    8.50   51.11   1.8688  2.3394  2.6542  2.8738  3.1145  3.2538  3.2576  3.1390  2.9729  2.8826  3.1170
    8.50   63.89   1.6808  2.1401  2.4779  2.6988  2.9144  3.0349  3.0452  2.9608  2.8094  2.7275  2.9176
    8.50   80.06   1.3743  1.8266  2.2087  2.4410  2.6286  2.7288  2.7525  2.7161  2.5967  2.5222  2.6259
    8.50  100.50   1.2091  1.6573  2.0636  2.2963  2.4601  2.5379  2.5587  2.5369  2.4354  2.3659  2.4638
    8.50  126.29   1.0870  1.5312  1.9556  2.1826  2.3202  2.3730  2.3819  2.3625  2.2712  2.2050  2.3387
    8.50  158.81   0.9847  1.4268  1.8632  2.0807  2.1856  2.2086  2.1969  2.1685  2.0888  2.0242  2.2254
    8.50  199.78   0.8928  1.3353  1.7798  1.9816  2.0455  2.0298  1.9892  1.9421  1.8721  1.8093  2.1168
    8.50  251.39   0.8090  1.2483  1.6991  1.8815  1.8959  1.8322  1.7536  1.6772  1.6149  1.5541  2.0078
    8.50  316.39   0.7265  1.1655  1.6209  1.7751  1.7299  1.6045  1.4752  1.3566  1.3033  1.2444  1.8938
    8.50  398.24   0.6078  1.0454  1.5048  1.6196  1.4991  1.2992  1.1046  0.9302  0.8825  0.8251  1.7318
    8.50  501.29   0.4546  0.8902  1.3474  1.4153  1.1975  0.9009  0.6204  0.3667  0.3273  0.2713  1.5187
    8.50  631.04   0.2754  0.7094  1.1616  1.1632  0.8203  0.3975  0.0016 -0.3579 -0.3914 -0.4454  1.2607
    8.50  794.39   0.0843  0.5171  0.9612  0.8896  0.4057 -0.1588 -0.6856 -1.1647 -1.1919 -1.2452  0.9801
    8.75   10.05   1.9339  2.3817  2.6981  2.8910  3.1205  3.2670  3.2610  3.1472  2.9806  2.8891  3.1583
    8.75   10.08   1.9339  2.3817  2.6981  2.8910  3.1205  3.2670  3.2610  3.1472  2.9806  2.8891  3.1583
    8.75   10.12   1.9339  2.3817  2.6981  2.8910  3.1205  3.2670  3.2610  3.1472  2.9806  2.8891  3.1583
    8.75   10.20   1.9339  2.3817  2.6981  2.8910  3.1205  3.2670  3.2610  3.1472  2.9806  2.8891  3.1583
    8.75   10.31   1.9339  2.3817  2.6981  2.8910  3.1205  3.2670  3.2610  3.1472  2.9806  2.8891  3.1583
    8.75   10.49   1.9339  2.3817  2.6981  2.8910  3.1205  3.2670  3.2610  3.1472  2.9806  2.8891  3.1583
    8.75   10.76   1.9339  2.3817  2.6981  2.8910  3.1205  3.2670  3.2610  3.1472  2.9806  2.8891  3.1583
    8.75   11.18   1.9339  2.3817  2.6981  2.8910  3.1205  3.2670  3.2610  3.1472  2.9806  2.8891  3.1583
    8.75   11.82   1.9339  2.3817  2.6981  2.8910  3.1205  3.2670  3.2610  3.1472  2.9806  2.8891  3.1583
    8.75   12.77   1.9339  2.3817  2.6981  2.8910  3.1205  3.2670  3.2610  3.1472  2.9806  2.8891  3.1583
    8.75   14.14   1.9339  2.3817  2.6981  2.8910  3.1205  3.2670  3.2610  3.1472  2.9806  2.8891  3.1583
    8.75   16.08   1.9339  2.3817  2.6981  2.8910  3.1205  3.2670  3.2610  3.1472  2.9806  2.8891  3.1583
    8.75   18.74   1.9339  2.3817  2.6981  2.8910  3.1205  3.2670  3.2610  3.1472  2.9806  2.8891  3.1583
    8.75   22.32   1.9339  2.3817  2.6981  2.8910  3.1205  3.2670  3.2610  3.1472  2.9806  2.8891  3.1583
    8.75   27.04   1.9339  2.3817  2.6981  2.8910  3.1205  3.2670  3.2610  3.1472  2.9806  2.8891  3.1583
    8.75   33.16   1.9339  2.3817  2.6981  2.8910  3.1205  3.2670  3.2610  3.1472  2.9806  2.8891  3.1583
    8.75   41.05   1.9339  2.3817  2.6981  2.8910  3.1205  3.2670  3.2610  3.1472  2.9806  2.8891  3.1583
    8.75   51.11   1.9339  2.3817  2.6981  2.8910  3.1205  3.2670  3.2610  3.1472  2.9806  2.8891  3.1583
    8.75   63.89   1.9339  2.3817  2.6981  2.8910  3.1205  3.2670  3.2610  3.1472  2.9806  2.8891  3.1583
    8.75   80.06   1.9339  2.3817  2.6981  2.8910  3.1205  3.2670  3.2610  3.1472  2.9806  2.8891  3.1583
    8.75  100.50   1.4431  1.8972  2.2996  2.5064  2.6776  2.7786  2.7979  2.7800  2.6638  2.5849  2.7186
    8.75  126.29   1.2184  1.6774  2.1206  2.3296  2.4670  2.5376  2.5553  2.5630  2.4715  2.3966  2.5197
    8.75  158.81   1.0706  1.5336  2.0021  2.2042  2.3058  2.3423  2.3450  2.3562  2.2787  2.2073  2.3795
    8.75  199.78   0.9527  1.4188  1.9055  2.0941  2.1534  2.1500  2.1265  2.1266  2.0621  1.9920  2.2575
    8.75  251.39   0.8487  1.3167  1.8172  1.9850  1.9925  1.9369  1.8764  1.8510  1.7968  1.7285  2.1388
    8.75  316.39   0.7545  1.2252  1.7361  1.8771  1.8221  1.7052  1.5971  1.5340  1.4896  1.4235  2.0215
    8.75  398.24   0.6423  1.1144  1.6306  1.7370  1.6053  1.4115  1.2386  1.1232  1.0868  1.0217  1.8733
    8.75  501.29   0.4798  0.9549  1.4751  1.5335  1.3046  1.0143  0.7563  0.5674  0.5398  0.4751  1.6621
    8.75  631.04   0.2951  0.7722  1.2916  1.2845  0.9301  0.5133  0.1423 -0.1492 -0.1697 -0.2323  1.4053
    8.75  794.39   0.0925  0.5727  1.0869  1.0028  0.5017 -0.0632 -0.5679 -0.9831 -0.9964 -1.0577  1.1170
    9.00   10.05   1.9738  2.4049  2.7411  2.9084  3.1264  3.2798  3.2646  3.1555  2.9882  2.8963  3.1926
    9.00   10.08   1.9738  2.4049  2.7411  2.9084  3.1264  3.2798  3.2646  3.1555  2.9882  2.8963  3.1926
    9.00   10.12   1.9738  2.4049  2.7411  2.9084  3.1264  3.2798  3.2646  3.1555  2.9882  2.8963  3.1926
    9.00   10.20   1.9738  2.4049  2.7411  2.9084  3.1264  3.2798  3.2646  3.1555  2.9882  2.8963  3.1926
    9.00   10.31   1.9738  2.4049  2.7411  2.9084  3.1264  3.2798  3.2646  3.1555  2.9882  2.8963  3.1926
    9.00   10.49   1.9738  2.4049  2.7411  2.9084  3.1264  3.2798  3.2646  3.1555  2.9882  2.8963  3.1926
    9.00   10.76   1.9738  2.4049  2.7411  2.9084  3.1264  3.2798  3.2646  3.1555  2.9882  2.8963  3.1926
    9.00   11.18   1.9738  2.4049  2.7411  2.9084  3.1264  3.2798  3.2646  3.1555  2.9882  2.8963  3.1926
    9.00   11.82   1.9738  2.4049  2.7411  2.9084  3.1264  3.2798  3.2646  3.1555  2.9882  2.8963  3.1926
    9.00   12.77   1.9738  2.4049  2.7411  2.9084  3.1264  3.2798  3.2646  3.1555  2.9882  2.8963  3.1926
    9.00   14.14   1.9738  2.4049  2.7411  2.9084  3.1264  3.2798  3.2646  3.1555  2.9882  2.8963  3.1926
    9.00   16.08   1.9738  2.4049  2.7411  2.9084  3.1264  3.2798  3.2646  3.1555  2.9882  2.8963  3.1926
    9.00   18.74   1.9738  2.4049  2.7411  2.9084  3.1264  3.2798  3.2646  3.1555  2.9882  2.8963  3.1926
    9.00   22.32   1.9738  2.4049  2.7411  2.9084  3.1264  3.2798  3.2646  3.1555  2.9882  2.8963  3.1926
    9.00   27.04   1.9738  2.4049  2.7411  2.9084  3.1264  3.2798  3.2646  3.1555  2.9882  2.8963  3.1926
    9.00   33.16   1.9738  2.4049  2.7411  2.9084  3.1264  3.2798  3.2646  3.1555  2.9882  2.8963  3.1926
    9.00   41.05   1.9738  2.4049  2.7411  2.9084  3.1264  3.2798  3.2646  3.1555  2.9882  2.8963  3.1926
    9.00   51.11   1.9738  2.4049  2.7411  2.9084  3.1264  3.2798  3.2646  3.1555  2.9882  2.8963  3.1926
    9.00   63.89   1.9738  2.4049  2.7411  2.9084  3.1264  3.2798  3.2646  3.1555  2.9882  2.8963  3.1926
    9.00   80.06   1.9738  2.4049  2.7411  2.9084  3.1264  3.2798  3.2646  3.1555  2.9882  2.8963  3.1926
    9.00  100.50   1.9738  2.4049  2.7411  2.9084  3.1264  3.2798  3.2646  3.1555  2.9882  2.8963  3.1926
    9.00  126.29   1.5676  2.0189  2.4405  2.6193  2.7849  2.8950  2.9049  2.8888  2.7671  2.6829  2.8597
    9.00  158.81   1.2180  1.6933  2.1918  2.3768  2.4909  2.5558  2.5716  2.6086  2.5243  2.4451  2.5834
    9.00  199.78   1.0323  1.5193  2.0568  2.2341  2.2999  2.3191  2.3184  2.3610  2.2947  2.2185  2.4219
    9.00  251.39   0.8933  1.3902  1.9523  2.1119  2.1230  2.0890  2.0536  2.0818  2.0319  1.9561  2.2880
    9.00  316.39   0.7768  1.2809  1.8610  1.9952  1.9416  1.8448  1.7635  1.7609  1.7223  1.6481  2.1599
    9.00  398.24   0.6694  1.1813  1.7743  1.8732  1.7404  1.5622  1.4189  1.3672  1.3404  1.2665  2.0284
    9.00  501.29   0.4982  1.0150  1.6187  1.6704  1.4392  1.1652  0.9393  0.8195  0.8015  0.7290  1.8172
    9.00  631.04   0.3061  0.8286  1.4356  1.4253  1.0716  0.6730  0.3376  0.1217  0.1125  0.0423  1.5649
    9.00  794.39   0.0886  0.6165  1.2226  1.1321  0.6224  0.0652 -0.4100 -0.7545 -0.7553 -0.8245  1.2639
