CanadaSHM5_AA13_stablecrust_central , distance is rhypo. Log10 ground motion values in cgs units
          15 30 11 : nmag, ndist, nperiod
          10.000 5.000 2.000 1.000 0.500 0.300 0.200 0.100 0.050 PGA PGV 
          0.620 0.620 0.620 0.620 0.580 0.540 0.530 0.530 0.530 0.530 0.620
4.500 10.050 -1.916 -0.604 0.485 1.194 1.847 2.170 2.430 2.666 2.647 2.305 1.796 
4.500 10.080 -1.925 -0.613 0.475 1.184 1.837 2.160 2.419 2.653 2.633 2.296 1.784 
4.500 10.120 -1.931 -0.622 0.466 1.174 1.826 2.149 2.408 2.641 2.620 2.288 1.771 
4.500 10.200 -1.930 -0.631 0.456 1.164 1.815 2.139 2.398 2.629 2.606 2.279 1.759 
4.500 10.310 -1.939 -0.651 0.433 1.141 1.792 2.116 2.373 2.602 2.578 2.258 1.731 
4.500 10.490 -1.940 -0.679 0.402 1.108 1.760 2.085 2.341 2.565 2.540 2.228 1.694 
4.500 10.760 -1.942 -0.706 0.371 1.077 1.728 2.054 2.308 2.529 2.502 2.198 1.656 
4.500 11.180 -1.951 -0.740 0.333 1.037 1.689 2.016 2.269 2.486 2.456 2.160 1.611 
4.500 11.820 -1.973 -0.795 0.272 0.976 1.627 1.955 2.206 2.419 2.385 2.098 1.541 
4.500 12.770 -1.991 -0.851 0.211 0.915 1.566 1.894 2.143 2.351 2.314 2.035 1.470 
4.500 14.140 -2.009 -0.907 0.150 0.853 1.504 1.833 2.081 2.284 2.243 1.973 1.400 
4.500 16.080 -2.059 -0.996 0.054 0.756 1.407 1.737 1.980 2.177 2.128 1.868 1.290 
4.500 18.740 -2.113 -1.091 -0.047 0.653 1.303 1.634 1.874 2.064 2.006 1.757 1.174 
4.500 22.320 -2.167 -1.186 -0.148 0.551 1.200 1.531 1.767 1.950 1.884 1.646 1.058 
4.500 27.040 -2.234 -1.294 -0.263 0.434 1.081 1.411 1.643 1.819 1.742 1.516 0.927 
4.500 33.160 -2.315 -1.417 -0.393 0.301 0.946 1.275 1.502 1.668 1.578 1.365 0.777 
4.500 41.050 -2.395 -1.539 -0.522 0.169 0.811 1.138 1.360 1.517 1.415 1.214 0.628 
4.500 51.110 -2.474 -1.659 -0.650 0.038 0.678 1.003 1.220 1.368 1.253 1.065 0.481 
4.500 63.890 -2.533 -1.758 -0.756 -0.074 0.560 0.882 1.093 1.234 1.105 0.929 0.353 
4.500 80.060 -2.590 -1.857 -0.863 -0.186 0.442 0.761 0.967 1.099 0.958 0.794 0.224 
4.500 100.500 -2.646 -1.956 -0.970 -0.298 0.324 0.640 0.840 0.964 0.810 0.658 0.095 
4.500 126.290 -2.705 -2.054 -1.074 -0.411 0.202 0.509 0.700 0.804 0.636 0.501 -0.042 
4.500 158.810 -2.762 -2.153 -1.178 -0.524 0.078 0.375 0.554 0.636 0.452 0.335 -0.182 
4.500 199.780 -2.819 -2.252 -1.282 -0.637 -0.046 0.241 0.408 0.467 0.268 0.169 -0.322 
4.500 251.390 -2.886 -2.359 -1.391 -0.758 -0.181 0.091 0.245 0.277 0.062 -0.018 -0.474 
4.500 316.390 -2.968 -2.483 -1.512 -0.893 -0.337 -0.087 0.048 0.047 -0.185 -0.243 -0.651 
4.500 398.240 -3.051 -2.606 -1.632 -1.028 -0.494 -0.265 -0.150 -0.183 -0.433 -0.468 -0.828 
4.500 501.290 -3.132 -2.729 -1.753 -1.163 -0.650 -0.443 -0.348 -0.414 -0.680 -0.694 -1.005 
4.500 631.040 -3.295 -2.933 -1.922 -1.312 -0.781 -0.566 -0.467 -0.536 -0.813 -0.827 -1.184 
4.500 794.390 -3.462 -3.141 -2.093 -1.461 -0.910 -0.686 -0.582 -0.654 -0.941 -0.956 -1.363 
4.750 10.050 -1.526 -0.306 0.733 1.399 2.007 2.308 2.547 2.760 2.735 2.396 1.940 
4.750 10.080 -1.533 -0.313 0.725 1.391 1.998 2.300 2.538 2.750 2.724 2.389 1.929 
4.750 10.120 -1.541 -0.321 0.717 1.382 1.990 2.291 2.529 2.739 2.712 2.382 1.919 
4.750 10.200 -1.539 -0.328 0.709 1.374 1.981 2.283 2.520 2.729 2.701 2.375 1.909 
4.750 10.310 -1.547 -0.347 0.687 1.352 1.958 2.261 2.497 2.704 2.675 2.355 1.883 
4.750 10.490 -1.551 -0.374 0.657 1.321 1.927 2.231 2.466 2.669 2.639 2.328 1.847 
4.750 10.760 -1.552 -0.400 0.627 1.291 1.897 2.201 2.435 2.635 2.603 2.300 1.812 
4.750 11.180 -1.561 -0.433 0.590 1.253 1.859 2.164 2.396 2.593 2.560 2.264 1.768 
4.750 11.820 -1.585 -0.487 0.531 1.193 1.799 2.105 2.335 2.528 2.491 2.204 1.700 
4.750 12.770 -1.604 -0.542 0.472 1.133 1.739 2.046 2.274 2.463 2.422 2.144 1.632 
4.750 14.140 -1.622 -0.596 0.413 1.074 1.680 1.987 2.213 2.397 2.353 2.084 1.563 
4.750 16.080 -1.671 -0.683 0.320 0.980 1.585 1.892 2.115 2.294 2.241 1.983 1.457 
4.750 18.740 -1.725 -0.776 0.222 0.880 1.484 1.792 2.012 2.183 2.123 1.875 1.344 
4.750 22.320 -1.779 -0.868 0.124 0.781 1.384 1.692 1.908 2.073 2.004 1.768 1.232 
4.750 27.040 -1.845 -0.973 0.013 0.667 1.269 1.576 1.789 1.946 1.867 1.642 1.105 
4.750 33.160 -1.927 -1.092 -0.112 0.540 1.139 1.444 1.651 1.800 1.709 1.497 0.961 
4.750 41.050 -2.005 -1.210 -0.237 0.411 1.008 1.312 1.514 1.655 1.551 1.351 0.817 
4.750 51.110 -2.083 -1.326 -0.360 0.285 0.879 1.181 1.379 1.511 1.395 1.208 0.675 
4.750 63.890 -2.140 -1.422 -0.463 0.178 0.765 1.064 1.256 1.381 1.252 1.077 0.551 
4.750 80.060 -2.196 -1.517 -0.566 0.070 0.652 0.947 1.134 1.251 1.109 0.947 0.428 
4.750 100.500 -2.253 -1.613 -0.668 -0.039 0.538 0.830 1.011 1.120 0.967 0.817 0.304 
4.750 126.290 -2.311 -1.708 -0.768 -0.147 0.420 0.704 0.876 0.967 0.799 0.665 0.173 
4.750 158.810 -2.368 -1.803 -0.868 -0.255 0.301 0.574 0.735 0.803 0.620 0.505 0.039 
4.750 199.780 -2.425 -1.898 -0.967 -0.363 0.182 0.444 0.594 0.640 0.442 0.345 -0.094 
4.750 251.390 -2.487 -2.001 -1.072 -0.479 0.051 0.300 0.436 0.457 0.243 0.165 -0.241 
4.750 316.390 -2.569 -2.120 -1.188 -0.609 -0.100 0.126 0.244 0.233 0.003 -0.053 -0.411 
4.750 398.240 -2.650 -2.240 -1.304 -0.740 -0.252 -0.047 0.051 0.008 -0.238 -0.271 -0.581 
4.750 501.290 -2.730 -2.359 -1.420 -0.870 -0.403 -0.220 -0.141 -0.216 -0.478 -0.490 -0.752 
4.750 631.040 -2.882 -2.549 -1.577 -1.008 -0.525 -0.335 -0.252 -0.331 -0.603 -0.615 -0.921 
4.750 794.390 -3.038 -2.743 -1.736 -1.146 -0.644 -0.447 -0.361 -0.441 -0.724 -0.736 -1.091 
5.000 10.050 -1.139 -0.007 0.981 1.604 2.167 2.447 2.664 2.854 2.823 2.487 2.083 
5.000 10.080 -1.145 -0.013 0.975 1.597 2.160 2.440 2.657 2.846 2.814 2.482 2.075 
5.000 10.120 -1.151 -0.019 0.968 1.591 2.153 2.433 2.650 2.837 2.805 2.476 2.067 
5.000 10.200 -1.156 -0.025 0.962 1.584 2.146 2.426 2.642 2.829 2.796 2.471 2.059 
5.000 10.310 -1.161 -0.043 0.941 1.563 2.125 2.406 2.621 2.806 2.772 2.453 2.035 
5.000 10.490 -1.170 -0.069 0.913 1.534 2.095 2.378 2.591 2.773 2.738 2.427 2.001 
5.000 10.760 -1.169 -0.094 0.884 1.504 2.066 2.349 2.561 2.741 2.705 2.402 1.967 
5.000 11.180 -1.176 -0.126 0.848 1.468 2.029 2.313 2.524 2.701 2.663 2.368 1.925 
5.000 11.820 -1.203 -0.180 0.791 1.410 1.971 2.255 2.464 2.637 2.596 2.310 1.859 
5.000 12.770 -1.222 -0.233 0.734 1.352 1.913 2.198 2.404 2.574 2.530 2.253 1.793 
5.000 14.140 -1.241 -0.286 0.676 1.294 1.856 2.140 2.345 2.511 2.463 2.195 1.726 
5.000 16.080 -1.290 -0.371 0.586 1.203 1.763 2.048 2.250 2.410 2.355 2.098 1.623 
5.000 18.740 -1.344 -0.461 0.491 1.107 1.666 1.950 2.150 2.303 2.240 1.994 1.515 
5.000 22.320 -1.397 -0.551 0.395 1.010 1.568 1.853 2.049 2.196 2.125 1.890 1.406 
5.000 27.040 -1.464 -0.652 0.288 0.901 1.457 1.741 1.934 2.074 1.992 1.769 1.283 
5.000 33.160 -1.542 -0.767 0.168 0.778 1.330 1.613 1.801 1.933 1.839 1.629 1.144 
5.000 41.050 -1.620 -0.881 0.047 0.654 1.204 1.485 1.669 1.792 1.687 1.489 1.006 
5.000 51.110 -1.699 -0.994 -0.071 0.533 1.079 1.359 1.538 1.653 1.536 1.351 0.869 
5.000 63.890 -1.752 -1.086 -0.169 0.429 0.970 1.246 1.419 1.528 1.399 1.225 0.751 
5.000 80.060 -1.808 -1.178 -0.268 0.325 0.861 1.133 1.301 1.402 1.261 1.100 0.632 
5.000 100.500 -1.866 -1.270 -0.366 0.221 0.752 1.020 1.183 1.277 1.124 0.975 0.513 
5.000 126.290 -1.920 -1.361 -0.462 0.118 0.639 0.899 1.052 1.128 0.961 0.829 0.388 
5.000 158.810 -1.975 -1.453 -0.557 0.014 0.524 0.773 0.916 0.971 0.789 0.675 0.260 
5.000 199.780 -2.031 -1.544 -0.652 -0.089 0.409 0.648 0.780 0.814 0.617 0.522 0.132 
5.000 251.390 -2.098 -1.643 -0.753 -0.200 0.283 0.508 0.627 0.636 0.424 0.348 -0.008 
5.000 316.390 -2.176 -1.758 -0.864 -0.326 0.137 0.339 0.440 0.418 0.191 0.137 -0.171 
5.000 398.240 -2.253 -1.873 -0.976 -0.451 -0.009 0.171 0.253 0.200 -0.042 -0.074 -0.335 
5.000 501.290 -2.334 -1.988 -1.087 -0.577 -0.156 0.003 0.066 -0.017 -0.276 -0.285 -0.498 
5.000 631.040 -2.475 -2.165 -1.233 -0.704 -0.268 -0.104 -0.038 -0.125 -0.393 -0.403 -0.659 
5.000 794.390 -2.619 -2.345 -1.379 -0.831 -0.379 -0.207 -0.138 -0.228 -0.506 -0.517 -0.819 
5.250 10.050 -0.789 0.258 1.199 1.780 2.304 2.563 2.761 2.928 2.892 2.559 2.208 
5.250 10.080 -0.793 0.255 1.195 1.777 2.300 2.560 2.757 2.924 2.887 2.556 2.203 
5.250 10.120 -0.796 0.252 1.192 1.773 2.297 2.556 2.753 2.920 2.882 2.553 2.199 
5.250 10.200 -0.799 0.249 1.188 1.770 2.293 2.553 2.749 2.916 2.878 2.551 2.195 
5.250 10.310 -0.811 0.232 1.170 1.751 2.274 2.534 2.730 2.894 2.856 2.535 2.173 
5.250 10.490 -0.823 0.207 1.142 1.722 2.245 2.506 2.701 2.863 2.823 2.511 2.140 
5.250 10.760 -0.824 0.182 1.115 1.694 2.217 2.478 2.672 2.831 2.790 2.487 2.107 
5.250 11.180 -0.830 0.151 1.080 1.659 2.181 2.443 2.635 2.792 2.749 2.456 2.067 
5.250 11.820 -0.857 0.099 1.025 1.604 2.125 2.387 2.578 2.731 2.685 2.401 2.003 
5.250 12.770 -0.876 0.048 0.969 1.548 2.069 2.332 2.521 2.670 2.622 2.347 1.939 
5.250 14.140 -0.895 -0.004 0.914 1.491 2.012 2.276 2.463 2.609 2.558 2.292 1.875 
5.250 16.080 -0.944 -0.086 0.827 1.403 1.923 2.186 2.371 2.512 2.453 2.199 1.775 
5.250 18.740 -0.998 -0.174 0.735 1.310 1.828 2.091 2.273 2.408 2.342 2.099 1.670 
5.250 22.320 -1.051 -0.261 0.642 1.217 1.733 1.996 2.176 2.305 2.230 1.999 1.564 
5.250 27.040 -1.116 -0.360 0.539 1.111 1.625 1.888 2.063 2.186 2.101 1.882 1.446 
5.250 33.160 -1.192 -0.471 0.423 0.992 1.504 1.764 1.935 2.050 1.954 1.747 1.312 
5.250 41.050 -1.269 -0.582 0.306 0.872 1.382 1.640 1.807 1.915 1.807 1.613 1.179 
5.250 51.110 -1.344 -0.690 0.192 0.755 1.261 1.518 1.680 1.781 1.661 1.479 1.048 
5.250 63.890 -1.401 -0.779 0.098 0.656 1.156 1.409 1.566 1.660 1.528 1.359 0.934 
5.250 80.060 -1.456 -0.868 0.003 0.556 1.051 1.300 1.452 1.538 1.396 1.239 0.820 
5.250 100.500 -1.512 -0.957 -0.092 0.456 0.946 1.191 1.338 1.417 1.263 1.119 0.706 
5.250 126.290 -1.567 -1.044 -0.184 0.357 0.837 1.073 1.211 1.274 1.106 0.979 0.587 
5.250 158.810 -1.621 -1.132 -0.274 0.258 0.727 0.953 1.080 1.122 0.940 0.831 0.465 
5.250 199.780 -1.676 -1.220 -0.365 0.158 0.616 0.832 0.949 0.971 0.774 0.683 0.343 
5.250 251.390 -1.738 -1.315 -0.461 0.052 0.495 0.696 0.801 0.799 0.588 0.516 0.209 
5.250 316.390 -1.816 -1.426 -0.567 -0.068 0.354 0.533 0.619 0.587 0.362 0.312 0.052 
5.250 398.240 -1.893 -1.536 -0.674 -0.189 0.212 0.369 0.437 0.376 0.136 0.107 -0.105 
5.250 501.290 -1.972 -1.647 -0.781 -0.309 0.071 0.206 0.256 0.164 -0.091 -0.097 -0.262 
5.250 631.040 -2.105 -1.812 -0.915 -0.427 -0.033 0.107 0.159 0.063 -0.201 -0.207 -0.414 
5.250 794.390 -2.240 -1.979 -1.050 -0.544 -0.136 0.011 0.065 -0.033 -0.308 -0.314 -0.566 
5.500 10.050 -0.444 0.524 1.416 1.956 2.440 2.680 2.857 3.003 2.960 2.631 2.332 
5.500 10.080 -0.445 0.523 1.416 1.956 2.440 2.680 2.857 3.003 2.960 2.631 2.332 
5.500 10.120 -0.445 0.523 1.415 1.956 2.440 2.679 2.857 3.002 2.959 2.630 2.331 
5.500 10.200 -0.445 0.523 1.415 1.955 2.440 2.679 2.856 3.002 2.959 2.630 2.331 
5.500 10.310 -0.460 0.508 1.399 1.938 2.422 2.662 2.839 2.983 2.939 2.617 2.311 
5.500 10.490 -0.480 0.483 1.372 1.911 2.395 2.634 2.810 2.952 2.907 2.595 2.279 
5.500 10.760 -0.490 0.458 1.345 1.884 2.367 2.607 2.782 2.921 2.875 2.573 2.247 
5.500 11.180 -0.493 0.428 1.312 1.850 2.333 2.573 2.747 2.884 2.835 2.544 2.208 
5.500 11.820 -0.517 0.378 1.259 1.796 2.278 2.519 2.692 2.825 2.774 2.492 2.147 
5.500 12.770 -0.537 0.328 1.205 1.743 2.224 2.465 2.637 2.767 2.714 2.441 2.085 
5.500 14.140 -0.555 0.279 1.152 1.689 2.169 2.412 2.581 2.708 2.653 2.389 2.024 
5.500 16.080 -0.604 0.198 1.068 1.604 2.082 2.324 2.492 2.614 2.551 2.299 1.927 
5.500 18.740 -0.657 0.113 0.978 1.513 1.990 2.232 2.397 2.513 2.443 2.203 1.825 
5.500 22.320 -0.711 0.028 0.889 1.423 1.898 2.140 2.302 2.413 2.335 2.107 1.723 
5.500 27.040 -0.773 -0.068 0.789 1.320 1.794 2.034 2.193 2.298 2.211 1.995 1.609 
5.500 33.160 -0.848 -0.175 0.677 1.205 1.677 1.915 2.069 2.168 2.069 1.866 1.480 
5.500 41.050 -0.923 -0.282 0.565 1.091 1.559 1.795 1.945 2.037 1.927 1.737 1.352 
5.500 51.110 -0.997 -0.387 0.455 0.978 1.443 1.677 1.822 1.908 1.786 1.609 1.226 
5.500 63.890 -1.052 -0.472 0.364 0.882 1.342 1.571 1.713 1.791 1.658 1.493 1.117 
5.500 80.060 -1.108 -0.558 0.273 0.787 1.241 1.466 1.603 1.675 1.530 1.378 1.008 
5.500 100.500 -1.162 -0.644 0.183 0.691 1.140 1.361 1.493 1.558 1.402 1.263 0.900 
5.500 126.290 -1.217 -0.728 0.095 0.596 1.035 1.248 1.371 1.420 1.251 1.128 0.785 
5.500 158.810 -1.271 -0.812 0.009 0.501 0.929 1.132 1.244 1.274 1.091 0.986 0.669 
5.500 199.780 -1.325 -0.895 -0.077 0.406 0.823 1.016 1.118 1.127 0.932 0.845 0.553 
5.500 251.390 -1.385 -0.987 -0.169 0.304 0.707 0.885 0.974 0.961 0.752 0.684 0.425 
5.500 316.390 -1.462 -1.093 -0.271 0.189 0.571 0.727 0.798 0.756 0.533 0.487 0.275 
5.500 398.240 -1.539 -1.200 -0.373 0.074 0.434 0.568 0.622 0.551 0.314 0.290 0.124 
5.500 501.290 -1.616 -1.306 -0.475 -0.041 0.298 0.409 0.445 0.346 0.095 0.092 -0.026 
5.500 631.040 -1.739 -1.459 -0.598 -0.149 0.202 0.318 0.355 0.252 -0.009 -0.012 -0.169 
5.500 794.390 -1.864 -1.614 -0.722 -0.257 0.108 0.229 0.269 0.162 -0.109 -0.112 -0.312 
5.750 10.050 -0.137 0.759 1.604 2.108 2.559 2.781 2.943 3.068 3.021 2.695 2.443 
5.750 10.080 -0.138 0.758 1.603 2.108 2.559 2.781 2.943 3.068 3.021 2.695 2.443 
5.750 10.120 -0.138 0.758 1.603 2.108 2.559 2.781 2.943 3.068 3.021 2.694 2.443 
5.750 10.200 -0.138 0.758 1.603 2.108 2.559 2.781 2.942 3.068 3.021 2.694 2.443 
5.750 10.310 -0.150 0.746 1.591 2.095 2.546 2.768 2.929 3.053 3.005 2.684 2.427 
5.750 10.490 -0.169 0.727 1.570 2.074 2.524 2.746 2.907 3.029 2.980 2.668 2.403 
5.750 10.760 -0.181 0.709 1.550 2.053 2.503 2.725 2.885 3.005 2.955 2.652 2.378 
5.750 11.180 -0.188 0.682 1.522 2.024 2.474 2.696 2.855 2.973 2.922 2.628 2.345 
5.750 11.820 -0.208 0.633 1.469 1.971 2.420 2.643 2.800 2.916 2.863 2.579 2.285 
5.750 12.770 -0.231 0.584 1.416 1.918 2.366 2.589 2.746 2.859 2.804 2.530 2.224 
5.750 14.140 -0.248 0.535 1.363 1.865 2.313 2.536 2.691 2.802 2.745 2.481 2.164 
5.750 16.080 -0.297 0.455 1.280 1.781 2.227 2.450 2.603 2.709 2.645 2.394 2.069 
5.750 18.740 -0.350 0.370 1.193 1.692 2.136 2.359 2.509 2.610 2.539 2.300 1.969 
5.750 22.320 -0.404 0.286 1.105 1.602 2.045 2.267 2.415 2.511 2.432 2.206 1.868 
5.750 27.040 -0.468 0.191 1.007 1.502 1.942 2.164 2.308 2.399 2.310 2.097 1.756 
5.750 33.160 -0.545 0.086 0.897 1.390 1.827 2.046 2.187 2.271 2.172 1.971 1.631 
5.750 41.050 -0.621 -0.019 0.787 1.277 1.712 1.928 2.065 2.144 2.033 1.845 1.506 
5.750 51.110 -0.696 -0.122 0.680 1.167 1.599 1.812 1.945 2.018 1.896 1.721 1.383 
5.750 63.890 -0.752 -0.206 0.591 1.074 1.500 1.710 1.838 1.904 1.770 1.609 1.277 
5.750 80.060 -0.807 -0.290 0.503 0.981 1.401 1.607 1.730 1.790 1.646 1.496 1.171 
5.750 100.500 -0.863 -0.374 0.414 0.888 1.303 1.504 1.623 1.676 1.521 1.384 1.066 
5.750 126.290 -0.918 -0.456 0.330 0.796 1.201 1.394 1.504 1.542 1.374 1.254 0.956 
5.750 158.810 -0.972 -0.537 0.246 0.704 1.098 1.281 1.382 1.400 1.219 1.117 0.844 
5.750 199.780 -1.026 -0.618 0.163 0.612 0.996 1.168 1.258 1.258 1.064 0.981 0.733 
5.750 251.390 -1.088 -0.707 0.074 0.514 0.883 1.040 1.119 1.096 0.889 0.826 0.610 
5.750 316.390 -1.165 -0.811 -0.024 0.402 0.750 0.886 0.946 0.896 0.676 0.634 0.465 
5.750 398.240 -1.241 -0.914 -0.123 0.291 0.617 0.731 0.773 0.696 0.462 0.442 0.320 
5.750 501.290 -1.317 -1.018 -0.221 0.179 0.484 0.576 0.601 0.496 0.249 0.250 0.175 
5.750 631.040 -1.433 -1.160 -0.335 0.079 0.395 0.490 0.517 0.408 0.151 0.152 0.039 
5.750 794.390 -1.550 -1.304 -0.450 -0.021 0.308 0.408 0.436 0.324 0.057 0.058 -0.096 
6.000 10.050 0.167 0.994 1.791 2.260 2.678 2.883 3.028 3.133 3.082 2.758 2.554 
6.000 10.080 0.167 0.994 1.791 2.260 2.678 2.883 3.028 3.133 3.082 2.758 2.554 
6.000 10.120 0.167 0.994 1.791 2.260 2.678 2.883 3.028 3.133 3.082 2.758 2.554 
6.000 10.200 0.167 0.994 1.791 2.260 2.678 2.883 3.028 3.133 3.082 2.758 2.554 
6.000 10.310 0.158 0.985 1.782 2.251 2.669 2.874 3.019 3.123 3.071 2.752 2.543 
6.000 10.490 0.145 0.972 1.768 2.236 2.654 2.858 3.003 3.106 3.053 2.742 2.526 
6.000 10.760 0.132 0.959 1.754 2.222 2.639 2.843 2.987 3.089 3.036 2.732 2.509 
6.000 11.180 0.114 0.937 1.731 2.198 2.615 2.819 2.963 3.063 3.008 2.713 2.482 
6.000 11.820 0.089 0.888 1.679 2.146 2.562 2.766 2.909 3.007 2.951 2.666 2.423 
6.000 12.770 0.071 0.839 1.627 2.094 2.509 2.713 2.855 2.951 2.894 2.620 2.364 
6.000 14.140 0.052 0.790 1.575 2.042 2.456 2.660 2.802 2.896 2.837 2.574 2.305 
6.000 16.080 0.003 0.711 1.494 1.958 2.371 2.575 2.714 2.804 2.739 2.488 2.211 
6.000 18.740 -0.052 0.627 1.407 1.870 2.281 2.485 2.622 2.707 2.634 2.397 2.112 
6.000 22.320 -0.106 0.543 1.320 1.782 2.191 2.395 2.529 2.610 2.529 2.305 2.013 
6.000 27.040 -0.171 0.450 1.224 1.684 2.090 2.293 2.423 2.499 2.410 2.198 1.904 
6.000 33.160 -0.247 0.347 1.117 1.574 1.978 2.177 2.304 2.375 2.274 2.076 1.782 
6.000 41.050 -0.324 0.244 1.009 1.464 1.865 2.062 2.185 2.250 2.139 1.954 1.660 
6.000 51.110 -0.399 0.143 0.905 1.356 1.754 1.948 2.068 2.127 2.005 1.833 1.540 
6.000 63.890 -0.455 0.061 0.818 1.266 1.658 1.848 1.963 2.016 1.883 1.724 1.437 
6.000 80.060 -0.512 -0.021 0.732 1.175 1.561 1.747 1.858 1.905 1.761 1.615 1.334 
6.000 100.500 -0.567 -0.103 0.646 1.085 1.465 1.647 1.753 1.794 1.639 1.506 1.232 
6.000 126.290 -0.624 -0.183 0.564 0.996 1.367 1.540 1.638 1.664 1.497 1.380 1.126 
6.000 158.810 -0.678 -0.263 0.484 0.907 1.267 1.430 1.518 1.526 1.347 1.249 1.019 
6.000 199.780 -0.733 -0.342 0.403 0.819 1.168 1.320 1.399 1.389 1.196 1.117 0.913 
6.000 251.390 -0.796 -0.428 0.318 0.724 1.058 1.195 1.263 1.231 1.026 0.967 0.795 
6.000 316.390 -0.871 -0.529 0.223 0.615 0.929 1.044 1.094 1.037 0.819 0.781 0.655 
6.000 398.240 -0.947 -0.629 0.127 0.507 0.800 0.893 0.925 0.842 0.611 0.595 0.515 
6.000 501.290 -1.023 -0.729 0.032 0.399 0.671 0.742 0.756 0.647 0.403 0.409 0.376 
6.000 631.040 -1.130 -0.861 -0.073 0.307 0.588 0.662 0.678 0.563 0.311 0.316 0.247 
6.000 794.390 -1.240 -0.995 -0.178 0.215 0.508 0.586 0.603 0.485 0.223 0.228 0.119 
6.250 10.050 0.436 1.202 1.952 2.390 2.783 2.972 3.105 3.193 3.139 2.819 2.657 
6.250 10.080 0.436 1.202 1.952 2.390 2.783 2.972 3.105 3.193 3.139 2.819 2.657 
6.250 10.120 0.436 1.202 1.952 2.390 2.783 2.972 3.105 3.193 3.139 2.819 2.657 
6.250 10.200 0.436 1.202 1.952 2.390 2.783 2.972 3.105 3.193 3.139 2.819 2.657 
6.250 10.310 0.432 1.198 1.948 2.385 2.778 2.967 3.101 3.188 3.133 2.816 2.652 
6.250 10.490 0.425 1.192 1.941 2.378 2.771 2.960 3.093 3.180 3.125 2.810 2.643 
6.250 10.760 0.419 1.185 1.934 2.370 2.763 2.952 3.085 3.171 3.116 2.805 2.635 
6.250 11.180 0.402 1.169 1.917 2.353 2.745 2.935 3.067 3.152 3.096 2.792 2.615 
6.250 11.820 0.357 1.123 1.868 2.305 2.696 2.885 3.017 3.100 3.043 2.751 2.560 
6.250 12.770 0.340 1.077 1.820 2.256 2.646 2.835 2.966 3.048 2.990 2.711 2.504 
6.250 14.140 0.323 1.032 1.772 2.208 2.597 2.785 2.916 2.996 2.937 2.670 2.449 
6.250 16.080 0.276 0.951 1.689 2.124 2.511 2.699 2.827 2.904 2.838 2.586 2.355 
6.250 18.740 0.220 0.865 1.600 2.033 2.419 2.606 2.732 2.806 2.733 2.494 2.255 
6.250 22.320 0.162 0.779 1.511 1.944 2.327 2.514 2.638 2.707 2.627 2.403 2.154 
6.250 27.040 0.094 0.684 1.414 1.844 2.225 2.410 2.531 2.596 2.508 2.297 2.044 
6.250 33.160 0.018 0.580 1.307 1.735 2.112 2.295 2.413 2.472 2.373 2.176 1.923 
6.250 41.050 -0.062 0.477 1.200 1.625 1.999 2.179 2.294 2.348 2.237 2.055 1.801 
6.250 51.110 -0.139 0.375 1.095 1.517 1.888 2.065 2.176 2.225 2.104 1.935 1.682 
6.250 63.890 -0.199 0.292 1.009 1.427 1.792 1.965 2.071 2.114 1.983 1.827 1.580 
6.250 80.060 -0.259 0.209 0.923 1.336 1.696 1.864 1.966 2.004 1.862 1.719 1.478 
6.250 100.500 -0.320 0.126 0.837 1.246 1.600 1.764 1.861 1.893 1.740 1.611 1.377 
6.250 126.290 -0.378 0.047 0.756 1.158 1.503 1.658 1.748 1.766 1.601 1.488 1.274 
6.250 158.810 -0.434 -0.031 0.677 1.072 1.405 1.550 1.631 1.631 1.454 1.360 1.170 
6.250 199.780 -0.490 -0.109 0.599 0.985 1.308 1.442 1.514 1.497 1.308 1.232 1.067 
6.250 251.390 -0.552 -0.194 0.515 0.892 1.201 1.320 1.380 1.343 1.142 1.086 0.952 
6.250 316.390 -0.629 -0.293 0.422 0.786 1.073 1.171 1.213 1.152 0.938 0.904 0.817 
6.250 398.240 -0.707 -0.391 0.329 0.680 0.946 1.022 1.047 0.960 0.735 0.722 0.681 
6.250 501.290 -0.784 -0.490 0.236 0.574 0.819 0.872 0.881 0.768 0.531 0.540 0.546 
6.250 631.040 -0.885 -0.614 0.138 0.488 0.741 0.798 0.806 0.690 0.443 0.453 0.423 
6.250 794.390 -0.988 -0.738 0.041 0.404 0.666 0.726 0.736 0.616 0.360 0.369 0.302 
6.500 10.050 0.704 1.412 2.113 2.519 2.887 3.061 3.182 3.254 3.196 2.879 2.760 
6.500 10.080 0.704 1.412 2.113 2.519 2.887 3.061 3.182 3.254 3.196 2.879 2.760 
6.500 10.120 0.704 1.412 2.113 2.519 2.887 3.061 3.182 3.254 3.196 2.879 2.760 
6.500 10.200 0.704 1.412 2.113 2.519 2.887 3.061 3.182 3.254 3.196 2.879 2.760 
6.500 10.310 0.704 1.412 2.113 2.519 2.887 3.061 3.182 3.254 3.196 2.879 2.760 
6.500 10.490 0.704 1.412 2.113 2.519 2.887 3.061 3.182 3.254 3.196 2.879 2.760 
6.500 10.760 0.704 1.412 2.113 2.519 2.887 3.061 3.182 3.254 3.196 2.879 2.760 
6.500 11.180 0.694 1.401 2.102 2.509 2.876 3.050 3.171 3.242 3.184 2.871 2.748 
6.500 11.820 0.651 1.358 2.058 2.464 2.830 3.003 3.124 3.194 3.135 2.836 2.697 
6.500 12.770 0.608 1.316 2.013 2.419 2.784 2.957 3.077 3.145 3.086 2.802 2.645 
6.500 14.140 0.588 1.273 1.968 2.374 2.738 2.911 3.030 3.097 3.036 2.767 2.594 
6.500 16.080 0.540 1.191 1.884 2.288 2.650 2.823 2.940 3.004 2.938 2.683 2.499 
6.500 18.740 0.484 1.102 1.793 2.197 2.556 2.728 2.843 2.904 2.831 2.592 2.397 
6.500 22.320 0.424 1.014 1.702 2.105 2.462 2.633 2.747 2.805 2.725 2.501 2.295 
6.500 27.040 0.355 0.918 1.604 2.005 2.359 2.528 2.639 2.693 2.605 2.396 2.184 
6.500 33.160 0.275 0.814 1.497 1.895 2.246 2.412 2.521 2.569 2.471 2.276 2.063 
6.500 41.050 0.195 0.709 1.390 1.786 2.133 2.296 2.402 2.445 2.336 2.156 1.943 
6.500 51.110 0.114 0.607 1.285 1.678 2.022 2.182 2.285 2.323 2.203 2.037 1.824 
6.500 63.890 0.052 0.524 1.200 1.588 1.926 2.082 2.180 2.213 2.083 1.930 1.723 
6.500 80.060 -0.013 0.440 1.113 1.497 1.830 1.981 2.075 2.103 1.962 1.823 1.622 
6.500 100.500 -0.075 0.356 1.027 1.407 1.734 1.881 1.970 1.993 1.842 1.716 1.521 
6.500 126.290 -0.135 0.277 0.948 1.321 1.639 1.777 1.858 1.867 1.705 1.596 1.421 
6.500 158.810 -0.191 0.201 0.871 1.236 1.544 1.670 1.743 1.737 1.562 1.472 1.321 
6.500 199.780 -0.250 0.124 0.795 1.152 1.448 1.564 1.628 1.605 1.419 1.347 1.221 
6.500 251.390 -0.316 0.041 0.713 1.061 1.343 1.444 1.497 1.455 1.257 1.205 1.110 
6.500 316.390 -0.393 -0.056 0.622 0.957 1.217 1.297 1.333 1.267 1.058 1.027 0.979 
6.500 398.240 -0.471 -0.153 0.531 0.853 1.092 1.150 1.169 1.078 0.858 0.849 0.847 
6.500 501.290 -0.550 -0.250 0.440 0.750 0.966 1.003 1.005 0.890 0.659 0.671 0.715 
6.500 631.040 -0.647 -0.365 0.350 0.670 0.895 0.933 0.935 0.816 0.576 0.589 0.599 
6.500 794.390 -0.744 -0.481 0.260 0.592 0.825 0.866 0.870 0.747 0.497 0.510 0.484 
6.750 10.050 0.933 1.589 2.239 2.618 2.967 3.131 3.245 3.306 3.246 2.930 2.853 
6.750 10.080 0.933 1.589 2.239 2.618 2.967 3.131 3.245 3.306 3.246 2.930 2.853 
6.750 10.120 0.933 1.589 2.239 2.618 2.967 3.131 3.245 3.306 3.246 2.930 2.853 
6.750 10.200 0.933 1.589 2.239 2.618 2.967 3.131 3.245 3.306 3.246 2.930 2.853 
6.750 10.310 0.933 1.589 2.239 2.618 2.967 3.131 3.245 3.306 3.246 2.930 2.853 
6.750 10.490 0.933 1.589 2.239 2.618 2.967 3.131 3.245 3.306 3.246 2.930 2.853 
6.750 10.760 0.933 1.589 2.239 2.618 2.967 3.131 3.245 3.306 3.246 2.930 2.853 
6.750 11.180 0.927 1.583 2.233 2.612 2.961 3.125 3.239 3.300 3.239 2.925 2.846 
6.750 11.820 0.903 1.559 2.208 2.587 2.935 3.100 3.212 3.273 3.212 2.907 2.818 
6.750 12.770 0.880 1.535 2.183 2.562 2.910 3.074 3.186 3.246 3.184 2.888 2.789 
6.750 14.140 0.856 1.511 2.159 2.537 2.884 3.048 3.160 3.219 3.156 2.870 2.761 
6.750 16.080 0.784 1.427 2.073 2.450 2.795 2.958 3.069 3.126 3.059 2.789 2.664 
6.750 18.740 0.728 1.333 1.976 2.353 2.695 2.857 2.966 3.022 2.949 2.699 2.557 
6.750 22.320 0.667 1.238 1.880 2.257 2.596 2.756 2.864 2.917 2.840 2.608 2.449 
6.750 27.040 0.592 1.137 1.777 2.152 2.488 2.646 2.752 2.802 2.717 2.502 2.333 
6.750 33.160 0.509 1.028 1.667 2.038 2.370 2.526 2.629 2.674 2.579 2.380 2.208 
6.750 41.050 0.421 0.919 1.556 1.925 2.253 2.406 2.506 2.547 2.440 2.258 2.084 
6.750 51.110 0.335 0.813 1.447 1.813 2.138 2.287 2.385 2.421 2.303 2.137 1.961 
6.750 63.890 0.268 0.727 1.359 1.721 2.040 2.185 2.277 2.309 2.181 2.028 1.859 
6.750 80.060 0.199 0.640 1.272 1.628 1.942 2.082 2.170 2.197 2.058 1.920 1.757 
6.750 100.500 0.131 0.554 1.184 1.536 1.844 1.979 2.063 2.085 1.936 1.812 1.655 
6.750 126.290 0.069 0.475 1.105 1.451 1.749 1.875 1.952 1.962 1.801 1.694 1.556 
6.750 158.810 0.010 0.399 1.030 1.368 1.655 1.770 1.839 1.833 1.662 1.573 1.460 
6.750 199.780 -0.050 0.323 0.954 1.286 1.562 1.666 1.726 1.705 1.522 1.452 1.363 
6.750 251.390 -0.116 0.241 0.874 1.197 1.458 1.548 1.597 1.557 1.364 1.313 1.255 
6.750 316.390 -0.196 0.145 0.785 1.095 1.335 1.402 1.436 1.373 1.168 1.139 1.127 
6.750 398.240 -0.275 0.050 0.695 0.993 1.211 1.257 1.274 1.188 0.972 0.965 0.998 
6.750 501.290 -0.355 -0.046 0.606 0.891 1.088 1.112 1.112 1.003 0.777 0.791 0.870 
6.750 631.040 -0.447 -0.154 0.522 0.817 1.020 1.046 1.047 0.933 0.698 0.713 0.760 
6.750 794.390 -0.540 -0.262 0.438 0.744 0.955 0.983 0.985 0.867 0.624 0.639 0.650 
7.000 10.050 1.158 1.766 2.364 2.716 3.047 3.202 3.307 3.359 3.295 2.980 2.945 
7.000 10.080 1.158 1.766 2.364 2.716 3.047 3.202 3.307 3.359 3.295 2.980 2.945 
7.000 10.120 1.158 1.766 2.364 2.716 3.047 3.202 3.307 3.359 3.295 2.980 2.945 
7.000 10.200 1.158 1.766 2.364 2.716 3.047 3.202 3.307 3.359 3.295 2.980 2.945 
7.000 10.310 1.158 1.766 2.364 2.716 3.047 3.202 3.307 3.359 3.295 2.980 2.945 
7.000 10.490 1.158 1.766 2.364 2.716 3.047 3.202 3.307 3.359 3.295 2.980 2.945 
7.000 10.760 1.158 1.766 2.364 2.716 3.047 3.202 3.307 3.359 3.295 2.980 2.945 
7.000 11.180 1.157 1.764 2.363 2.715 3.046 3.201 3.306 3.358 3.294 2.979 2.944 
7.000 11.820 1.152 1.760 2.358 2.710 3.041 3.196 3.301 3.352 3.288 2.977 2.938 
7.000 12.770 1.147 1.755 2.354 2.706 3.035 3.191 3.296 3.347 3.282 2.975 2.933 
7.000 14.140 1.143 1.750 2.349 2.701 3.030 3.186 3.290 3.342 3.277 2.972 2.928 
7.000 16.080 1.056 1.663 2.261 2.612 2.939 3.093 3.197 3.248 3.180 2.895 2.829 
7.000 18.740 0.957 1.563 2.160 2.510 2.834 2.986 3.090 3.139 3.067 2.805 2.716 
7.000 22.320 0.896 1.463 2.059 2.408 2.729 2.879 2.982 3.030 2.955 2.716 2.602 
7.000 27.040 0.822 1.356 1.951 2.299 2.616 2.764 2.865 2.911 2.829 2.609 2.481 
7.000 33.160 0.734 1.243 1.836 2.181 2.494 2.640 2.738 2.780 2.686 2.484 2.353 
7.000 41.050 0.642 1.130 1.721 2.063 2.373 2.515 2.610 2.648 2.544 2.359 2.225 
7.000 51.110 0.551 1.019 1.609 1.948 2.253 2.392 2.484 2.519 2.404 2.236 2.099 
7.000 63.890 0.480 0.930 1.519 1.854 2.153 2.287 2.375 2.405 2.279 2.127 1.995 
7.000 80.060 0.406 0.841 1.430 1.760 2.053 2.182 2.266 2.291 2.155 2.017 1.892 
7.000 100.500 0.332 0.751 1.340 1.666 1.953 2.076 2.157 2.178 2.030 1.908 1.788 
7.000 126.290 0.269 0.673 1.262 1.581 1.859 1.973 2.046 2.056 1.897 1.792 1.692 
7.000 158.810 0.207 0.598 1.188 1.500 1.767 1.870 1.936 1.930 1.761 1.674 1.598 
7.000 199.780 0.145 0.523 1.114 1.420 1.675 1.768 1.825 1.805 1.625 1.556 1.504 
7.000 251.390 0.077 0.442 1.035 1.332 1.573 1.651 1.697 1.660 1.470 1.420 1.400 
7.000 316.390 -0.003 0.347 0.948 1.232 1.452 1.508 1.538 1.479 1.278 1.251 1.275 
7.000 398.240 -0.084 0.253 0.860 1.132 1.331 1.364 1.379 1.297 1.086 1.081 1.150 
7.000 501.290 -0.166 0.158 0.773 1.032 1.209 1.221 1.220 1.115 0.895 0.911 1.025 
7.000 631.040 -0.253 0.058 0.695 0.963 1.146 1.158 1.158 1.049 0.820 0.837 0.920 
7.000 794.390 -0.342 -0.043 0.617 0.895 1.086 1.100 1.100 0.988 0.751 0.768 0.816 
7.250 10.050 1.340 1.906 2.455 2.784 3.102 3.254 3.354 3.404 3.338 3.019 3.025 
7.250 10.080 1.340 1.906 2.455 2.784 3.102 3.254 3.354 3.404 3.338 3.019 3.025 
7.250 10.120 1.340 1.906 2.455 2.784 3.102 3.254 3.354 3.404 3.338 3.019 3.025 
7.250 10.200 1.340 1.906 2.455 2.784 3.102 3.254 3.354 3.404 3.338 3.019 3.025 
7.250 10.310 1.340 1.906 2.455 2.784 3.102 3.254 3.354 3.404 3.338 3.019 3.025 
7.250 10.490 1.340 1.906 2.455 2.784 3.102 3.254 3.354 3.404 3.338 3.019 3.025 
7.250 10.760 1.340 1.906 2.455 2.784 3.102 3.254 3.354 3.404 3.338 3.019 3.025 
7.250 11.180 1.339 1.905 2.455 2.783 3.102 3.253 3.353 3.403 3.337 3.018 3.024 
7.250 11.820 1.337 1.903 2.452 2.781 3.099 3.250 3.351 3.401 3.334 3.017 3.021 
7.250 12.770 1.334 1.900 2.450 2.778 3.096 3.248 3.348 3.398 3.331 3.016 3.019 
7.250 14.140 1.332 1.898 2.447 2.776 3.094 3.246 3.345 3.395 3.328 3.015 3.016 
7.250 16.080 1.272 1.838 2.387 2.715 3.030 3.181 3.280 3.330 3.262 2.964 2.947 
7.250 18.740 1.202 1.768 2.317 2.644 2.957 3.106 3.205 3.254 3.184 2.906 2.868 
7.250 22.320 1.132 1.698 2.247 2.574 2.884 3.031 3.130 3.179 3.107 2.847 2.789 
7.250 27.040 1.063 1.599 2.148 2.473 2.779 2.924 3.022 3.069 2.991 2.751 2.678 
7.250 33.160 0.965 1.469 2.017 2.339 2.640 2.782 2.877 2.922 2.833 2.615 2.532 
7.250 41.050 0.857 1.338 1.886 2.205 2.501 2.640 2.733 2.775 2.676 2.479 2.385 
7.250 51.110 0.748 1.211 1.759 2.074 2.365 2.500 2.591 2.631 2.520 2.345 2.243 
7.250 63.890 0.666 1.114 1.662 1.973 2.258 2.387 2.475 2.510 2.388 2.230 2.133 
7.250 80.060 0.584 1.018 1.565 1.872 2.150 2.274 2.358 2.389 2.256 2.114 2.023 
7.250 100.500 0.499 0.921 1.468 1.771 2.043 2.162 2.241 2.269 2.124 1.999 1.912 
7.250 126.290 0.431 0.840 1.389 1.685 1.948 2.057 2.130 2.147 1.991 1.884 1.816 
7.250 158.810 0.368 0.766 1.316 1.605 1.857 1.956 2.021 2.024 1.858 1.769 1.725 
7.250 199.780 0.304 0.691 1.243 1.526 1.767 1.854 1.911 1.901 1.725 1.654 1.634 
7.250 251.390 0.234 0.610 1.166 1.440 1.666 1.739 1.785 1.759 1.573 1.521 1.532 
7.250 316.390 0.151 0.516 1.079 1.341 1.546 1.597 1.628 1.580 1.385 1.355 1.411 
7.250 398.240 0.068 0.423 0.993 1.243 1.426 1.455 1.470 1.401 1.196 1.188 1.289 
7.250 501.290 -0.016 0.329 0.906 1.145 1.307 1.313 1.313 1.222 1.008 1.022 1.168 
7.250 631.040 -0.100 0.235 0.833 1.080 1.247 1.254 1.254 1.160 0.937 0.952 1.068 
7.250 794.390 -0.184 0.141 0.761 1.016 1.190 1.199 1.200 1.103 0.872 0.887 0.970 
7.500 10.050 1.516 2.046 2.546 2.851 3.158 3.305 3.400 3.449 3.380 3.057 3.104 
7.500 10.080 1.516 2.046 2.546 2.851 3.158 3.305 3.400 3.449 3.380 3.057 3.104 
7.500 10.120 1.516 2.046 2.546 2.851 3.158 3.305 3.400 3.449 3.380 3.057 3.104 
7.500 10.200 1.516 2.046 2.546 2.851 3.158 3.305 3.400 3.449 3.380 3.057 3.104 
7.500 10.310 1.516 2.046 2.546 2.851 3.158 3.305 3.400 3.449 3.380 3.057 3.104 
7.500 10.490 1.516 2.046 2.546 2.851 3.158 3.305 3.400 3.449 3.380 3.057 3.104 
7.500 10.760 1.516 2.046 2.546 2.851 3.158 3.305 3.400 3.449 3.380 3.057 3.104 
7.500 11.180 1.516 2.046 2.546 2.851 3.158 3.305 3.400 3.449 3.380 3.057 3.104 
7.500 11.820 1.516 2.046 2.546 2.851 3.158 3.305 3.400 3.449 3.380 3.057 3.104 
7.500 12.770 1.516 2.046 2.546 2.851 3.158 3.305 3.400 3.449 3.380 3.057 3.104 
7.500 14.140 1.516 2.046 2.546 2.851 3.158 3.305 3.400 3.449 3.380 3.057 3.104 
7.500 16.080 1.482 2.012 2.513 2.817 3.121 3.269 3.363 3.412 3.344 3.033 3.066 
7.500 18.740 1.443 1.972 2.475 2.778 3.080 3.226 3.321 3.370 3.301 3.006 3.021 
7.500 22.320 1.404 1.933 2.436 2.739 3.038 3.183 3.278 3.328 3.259 2.978 2.976 
7.500 27.040 1.312 1.842 2.346 2.646 2.941 3.084 3.178 3.228 3.154 2.893 2.874 
7.500 33.160 1.177 1.694 2.198 2.496 2.785 2.924 3.017 3.065 2.980 2.746 2.710 
7.500 41.050 1.063 1.546 2.051 2.346 2.629 2.764 2.855 2.902 2.807 2.599 2.547 
7.500 51.110 0.940 1.403 1.909 2.200 2.477 2.608 2.698 2.743 2.637 2.454 2.388 
7.500 63.890 0.850 1.299 1.805 2.092 2.362 2.488 2.574 2.615 2.497 2.333 2.270 
7.500 80.060 0.758 1.195 1.700 1.984 2.247 2.367 2.450 2.487 2.358 2.211 2.154 
7.500 100.500 0.664 1.091 1.596 1.876 2.133 2.247 2.326 2.360 2.218 2.090 2.037 
7.500 126.290 0.590 1.008 1.516 1.789 2.036 2.141 2.214 2.237 2.085 1.975 1.940 
7.500 158.810 0.524 0.933 1.444 1.711 1.947 2.041 2.106 2.117 1.955 1.863 1.852 
7.500 199.780 0.458 0.859 1.372 1.632 1.858 1.941 1.998 1.997 1.825 1.751 1.763 
7.500 251.390 0.385 0.778 1.296 1.547 1.759 1.827 1.873 1.858 1.676 1.622 1.665 
7.500 316.390 0.300 0.685 1.211 1.451 1.641 1.686 1.718 1.682 1.491 1.459 1.547 
7.500 398.240 0.214 0.593 1.126 1.354 1.522 1.545 1.562 1.505 1.306 1.296 1.429 
7.500 501.290 0.129 0.500 1.040 1.257 1.404 1.405 1.406 1.329 1.120 1.132 1.311 
7.500 631.040 0.048 0.412 0.972 1.196 1.348 1.349 1.351 1.271 1.054 1.067 1.217 
7.500 794.390 -0.032 0.324 0.904 1.137 1.295 1.297 1.300 1.218 0.993 1.006 1.123 
7.750 10.050 1.644 2.141 2.601 2.888 3.187 3.336 3.430 3.479 3.409 3.079 3.161 
7.750 10.080 1.644 2.141 2.601 2.888 3.187 3.336 3.430 3.479 3.409 3.079 3.161 
7.750 10.120 1.644 2.141 2.601 2.888 3.187 3.336 3.430 3.479 3.409 3.079 3.161 
7.750 10.200 1.644 2.141 2.601 2.888 3.187 3.336 3.430 3.479 3.409 3.079 3.161 
7.750 10.310 1.644 2.141 2.601 2.888 3.187 3.336 3.430 3.479 3.409 3.079 3.161 
7.750 10.490 1.644 2.141 2.601 2.888 3.187 3.336 3.430 3.479 3.409 3.079 3.161 
7.750 10.760 1.644 2.141 2.601 2.888 3.187 3.336 3.430 3.479 3.409 3.079 3.161 
7.750 11.180 1.644 2.141 2.601 2.888 3.187 3.336 3.430 3.479 3.409 3.079 3.161 
7.750 11.820 1.644 2.141 2.601 2.888 3.187 3.336 3.430 3.479 3.409 3.079 3.161 
7.750 12.770 1.644 2.141 2.601 2.888 3.187 3.336 3.430 3.479 3.409 3.079 3.161 
7.750 14.140 1.644 2.141 2.601 2.888 3.187 3.336 3.430 3.479 3.409 3.079 3.161 
7.750 16.080 1.627 2.124 2.585 2.871 3.169 3.318 3.411 3.461 3.391 3.067 3.142 
7.750 18.740 1.607 2.104 2.565 2.852 3.148 3.296 3.389 3.440 3.370 3.054 3.120 
7.750 22.320 1.588 2.085 2.546 2.832 3.127 3.275 3.368 3.418 3.348 3.040 3.098 
7.750 27.040 1.516 2.013 2.476 2.760 3.052 3.197 3.290 3.341 3.268 2.976 3.018 
7.750 33.160 1.388 1.886 2.351 2.632 2.916 3.058 3.151 3.202 3.122 2.859 2.876 
7.750 41.050 1.261 1.758 2.225 2.503 2.781 2.919 3.011 3.064 2.976 2.742 2.733 
7.750 51.110 1.161 1.631 2.099 2.374 2.646 2.779 2.871 2.924 2.828 2.623 2.591 
7.750 63.890 1.047 1.501 1.971 2.241 2.505 2.632 2.720 2.770 2.661 2.479 2.448 
7.750 80.060 0.927 1.371 1.842 2.108 2.364 2.484 2.570 2.616 2.494 2.335 2.306 
7.750 100.500 0.804 1.241 1.713 1.974 2.223 2.337 2.419 2.463 2.327 2.191 2.163 
7.750 126.290 0.720 1.151 1.625 1.880 2.119 2.224 2.299 2.334 2.188 2.072 2.060 
7.750 158.810 0.650 1.075 1.553 1.802 2.030 2.124 2.192 2.216 2.059 1.961 1.973 
7.750 199.780 0.579 0.999 1.481 1.724 1.941 2.024 2.084 2.097 1.930 1.851 1.886 
7.750 251.390 0.503 0.918 1.404 1.639 1.842 1.910 1.960 1.959 1.783 1.724 1.789 
7.750 316.390 0.415 0.825 1.320 1.543 1.724 1.769 1.805 1.784 1.599 1.563 1.673 
7.750 398.240 0.326 0.732 1.235 1.446 1.606 1.629 1.649 1.609 1.415 1.402 1.557 
7.750 501.290 0.238 0.639 1.150 1.350 1.488 1.488 1.494 1.433 1.232 1.241 1.442 
7.750 631.040 0.160 0.556 1.085 1.293 1.435 1.436 1.442 1.379 1.170 1.179 1.352 
7.750 794.390 0.081 0.473 1.022 1.236 1.385 1.387 1.394 1.330 1.113 1.122 1.264 
8.000 10.050 1.766 2.237 2.656 2.925 3.216 3.367 3.458 3.509 3.438 3.101 3.219 
8.000 10.080 1.766 2.237 2.656 2.925 3.216 3.367 3.458 3.509 3.438 3.101 3.219 
8.000 10.120 1.766 2.237 2.656 2.925 3.216 3.367 3.458 3.509 3.438 3.101 3.219 
8.000 10.200 1.766 2.237 2.656 2.925 3.216 3.367 3.458 3.509 3.438 3.101 3.219 
8.000 10.310 1.766 2.237 2.656 2.925 3.216 3.367 3.458 3.509 3.438 3.101 3.219 
8.000 10.490 1.766 2.237 2.656 2.925 3.216 3.367 3.458 3.509 3.438 3.101 3.219 
8.000 10.760 1.766 2.237 2.656 2.925 3.216 3.367 3.458 3.509 3.438 3.101 3.219 
8.000 11.180 1.766 2.237 2.656 2.925 3.216 3.367 3.458 3.509 3.438 3.101 3.219 
8.000 11.820 1.766 2.237 2.656 2.925 3.216 3.367 3.458 3.509 3.438 3.101 3.219 
8.000 12.770 1.766 2.237 2.656 2.925 3.216 3.367 3.458 3.509 3.438 3.101 3.219 
8.000 14.140 1.766 2.237 2.656 2.925 3.216 3.367 3.458 3.509 3.438 3.101 3.219 
8.000 16.080 1.766 2.237 2.656 2.925 3.216 3.367 3.458 3.509 3.438 3.101 3.219 
8.000 18.740 1.766 2.237 2.656 2.925 3.216 3.367 3.458 3.509 3.438 3.101 3.219 
8.000 22.320 1.766 2.237 2.656 2.925 3.216 3.367 3.458 3.509 3.438 3.101 3.219 
8.000 27.040 1.714 2.185 2.606 2.874 3.162 3.310 3.402 3.454 3.381 3.060 3.161 
8.000 33.160 1.607 2.078 2.502 2.767 3.048 3.192 3.284 3.339 3.263 2.973 3.041 
8.000 41.050 1.500 1.970 2.399 2.660 2.934 3.074 3.167 3.225 3.145 2.886 2.921 
8.000 51.110 1.387 1.858 2.290 2.549 2.815 2.951 3.044 3.104 3.020 2.792 2.795 
8.000 63.890 1.244 1.703 2.137 2.390 2.647 2.776 2.866 2.925 2.825 2.625 2.626 
8.000 80.060 1.095 1.547 1.983 2.231 2.480 2.602 2.689 2.745 2.631 2.459 2.457 
8.000 100.500 0.944 1.392 1.830 2.073 2.313 2.428 2.512 2.566 2.437 2.293 2.288 
8.000 126.290 0.849 1.293 1.735 1.972 2.202 2.307 2.385 2.431 2.290 2.168 2.179 
8.000 158.810 0.774 1.216 1.662 1.894 2.113 2.206 2.278 2.314 2.163 2.059 2.093 
8.000 199.780 0.697 1.139 1.589 1.815 2.023 2.106 2.170 2.197 2.035 1.951 2.008 
8.000 251.390 0.618 1.057 1.512 1.731 1.924 1.992 2.047 2.061 1.889 1.825 1.913 
8.000 316.390 0.525 0.964 1.428 1.635 1.807 1.852 1.892 1.886 1.707 1.667 1.799 
8.000 398.240 0.433 0.871 1.344 1.539 1.689 1.712 1.737 1.712 1.525 1.508 1.686 
8.000 501.290 0.342 0.777 1.259 1.443 1.571 1.572 1.582 1.538 1.343 1.349 1.573 
8.000 631.040 0.265 0.699 1.199 1.389 1.521 1.522 1.533 1.487 1.285 1.292 1.488 
8.000 794.390 0.189 0.621 1.139 1.336 1.474 1.476 1.489 1.442 1.232 1.239 1.404 
