CanadaSHM5_AA13_stablecrust_low , distance is rhypo. Log10 ground motion values in cgs units
          15 30 11 : nmag, ndist, nperiod
          10.000 5.000 2.000 1.000 0.500 0.300 0.200 0.100 0.050 PGA PGV 
          0.620 0.620 0.620 0.620 0.580 0.540 0.530 0.530 0.530 0.530 0.620
4.500 10.050 -2.127 -0.815 0.170 0.881 1.564 1.921 2.179 2.387 2.380 1.932 1.370 
4.500 10.080 -2.135 -0.822 0.167 0.877 1.557 1.912 2.172 2.382 2.377 1.932 1.365 
4.500 10.120 -2.139 -0.830 0.163 0.872 1.550 1.903 2.164 2.378 2.374 1.932 1.361 
4.500 10.200 -2.135 -0.837 0.159 0.867 1.543 1.895 2.156 2.373 2.370 1.932 1.356 
4.500 10.310 -2.142 -0.854 0.147 0.853 1.524 1.873 2.136 2.358 2.358 1.924 1.342 
4.500 10.490 -2.138 -0.877 0.130 0.832 1.498 1.843 2.108 2.336 2.340 1.912 1.322 
4.500 10.760 -2.136 -0.899 0.113 0.811 1.473 1.813 2.080 2.315 2.322 1.899 1.303 
4.500 11.180 -2.140 -0.928 0.087 0.783 1.439 1.777 2.045 2.285 2.294 1.878 1.275 
4.500 11.820 -2.155 -0.977 0.036 0.729 1.381 1.717 1.985 2.227 2.231 1.830 1.221 
4.500 12.770 -2.165 -1.025 -0.015 0.675 1.324 1.659 1.926 2.169 2.168 1.782 1.167 
4.500 14.140 -2.175 -1.072 -0.066 0.622 1.267 1.601 1.867 2.111 2.106 1.735 1.114 
4.500 16.080 -2.220 -1.158 -0.161 0.529 1.173 1.509 1.771 2.008 1.984 1.638 1.014 
4.500 18.740 -2.270 -1.249 -0.263 0.429 1.073 1.412 1.669 1.897 1.852 1.534 0.907 
4.500 22.320 -2.320 -1.339 -0.364 0.331 0.974 1.316 1.568 1.787 1.721 1.431 0.801 
4.500 27.040 -2.382 -1.442 -0.478 0.219 0.862 1.205 1.452 1.660 1.572 1.309 0.679 
4.500 33.160 -2.459 -1.561 -0.606 0.093 0.736 1.079 1.319 1.514 1.403 1.166 0.539 
4.500 41.050 -2.533 -1.677 -0.732 -0.032 0.612 0.955 1.188 1.369 1.236 1.026 0.400 
4.500 51.110 -2.604 -1.789 -0.852 -0.152 0.490 0.833 1.060 1.228 1.073 0.889 0.265 
4.500 63.890 -2.650 -1.875 -0.943 -0.255 0.380 0.715 0.938 1.098 0.937 0.767 0.144 
4.500 80.060 -2.691 -1.958 -1.030 -0.355 0.274 0.599 0.820 0.973 0.804 0.649 0.027 
4.500 100.500 -2.726 -2.036 -1.113 -0.450 0.172 0.489 0.706 0.851 0.675 0.535 -0.085 
4.500 126.290 -2.796 -2.145 -1.221 -0.578 0.032 0.335 0.544 0.672 0.484 0.359 -0.240 
4.500 158.810 -2.868 -2.259 -1.331 -0.710 -0.115 0.171 0.372 0.479 0.277 0.168 -0.403 
4.500 199.780 -2.940 -2.373 -1.441 -0.842 -0.261 0.009 0.199 0.286 0.070 -0.024 -0.566 
4.500 251.390 -3.022 -2.495 -1.558 -0.980 -0.416 -0.165 0.012 0.075 -0.159 -0.234 -0.739 
4.500 316.390 -3.118 -2.633 -1.687 -1.130 -0.588 -0.360 -0.203 -0.173 -0.429 -0.483 -0.932 
4.500 398.240 -3.217 -2.772 -1.816 -1.279 -0.759 -0.555 -0.418 -0.420 -0.699 -0.732 -1.126 
4.500 501.290 -3.313 -2.910 -1.946 -1.429 -0.931 -0.750 -0.633 -0.667 -0.968 -0.980 -1.319 
4.500 631.040 -3.483 -3.121 -2.122 -1.587 -1.072 -0.885 -0.763 -0.799 -1.112 -1.124 -1.510 
4.500 794.390 -3.656 -3.335 -2.300 -1.746 -1.211 -1.016 -0.889 -0.927 -1.251 -1.264 -1.701 
4.750 10.050 -1.748 -0.528 0.433 1.122 1.759 2.088 2.329 2.511 2.483 2.047 1.540 
4.750 10.080 -1.753 -0.534 0.430 1.118 1.752 2.081 2.322 2.509 2.481 2.047 1.537 
4.750 10.120 -1.759 -0.539 0.428 1.113 1.746 2.073 2.316 2.506 2.478 2.048 1.533 
4.750 10.200 -1.755 -0.544 0.425 1.109 1.739 2.065 2.309 2.504 2.476 2.049 1.530 
4.750 10.310 -1.759 -0.559 0.413 1.093 1.719 2.043 2.290 2.490 2.463 2.043 1.516 
4.750 10.490 -1.758 -0.580 0.394 1.071 1.692 2.013 2.262 2.470 2.443 2.031 1.496 
4.750 10.760 -1.753 -0.601 0.375 1.048 1.664 1.983 2.234 2.450 2.424 2.020 1.477 
4.750 11.180 -1.757 -0.629 0.349 1.018 1.630 1.947 2.199 2.422 2.395 2.000 1.449 
4.750 11.820 -1.776 -0.678 0.296 0.963 1.571 1.888 2.140 2.365 2.333 1.954 1.394 
4.750 12.770 -1.789 -0.727 0.245 0.908 1.513 1.830 2.081 2.308 2.271 1.908 1.341 
4.750 14.140 -1.801 -0.775 0.193 0.853 1.455 1.772 2.022 2.252 2.209 1.862 1.287 
4.750 16.080 -1.851 -0.863 0.099 0.761 1.363 1.683 1.928 2.148 2.090 1.767 1.188 
4.750 18.740 -1.906 -0.956 -0.002 0.664 1.266 1.590 1.828 2.037 1.962 1.665 1.082 
4.750 22.320 -1.959 -1.048 -0.101 0.567 1.171 1.497 1.729 1.928 1.835 1.563 0.977 
4.750 27.040 -2.025 -1.153 -0.212 0.459 1.062 1.390 1.616 1.801 1.690 1.443 0.856 
4.750 33.160 -2.106 -1.271 -0.334 0.337 0.941 1.268 1.487 1.658 1.526 1.303 0.718 
4.750 41.050 -2.182 -1.388 -0.455 0.218 0.822 1.148 1.360 1.516 1.363 1.165 0.581 
4.750 51.110 -2.255 -1.499 -0.571 0.102 0.706 1.030 1.236 1.377 1.206 1.030 0.448 
4.750 63.890 -2.297 -1.579 -0.655 0.004 0.601 0.916 1.120 1.255 1.076 0.914 0.332 
4.750 80.060 -2.334 -1.655 -0.736 -0.091 0.500 0.806 1.006 1.136 0.951 0.801 0.219 
4.750 100.500 -2.369 -1.728 -0.812 -0.181 0.403 0.699 0.897 1.021 0.829 0.693 0.110 
4.750 126.290 -2.428 -1.825 -0.913 -0.304 0.268 0.551 0.743 0.853 0.652 0.529 -0.036 
4.750 158.810 -2.489 -1.924 -1.014 -0.431 0.127 0.394 0.579 0.673 0.461 0.353 -0.188 
4.750 199.780 -2.550 -2.024 -1.116 -0.558 -0.014 0.237 0.415 0.492 0.269 0.176 -0.341 
4.750 251.390 -2.618 -2.132 -1.225 -0.690 -0.164 0.070 0.236 0.293 0.056 -0.020 -0.504 
4.750 316.390 -2.707 -2.258 -1.348 -0.834 -0.330 -0.119 0.028 0.056 -0.200 -0.256 -0.688 
4.750 398.240 -2.795 -2.385 -1.471 -0.978 -0.496 -0.307 -0.179 -0.180 -0.456 -0.491 -0.872 
4.750 501.290 -2.883 -2.511 -1.594 -1.122 -0.662 -0.496 -0.386 -0.417 -0.712 -0.726 -1.055 
4.750 631.040 -3.041 -2.708 -1.757 -1.269 -0.793 -0.621 -0.507 -0.539 -0.847 -0.860 -1.236 
4.750 794.390 -3.202 -2.907 -1.922 -1.417 -0.923 -0.743 -0.624 -0.657 -0.976 -0.991 -1.417 
5.000 10.050 -1.373 -0.241 0.696 1.362 1.953 2.256 2.479 2.636 2.587 2.161 1.710 
5.000 10.080 -1.377 -0.245 0.694 1.359 1.947 2.249 2.473 2.635 2.585 2.163 1.708 
5.000 10.120 -1.380 -0.248 0.693 1.355 1.941 2.242 2.468 2.635 2.583 2.164 1.706 
5.000 10.200 -1.382 -0.251 0.691 1.351 1.935 2.236 2.463 2.634 2.581 2.167 1.704 
5.000 10.310 -1.382 -0.264 0.678 1.334 1.914 2.214 2.443 2.623 2.567 2.161 1.691 
5.000 10.490 -1.385 -0.284 0.658 1.309 1.885 2.184 2.416 2.604 2.547 2.151 1.671 
5.000 10.760 -1.378 -0.303 0.638 1.284 1.856 2.154 2.388 2.586 2.526 2.140 1.651 
5.000 11.180 -1.380 -0.330 0.610 1.252 1.820 2.117 2.353 2.559 2.496 2.122 1.623 
5.000 11.820 -1.403 -0.380 0.557 1.196 1.761 2.059 2.294 2.503 2.435 2.078 1.568 
5.000 12.770 -1.418 -0.429 0.504 1.140 1.702 2.001 2.236 2.447 2.374 2.033 1.514 
5.000 14.140 -1.433 -0.478 0.452 1.084 1.644 1.944 2.178 2.392 2.313 1.989 1.460 
5.000 16.080 -1.488 -0.568 0.359 0.994 1.554 1.858 2.085 2.289 2.197 1.896 1.362 
5.000 18.740 -1.547 -0.663 0.260 0.898 1.460 1.767 1.988 2.178 2.073 1.796 1.256 
5.000 22.320 -1.605 -0.758 0.162 0.804 1.367 1.678 1.891 2.068 1.949 1.696 1.152 
5.000 27.040 -1.676 -0.864 0.055 0.698 1.263 1.575 1.780 1.943 1.808 1.578 1.033 
5.000 33.160 -1.757 -0.982 -0.063 0.582 1.147 1.457 1.656 1.802 1.649 1.440 0.897 
5.000 41.050 -1.837 -1.098 -0.179 0.468 1.033 1.341 1.533 1.662 1.490 1.303 0.762 
5.000 51.110 -1.913 -1.208 -0.290 0.357 0.922 1.228 1.412 1.527 1.338 1.171 0.632 
5.000 63.890 -1.949 -1.282 -0.367 0.263 0.822 1.118 1.301 1.411 1.216 1.061 0.520 
5.000 80.060 -1.983 -1.353 -0.442 0.173 0.726 1.012 1.192 1.299 1.098 0.953 0.411 
5.000 100.500 -2.016 -1.420 -0.512 0.087 0.634 0.909 1.088 1.191 0.984 0.851 0.306 
5.000 126.290 -2.064 -1.505 -0.604 -0.030 0.504 0.767 0.941 1.034 0.820 0.700 0.168 
5.000 158.810 -2.112 -1.589 -0.698 -0.151 0.368 0.616 0.786 0.866 0.644 0.538 0.026 
5.000 199.780 -2.161 -1.674 -0.791 -0.273 0.232 0.466 0.630 0.699 0.469 0.376 -0.117 
5.000 251.390 -2.223 -1.768 -0.892 -0.400 0.088 0.305 0.460 0.511 0.271 0.194 -0.270 
5.000 316.390 -2.301 -1.883 -1.009 -0.538 -0.072 0.123 0.260 0.285 0.028 -0.028 -0.444 
5.000 398.240 -2.378 -1.998 -1.125 -0.677 -0.233 -0.059 0.060 0.059 -0.214 -0.250 -0.617 
5.000 501.290 -2.459 -2.113 -1.241 -0.815 -0.393 -0.242 -0.140 -0.166 -0.456 -0.472 -0.791 
5.000 631.040 -2.605 -2.295 -1.392 -0.951 -0.515 -0.357 -0.251 -0.279 -0.581 -0.597 -0.962 
5.000 794.390 -2.753 -2.479 -1.544 -1.088 -0.634 -0.470 -0.359 -0.388 -0.700 -0.718 -1.133 
5.250 10.050 -1.046 0.002 0.910 1.539 2.088 2.372 2.579 2.723 2.661 2.246 1.849 
5.250 10.080 -1.047 0.001 0.910 1.537 2.085 2.369 2.577 2.726 2.662 2.249 1.849 
5.250 10.120 -1.047 0.000 0.910 1.536 2.082 2.365 2.575 2.728 2.663 2.253 1.850 
5.250 10.200 -1.048 -0.000 0.911 1.534 2.078 2.361 2.573 2.730 2.663 2.256 1.851 
5.250 10.310 -1.056 -0.012 0.898 1.517 2.059 2.341 2.555 2.719 2.650 2.251 1.838 
5.250 10.490 -1.062 -0.031 0.877 1.491 2.030 2.312 2.528 2.700 2.628 2.242 1.817 
5.250 10.760 -1.057 -0.050 0.856 1.466 2.001 2.282 2.501 2.681 2.607 2.232 1.796 
5.250 11.180 -1.057 -0.076 0.828 1.433 1.965 2.247 2.467 2.653 2.576 2.215 1.768 
5.250 11.820 -1.082 -0.125 0.776 1.378 1.908 2.192 2.411 2.598 2.516 2.172 1.714 
5.250 12.770 -1.097 -0.174 0.724 1.323 1.852 2.137 2.355 2.544 2.457 2.130 1.661 
5.250 14.140 -1.113 -0.222 0.673 1.269 1.796 2.083 2.300 2.489 2.398 2.088 1.607 
5.250 16.080 -1.168 -0.310 0.584 1.183 1.710 2.000 2.210 2.388 2.285 1.996 1.510 
5.250 18.740 -1.228 -0.404 0.489 1.092 1.620 1.912 2.114 2.278 2.164 1.896 1.405 
5.250 22.320 -1.287 -0.497 0.395 1.001 1.532 1.826 2.020 2.170 2.043 1.798 1.302 
5.250 27.040 -1.357 -0.601 0.291 0.901 1.433 1.725 1.912 2.047 1.905 1.680 1.184 
5.250 33.160 -1.438 -0.717 0.179 0.790 1.322 1.611 1.788 1.908 1.749 1.543 1.050 
5.250 41.050 -1.518 -0.830 0.067 0.681 1.214 1.498 1.666 1.771 1.594 1.408 0.918 
5.250 51.110 -1.593 -0.938 -0.039 0.576 1.109 1.387 1.547 1.638 1.445 1.277 0.790 
5.250 63.890 -1.633 -1.011 -0.114 0.486 1.013 1.281 1.439 1.525 1.327 1.169 0.681 
5.250 80.060 -1.668 -1.080 -0.185 0.400 0.921 1.178 1.334 1.417 1.212 1.065 0.575 
5.250 100.500 -1.701 -1.145 -0.253 0.319 0.834 1.079 1.234 1.312 1.102 0.965 0.474 
5.250 126.290 -1.748 -1.226 -0.343 0.205 0.709 0.943 1.095 1.166 0.949 0.825 0.343 
5.250 158.810 -1.795 -1.305 -0.433 0.088 0.577 0.800 0.949 1.012 0.788 0.678 0.208 
5.250 199.780 -1.842 -1.385 -0.524 -0.030 0.446 0.657 0.803 0.857 0.626 0.530 0.074 
5.250 251.390 -1.898 -1.474 -0.622 -0.153 0.307 0.503 0.642 0.683 0.442 0.363 -0.072 
5.250 316.390 -1.974 -1.583 -0.734 -0.287 0.151 0.327 0.452 0.470 0.214 0.156 -0.237 
5.250 398.240 -2.049 -1.692 -0.846 -0.420 -0.004 0.152 0.262 0.257 -0.013 -0.051 -0.402 
5.250 501.290 -2.126 -1.800 -0.958 -0.554 -0.159 -0.023 0.072 0.044 -0.241 -0.258 -0.567 
5.250 631.040 -2.264 -1.971 -1.099 -0.681 -0.272 -0.131 -0.032 -0.061 -0.357 -0.375 -0.730 
5.250 794.390 -2.405 -2.144 -1.241 -0.808 -0.383 -0.236 -0.132 -0.162 -0.469 -0.488 -0.893 
5.500 10.050 -0.723 0.245 1.124 1.716 2.223 2.489 2.679 2.811 2.735 2.331 1.987 
5.500 10.080 -0.721 0.247 1.126 1.717 2.223 2.488 2.680 2.816 2.738 2.336 1.991 
5.500 10.120 -0.719 0.249 1.128 1.717 2.222 2.487 2.682 2.821 2.742 2.341 1.994 
5.500 10.200 -0.717 0.251 1.130 1.717 2.222 2.486 2.683 2.826 2.746 2.346 1.998 
5.500 10.310 -0.728 0.240 1.118 1.701 2.204 2.468 2.667 2.816 2.733 2.342 1.986 
5.500 10.490 -0.742 0.221 1.096 1.673 2.174 2.440 2.640 2.795 2.710 2.333 1.964 
5.500 10.760 -0.746 0.202 1.075 1.646 2.145 2.411 2.614 2.776 2.687 2.324 1.942 
5.500 11.180 -0.743 0.177 1.047 1.613 2.110 2.377 2.581 2.748 2.656 2.308 1.913 
5.500 11.820 -0.767 0.129 0.995 1.560 2.055 2.325 2.528 2.694 2.598 2.267 1.860 
5.500 12.770 -0.785 0.082 0.945 1.507 2.001 2.273 2.475 2.640 2.541 2.227 1.807 
5.500 14.140 -0.799 0.034 0.895 1.454 1.947 2.222 2.422 2.587 2.484 2.187 1.755 
5.500 16.080 -0.855 -0.052 0.809 1.372 1.866 2.141 2.334 2.486 2.374 2.096 1.658 
5.500 18.740 -0.915 -0.145 0.717 1.285 1.781 2.057 2.241 2.379 2.255 1.997 1.554 
5.500 22.320 -0.975 -0.237 0.627 1.199 1.696 1.974 2.149 2.272 2.137 1.899 1.452 
5.500 27.040 -1.044 -0.339 0.528 1.104 1.602 1.876 2.043 2.151 2.002 1.783 1.335 
5.500 33.160 -1.125 -0.452 0.420 0.998 1.498 1.764 1.921 2.014 1.849 1.647 1.203 
5.500 41.050 -1.204 -0.563 0.313 0.895 1.395 1.654 1.800 1.879 1.698 1.512 1.073 
5.500 51.110 -1.279 -0.669 0.212 0.795 1.295 1.547 1.683 1.748 1.551 1.382 0.947 
5.500 63.890 -1.319 -0.739 0.139 0.709 1.204 1.444 1.578 1.640 1.437 1.278 0.842 
5.500 80.060 -1.357 -0.807 0.071 0.628 1.117 1.344 1.477 1.535 1.327 1.177 0.740 
5.500 100.500 -1.389 -0.870 0.006 0.550 1.033 1.250 1.379 1.434 1.220 1.080 0.642 
5.500 126.290 -1.436 -0.947 -0.081 0.441 0.913 1.119 1.249 1.298 1.079 0.951 0.518 
5.500 158.810 -1.481 -1.022 -0.169 0.327 0.787 0.983 1.112 1.157 0.931 0.818 0.391 
5.500 199.780 -1.526 -1.096 -0.257 0.213 0.660 0.848 0.976 1.016 0.783 0.685 0.264 
5.500 251.390 -1.578 -1.180 -0.352 0.094 0.525 0.701 0.825 0.855 0.613 0.532 0.127 
5.500 316.390 -1.652 -1.283 -0.459 -0.035 0.375 0.532 0.644 0.655 0.401 0.340 -0.030 
5.500 398.240 -1.725 -1.386 -0.568 -0.164 0.224 0.363 0.463 0.455 0.188 0.148 -0.186 
5.500 501.290 -1.798 -1.488 -0.676 -0.294 0.074 0.195 0.283 0.255 -0.025 -0.044 -0.343 
5.500 631.040 -1.928 -1.648 -0.806 -0.411 -0.030 0.095 0.187 0.158 -0.134 -0.153 -0.497 
5.500 794.390 -2.060 -1.809 -0.937 -0.528 -0.132 -0.002 0.094 0.065 -0.237 -0.258 -0.652 
5.750 10.050 -0.436 0.460 1.300 1.856 2.334 2.585 2.763 2.883 2.800 2.408 2.107 
5.750 10.080 -0.434 0.462 1.301 1.856 2.333 2.585 2.764 2.886 2.803 2.412 2.110 
5.750 10.120 -0.432 0.464 1.303 1.857 2.333 2.585 2.765 2.890 2.806 2.415 2.113 
5.750 10.200 -0.430 0.466 1.305 1.857 2.333 2.584 2.766 2.894 2.809 2.420 2.116 
5.750 10.310 -0.438 0.458 1.296 1.844 2.319 2.570 2.754 2.885 2.799 2.418 2.107 
5.750 10.490 -0.452 0.444 1.279 1.823 2.296 2.548 2.733 2.869 2.781 2.414 2.091 
5.750 10.760 -0.459 0.431 1.263 1.802 2.273 2.526 2.713 2.853 2.763 2.409 2.075 
5.750 11.180 -0.461 0.409 1.238 1.773 2.243 2.497 2.685 2.828 2.736 2.396 2.050 
5.750 11.820 -0.479 0.362 1.188 1.721 2.190 2.446 2.633 2.775 2.679 2.357 1.997 
5.750 12.770 -0.499 0.316 1.138 1.669 2.137 2.395 2.581 2.722 2.623 2.318 1.944 
5.750 14.140 -0.512 0.270 1.088 1.617 2.084 2.344 2.529 2.669 2.567 2.280 1.892 
5.750 16.080 -0.567 0.185 1.005 1.536 2.004 2.264 2.442 2.571 2.459 2.190 1.796 
5.750 18.740 -0.627 0.093 0.916 1.452 1.921 2.181 2.350 2.466 2.342 2.092 1.694 
5.750 22.320 -0.687 0.003 0.828 1.368 1.838 2.098 2.259 2.362 2.227 1.995 1.592 
5.750 27.040 -0.756 -0.097 0.732 1.276 1.747 2.003 2.153 2.244 2.094 1.880 1.477 
5.750 33.160 -0.838 -0.207 0.627 1.175 1.646 1.893 2.033 2.110 1.944 1.745 1.347 
5.750 41.050 -0.918 -0.315 0.524 1.075 1.547 1.786 1.915 1.977 1.795 1.612 1.219 
5.750 51.110 -0.992 -0.418 0.426 0.979 1.451 1.680 1.800 1.849 1.652 1.484 1.096 
5.750 63.890 -1.034 -0.488 0.356 0.897 1.363 1.581 1.698 1.743 1.539 1.380 0.993 
5.750 80.060 -1.071 -0.554 0.289 0.818 1.279 1.485 1.599 1.641 1.429 1.281 0.894 
5.750 100.500 -1.105 -0.615 0.226 0.743 1.199 1.393 1.505 1.543 1.324 1.185 0.799 
5.750 126.290 -1.153 -0.690 0.141 0.637 1.083 1.268 1.379 1.411 1.187 1.062 0.679 
5.750 158.810 -1.198 -0.763 0.056 0.527 0.961 1.137 1.249 1.275 1.046 0.937 0.558 
5.750 199.780 -1.242 -0.835 -0.030 0.417 0.838 1.007 1.119 1.138 0.905 0.812 0.437 
5.750 251.390 -1.297 -0.917 -0.122 0.302 0.708 0.865 0.974 0.982 0.742 0.667 0.306 
5.750 316.390 -1.370 -1.016 -0.227 0.176 0.561 0.701 0.799 0.788 0.537 0.484 0.156 
5.750 398.240 -1.442 -1.116 -0.332 0.050 0.415 0.537 0.623 0.593 0.332 0.300 0.005 
5.750 501.290 -1.514 -1.215 -0.437 -0.075 0.269 0.373 0.448 0.399 0.127 0.117 -0.145 
5.750 631.040 -1.637 -1.364 -0.558 -0.185 0.171 0.280 0.358 0.307 0.025 0.015 -0.292 
5.750 794.390 -1.761 -1.515 -0.681 -0.294 0.076 0.190 0.272 0.219 -0.073 -0.084 -0.440 
6.000 10.050 -0.151 0.676 1.475 1.996 2.444 2.682 2.846 2.955 2.866 2.484 2.227 
6.000 10.080 -0.150 0.677 1.477 1.997 2.444 2.682 2.847 2.957 2.868 2.487 2.229 
6.000 10.120 -0.148 0.679 1.478 1.997 2.444 2.682 2.848 2.959 2.870 2.491 2.231 
6.000 10.200 -0.146 0.681 1.479 1.997 2.444 2.682 2.849 2.961 2.872 2.494 2.233 
6.000 10.310 -0.151 0.676 1.473 1.988 2.433 2.672 2.841 2.955 2.865 2.495 2.228 
6.000 10.490 -0.160 0.667 1.462 1.973 2.417 2.656 2.827 2.942 2.852 2.494 2.218 
6.000 10.760 -0.168 0.659 1.450 1.957 2.401 2.641 2.813 2.931 2.839 2.494 2.207 
6.000 11.180 -0.182 0.641 1.430 1.934 2.376 2.617 2.790 2.909 2.815 2.485 2.187 
6.000 11.820 -0.203 0.596 1.380 1.882 2.324 2.566 2.738 2.856 2.760 2.447 2.134 
6.000 12.770 -0.218 0.550 1.331 1.831 2.273 2.516 2.687 2.804 2.705 2.410 2.082 
6.000 14.140 -0.233 0.505 1.282 1.780 2.221 2.466 2.637 2.752 2.650 2.373 2.030 
6.000 16.080 -0.288 0.421 1.201 1.701 2.143 2.388 2.551 2.656 2.544 2.284 1.935 
6.000 18.740 -0.347 0.332 1.115 1.619 2.061 2.305 2.459 2.553 2.429 2.187 1.833 
6.000 22.320 -0.407 0.243 1.030 1.538 1.980 2.223 2.369 2.452 2.316 2.091 1.732 
6.000 27.040 -0.476 0.145 0.936 1.449 1.892 2.129 2.265 2.336 2.186 1.977 1.619 
6.000 33.160 -0.557 0.038 0.835 1.351 1.794 2.022 2.146 2.205 2.039 1.844 1.491 
6.000 41.050 -0.636 -0.068 0.735 1.255 1.699 1.917 2.030 2.076 1.892 1.712 1.366 
6.000 51.110 -0.711 -0.168 0.640 1.163 1.606 1.814 1.916 1.950 1.752 1.585 1.244 
6.000 63.890 -0.752 -0.236 0.572 1.084 1.522 1.718 1.817 1.847 1.640 1.483 1.144 
6.000 80.060 -0.791 -0.301 0.507 1.009 1.441 1.626 1.721 1.747 1.532 1.384 1.048 
6.000 100.500 -0.825 -0.361 0.447 0.937 1.364 1.537 1.630 1.651 1.428 1.290 0.956 
6.000 126.290 -0.874 -0.434 0.364 0.834 1.252 1.417 1.509 1.524 1.296 1.173 0.841 
6.000 158.810 -0.919 -0.504 0.281 0.728 1.134 1.291 1.386 1.392 1.162 1.056 0.726 
6.000 199.780 -0.965 -0.574 0.197 0.621 1.016 1.166 1.262 1.261 1.027 0.939 0.610 
6.000 251.390 -1.020 -0.653 0.107 0.509 0.890 1.029 1.123 1.110 0.871 0.802 0.485 
6.000 316.390 -1.091 -0.749 0.006 0.387 0.748 0.870 0.953 0.921 0.674 0.627 0.341 
6.000 398.240 -1.163 -0.845 -0.096 0.265 0.605 0.711 0.783 0.731 0.477 0.453 0.197 
6.000 501.290 -1.235 -0.942 -0.198 0.143 0.463 0.552 0.613 0.543 0.280 0.278 0.053 
6.000 631.040 -1.350 -1.081 -0.311 0.041 0.373 0.466 0.530 0.456 0.183 0.182 -0.087 
6.000 794.390 -1.467 -1.222 -0.425 -0.059 0.285 0.382 0.449 0.373 0.091 0.089 -0.227 
6.250 10.050 0.103 0.870 1.625 2.118 2.548 2.771 2.922 3.012 2.922 2.549 2.331 
6.250 10.080 0.104 0.871 1.626 2.119 2.548 2.771 2.923 3.013 2.923 2.551 2.332 
6.250 10.120 0.105 0.872 1.626 2.119 2.548 2.771 2.924 3.014 2.924 2.553 2.334 
6.250 10.200 0.106 0.873 1.627 2.119 2.548 2.771 2.924 3.016 2.925 2.555 2.335 
6.250 10.310 0.105 0.871 1.625 2.114 2.543 2.767 2.920 3.013 2.922 2.557 2.333 
6.250 10.490 0.102 0.869 1.620 2.107 2.534 2.758 2.914 3.007 2.916 2.559 2.330 
6.250 10.760 0.099 0.866 1.615 2.099 2.526 2.751 2.907 3.002 2.910 2.562 2.327 
6.250 11.180 0.087 0.854 1.600 2.082 2.508 2.733 2.891 2.986 2.894 2.556 2.313 
6.250 11.820 0.045 0.812 1.555 2.033 2.459 2.685 2.843 2.937 2.843 2.525 2.264 
6.250 12.770 0.032 0.770 1.509 1.986 2.410 2.637 2.795 2.888 2.792 2.495 2.216 
6.250 14.140 0.021 0.729 1.464 1.939 2.361 2.590 2.747 2.839 2.741 2.465 2.169 
6.250 16.080 -0.029 0.645 1.382 1.859 2.281 2.509 2.660 2.744 2.636 2.378 2.074 
6.250 18.740 -0.089 0.556 1.295 1.776 2.197 2.423 2.566 2.643 2.522 2.283 1.972 
6.250 22.320 -0.149 0.467 1.209 1.693 2.113 2.337 2.473 2.542 2.410 2.188 1.871 
6.250 27.040 -0.219 0.370 1.116 1.603 2.023 2.242 2.368 2.428 2.281 2.076 1.758 
6.250 33.160 -0.298 0.264 1.016 1.507 1.926 2.135 2.250 2.299 2.135 1.943 1.632 
6.250 41.050 -0.378 0.160 0.918 1.412 1.830 2.031 2.134 2.172 1.990 1.812 1.507 
6.250 51.110 -0.453 0.061 0.824 1.321 1.738 1.929 2.021 2.049 1.851 1.686 1.387 
6.250 63.890 -0.497 -0.006 0.757 1.245 1.657 1.837 1.925 1.948 1.740 1.585 1.289 
6.250 80.060 -0.538 -0.069 0.694 1.171 1.579 1.748 1.831 1.850 1.632 1.487 1.195 
6.250 100.500 -0.575 -0.129 0.635 1.102 1.506 1.663 1.743 1.757 1.529 1.394 1.105 
6.250 126.290 -0.625 -0.200 0.555 1.004 1.398 1.547 1.627 1.633 1.400 1.281 0.995 
6.250 158.810 -0.672 -0.268 0.475 0.901 1.285 1.427 1.509 1.505 1.268 1.168 0.886 
6.250 199.780 -0.717 -0.336 0.396 0.799 1.172 1.308 1.390 1.377 1.136 1.055 0.776 
6.250 251.390 -0.771 -0.413 0.309 0.691 1.050 1.175 1.256 1.229 0.983 0.923 0.656 
6.250 316.390 -0.844 -0.507 0.211 0.572 0.911 1.020 1.090 1.043 0.789 0.754 0.518 
6.250 398.240 -0.917 -0.601 0.112 0.454 0.772 0.864 0.924 0.857 0.595 0.584 0.379 
6.250 501.290 -0.989 -0.695 0.014 0.335 0.633 0.709 0.758 0.671 0.401 0.414 0.240 
6.250 631.040 -1.098 -0.826 -0.092 0.240 0.549 0.628 0.680 0.589 0.309 0.323 0.107 
6.250 794.390 -1.208 -0.958 -0.198 0.147 0.467 0.550 0.605 0.511 0.221 0.235 -0.026 
6.500 10.050 0.356 1.064 1.774 2.240 2.651 2.860 2.998 3.069 2.977 2.614 2.435 
6.500 10.080 0.356 1.064 1.774 2.241 2.652 2.860 2.999 3.069 2.977 2.614 2.435 
6.500 10.120 0.357 1.064 1.775 2.241 2.652 2.861 2.999 3.069 2.978 2.615 2.436 
6.500 10.200 0.357 1.065 1.775 2.241 2.652 2.861 2.999 3.070 2.978 2.615 2.436 
6.500 10.310 0.359 1.067 1.776 2.241 2.652 2.861 3.000 3.071 2.979 2.618 2.439 
6.500 10.490 0.362 1.070 1.778 2.241 2.651 2.861 3.001 3.072 2.981 2.624 2.443 
6.500 10.760 0.365 1.073 1.779 2.240 2.650 2.861 3.002 3.073 2.982 2.629 2.447 
6.500 11.180 0.359 1.066 1.771 2.229 2.639 2.850 2.992 3.063 2.972 2.628 2.439 
6.500 11.820 0.320 1.028 1.729 2.185 2.593 2.804 2.947 3.017 2.925 2.604 2.395 
6.500 12.770 0.282 0.990 1.687 2.141 2.547 2.759 2.902 2.972 2.878 2.580 2.351 
6.500 14.140 0.267 0.952 1.646 2.098 2.502 2.714 2.858 2.926 2.832 2.557 2.307 
6.500 16.080 0.219 0.870 1.564 2.017 2.420 2.630 2.769 2.833 2.728 2.472 2.213 
6.500 18.740 0.162 0.780 1.476 1.932 2.332 2.541 2.673 2.732 2.615 2.379 2.111 
6.500 22.320 0.102 0.692 1.389 1.847 2.246 2.452 2.578 2.632 2.503 2.285 2.010 
6.500 27.040 0.033 0.596 1.296 1.757 2.154 2.355 2.472 2.519 2.376 2.174 1.897 
6.500 33.160 -0.047 0.491 1.197 1.662 2.057 2.249 2.354 2.393 2.231 2.042 1.772 
6.500 41.050 -0.126 0.388 1.100 1.569 1.962 2.145 2.238 2.268 2.088 1.912 1.648 
6.500 51.110 -0.202 0.291 1.008 1.479 1.870 2.044 2.126 2.148 1.950 1.787 1.529 
6.500 63.890 -0.247 0.224 0.943 1.405 1.792 1.955 2.032 2.049 1.840 1.687 1.434 
6.500 80.060 -0.292 0.162 0.881 1.334 1.717 1.870 1.942 1.954 1.733 1.590 1.342 
6.500 100.500 -0.328 0.103 0.823 1.267 1.647 1.788 1.855 1.862 1.630 1.498 1.255 
6.500 126.290 -0.379 0.033 0.746 1.173 1.544 1.678 1.744 1.742 1.503 1.388 1.149 
6.500 158.810 -0.425 -0.032 0.670 1.075 1.436 1.564 1.632 1.618 1.374 1.280 1.046 
6.500 199.780 -0.472 -0.098 0.594 0.977 1.328 1.449 1.519 1.494 1.245 1.172 0.942 
6.500 251.390 -0.529 -0.173 0.512 0.873 1.210 1.322 1.389 1.350 1.095 1.044 0.828 
6.500 316.390 -0.602 -0.265 0.416 0.758 1.074 1.170 1.227 1.166 0.904 0.880 0.694 
6.500 398.240 -0.674 -0.357 0.320 0.642 0.939 1.017 1.065 0.983 0.714 0.715 0.561 
6.500 501.290 -0.748 -0.449 0.225 0.527 0.803 0.865 0.903 0.799 0.523 0.551 0.427 
6.500 631.040 -0.852 -0.571 0.127 0.439 0.725 0.790 0.830 0.722 0.435 0.464 0.301 
6.500 794.390 -0.956 -0.694 0.029 0.353 0.649 0.718 0.760 0.649 0.352 0.382 0.175 
6.750 10.050 0.576 1.232 1.889 2.325 2.719 2.920 3.053 3.113 3.025 2.673 2.530 
6.750 10.080 0.577 1.232 1.889 2.325 2.719 2.921 3.054 3.113 3.025 2.673 2.530 
6.750 10.120 0.577 1.233 1.889 2.325 2.719 2.921 3.054 3.113 3.025 2.674 2.530 
6.750 10.200 0.578 1.233 1.890 2.326 2.720 2.921 3.054 3.114 3.026 2.674 2.530 
6.750 10.310 0.579 1.234 1.890 2.326 2.720 2.922 3.055 3.115 3.026 2.676 2.532 
6.750 10.490 0.581 1.237 1.892 2.326 2.720 2.922 3.056 3.116 3.028 2.680 2.535 
6.750 10.760 0.583 1.238 1.893 2.326 2.720 2.922 3.057 3.117 3.029 2.684 2.538 
6.750 11.180 0.580 1.235 1.889 2.321 2.714 2.917 3.052 3.112 3.024 2.685 2.534 
6.750 11.820 0.560 1.215 1.866 2.297 2.688 2.891 3.027 3.087 2.998 2.675 2.511 
6.750 12.770 0.540 1.196 1.844 2.273 2.663 2.867 3.002 3.062 2.973 2.665 2.489 
6.750 14.140 0.521 1.177 1.822 2.250 2.639 2.842 2.979 3.038 2.947 2.657 2.467 
6.750 16.080 0.450 1.093 1.739 2.167 2.553 2.755 2.887 2.944 2.845 2.577 2.371 
6.750 18.740 0.396 1.000 1.646 2.076 2.459 2.658 2.785 2.839 2.730 2.486 2.264 
6.750 22.320 0.337 0.908 1.554 1.986 2.365 2.562 2.684 2.735 2.616 2.396 2.159 
6.750 27.040 0.264 0.808 1.457 1.892 2.268 2.459 2.574 2.619 2.486 2.285 2.042 
6.750 33.160 0.182 0.702 1.356 1.793 2.166 2.349 2.453 2.491 2.338 2.151 1.915 
6.750 41.050 0.098 0.596 1.257 1.696 2.066 2.241 2.334 2.364 2.192 2.019 1.789 
6.750 51.110 0.018 0.497 1.162 1.604 1.971 2.137 2.220 2.241 2.050 1.892 1.667 
6.750 63.890 -0.030 0.428 1.097 1.532 1.894 2.050 2.127 2.142 1.938 1.789 1.572 
6.750 80.060 -0.078 0.364 1.035 1.463 1.821 1.967 2.037 2.046 1.829 1.690 1.479 
6.750 100.500 -0.120 0.303 0.978 1.399 1.752 1.887 1.952 1.955 1.724 1.595 1.391 
6.750 126.290 -0.172 0.234 0.905 1.309 1.655 1.782 1.844 1.836 1.598 1.487 1.290 
6.750 158.810 -0.219 0.170 0.833 1.218 1.555 1.674 1.735 1.714 1.471 1.381 1.192 
6.750 199.780 -0.269 0.105 0.761 1.127 1.455 1.566 1.627 1.593 1.343 1.276 1.094 
6.750 251.390 -0.325 0.032 0.683 1.028 1.345 1.445 1.501 1.451 1.195 1.151 0.986 
6.750 316.390 -0.401 -0.059 0.591 0.917 1.215 1.296 1.342 1.269 1.007 0.990 0.857 
6.750 398.240 -0.474 -0.150 0.499 0.806 1.084 1.147 1.182 1.088 0.819 0.829 0.729 
6.750 501.290 -0.550 -0.241 0.407 0.695 0.953 0.999 1.023 0.907 0.631 0.668 0.601 
6.750 631.040 -0.649 -0.355 0.316 0.613 0.881 0.929 0.954 0.833 0.547 0.586 0.481 
6.750 794.390 -0.748 -0.470 0.225 0.533 0.811 0.862 0.889 0.764 0.468 0.507 0.362 
7.000 10.050 0.793 1.401 2.003 2.409 2.786 2.981 3.108 3.157 3.072 2.732 2.624 
7.000 10.080 0.793 1.401 2.003 2.409 2.787 2.981 3.109 3.157 3.073 2.732 2.624 
7.000 10.120 0.794 1.401 2.004 2.410 2.787 2.982 3.109 3.158 3.073 2.733 2.625 
7.000 10.200 0.794 1.402 2.004 2.410 2.787 2.982 3.109 3.158 3.073 2.733 2.625 
7.000 10.310 0.795 1.402 2.005 2.411 2.788 2.983 3.110 3.158 3.074 2.734 2.626 
7.000 10.490 0.796 1.403 2.006 2.411 2.788 2.983 3.111 3.159 3.075 2.736 2.627 
7.000 10.760 0.797 1.404 2.007 2.412 2.789 2.984 3.111 3.160 3.076 2.738 2.629 
7.000 11.180 0.797 1.405 2.007 2.412 2.789 2.984 3.111 3.160 3.076 2.741 2.629 
7.000 11.820 0.796 1.403 2.004 2.408 2.784 2.979 3.107 3.155 3.071 2.746 2.628 
7.000 12.770 0.794 1.402 2.001 2.405 2.779 2.975 3.103 3.152 3.067 2.751 2.626 
7.000 14.140 0.793 1.401 1.999 2.402 2.775 2.971 3.099 3.149 3.063 2.757 2.626 
7.000 16.080 0.709 1.317 1.914 2.318 2.687 2.880 3.006 3.054 2.962 2.682 2.529 
7.000 18.740 0.614 1.220 1.816 2.221 2.585 2.776 2.898 2.946 2.845 2.594 2.418 
7.000 22.320 0.557 1.124 1.719 2.124 2.485 2.672 2.791 2.838 2.729 2.507 2.308 
7.000 27.040 0.487 1.021 1.618 2.026 2.381 2.563 2.676 2.719 2.596 2.397 2.188 
7.000 33.160 0.403 0.912 1.515 1.924 2.275 2.450 2.553 2.588 2.445 2.261 2.057 
7.000 41.050 0.317 0.805 1.413 1.824 2.171 2.338 2.431 2.459 2.295 2.126 1.929 
7.000 51.110 0.235 0.703 1.316 1.729 2.071 2.230 2.314 2.335 2.150 1.996 1.805 
7.000 63.890 0.182 0.632 1.252 1.659 1.996 2.145 2.222 2.235 2.036 1.891 1.709 
7.000 80.060 0.132 0.566 1.190 1.592 1.924 2.064 2.133 2.139 1.925 1.790 1.616 
7.000 100.500 0.084 0.504 1.133 1.530 1.857 1.986 2.048 2.047 1.818 1.692 1.528 
7.000 126.290 0.031 0.435 1.063 1.445 1.766 1.886 1.943 1.930 1.692 1.585 1.431 
7.000 158.810 -0.019 0.372 0.996 1.361 1.675 1.785 1.839 1.811 1.567 1.482 1.338 
7.000 199.780 -0.069 0.308 0.928 1.276 1.583 1.683 1.735 1.692 1.442 1.380 1.246 
7.000 251.390 -0.128 0.236 0.854 1.184 1.480 1.567 1.613 1.552 1.296 1.259 1.143 
7.000 316.390 -0.204 0.146 0.766 1.077 1.354 1.422 1.456 1.373 1.111 1.100 1.021 
7.000 398.240 -0.280 0.057 0.678 0.970 1.229 1.277 1.300 1.193 0.925 0.942 0.898 
7.000 501.290 -0.357 -0.033 0.590 0.863 1.103 1.133 1.143 1.014 0.739 0.784 0.775 
7.000 631.040 -0.451 -0.140 0.505 0.787 1.036 1.068 1.078 0.945 0.660 0.707 0.661 
7.000 794.390 -0.546 -0.247 0.421 0.713 0.972 1.005 1.018 0.880 0.584 0.633 0.548 
7.250 10.050 0.969 1.535 2.082 2.458 2.819 3.015 3.136 3.182 3.093 2.768 2.705 
7.250 10.080 0.969 1.535 2.082 2.459 2.820 3.015 3.137 3.182 3.094 2.768 2.705 
7.250 10.120 0.970 1.536 2.082 2.459 2.820 3.016 3.137 3.182 3.094 2.768 2.705 
7.250 10.200 0.970 1.536 2.083 2.459 2.820 3.016 3.137 3.183 3.095 2.769 2.706 
7.250 10.310 0.971 1.537 2.083 2.460 2.821 3.016 3.138 3.183 3.095 2.769 2.706 
7.250 10.490 0.972 1.538 2.084 2.460 2.822 3.017 3.139 3.184 3.096 2.771 2.707 
7.250 10.760 0.973 1.539 2.085 2.461 2.822 3.018 3.139 3.185 3.097 2.772 2.708 
7.250 11.180 0.974 1.539 2.086 2.462 2.822 3.018 3.140 3.185 3.097 2.775 2.710 
7.250 11.820 0.974 1.540 2.085 2.460 2.820 3.016 3.138 3.184 3.097 2.781 2.710 
7.250 12.770 0.975 1.541 2.084 2.459 2.818 3.014 3.136 3.183 3.096 2.787 2.711 
7.250 14.140 0.976 1.542 2.084 2.458 2.816 3.012 3.135 3.183 3.096 2.794 2.713 
7.250 16.080 0.919 1.485 2.026 2.400 2.754 2.948 3.069 3.118 3.027 2.748 2.646 
7.250 18.740 0.852 1.418 1.960 2.334 2.684 2.875 2.994 3.044 2.948 2.693 2.569 
7.250 22.320 0.787 1.353 1.894 2.269 2.614 2.802 2.920 2.971 2.870 2.640 2.493 
7.250 27.040 0.723 1.259 1.802 2.178 2.518 2.701 2.814 2.863 2.750 2.542 2.383 
7.250 33.160 0.631 1.134 1.683 2.060 2.393 2.568 2.674 2.718 2.585 2.395 2.235 
7.250 41.050 0.530 1.011 1.565 1.944 2.269 2.438 2.535 2.574 2.421 2.251 2.089 
7.250 51.110 0.431 0.894 1.454 1.833 2.152 2.313 2.403 2.436 2.264 2.111 1.949 
7.250 63.890 0.369 0.817 1.384 1.759 2.072 2.221 2.304 2.330 2.141 1.998 1.846 
7.250 80.060 0.310 0.744 1.317 1.689 1.994 2.133 2.209 2.227 2.021 1.889 1.747 
7.250 100.500 0.253 0.674 1.254 1.623 1.922 2.050 2.118 2.128 1.905 1.784 1.652 
7.250 126.290 0.194 0.603 1.187 1.543 1.836 1.951 2.014 2.010 1.778 1.675 1.558 
7.250 158.810 0.142 0.539 1.125 1.467 1.752 1.853 1.911 1.893 1.655 1.574 1.471 
7.250 199.780 0.089 0.475 1.063 1.392 1.669 1.756 1.808 1.775 1.531 1.472 1.384 
7.250 251.390 0.027 0.403 0.994 1.307 1.573 1.644 1.687 1.638 1.387 1.352 1.286 
7.250 316.390 -0.053 0.313 0.910 1.205 1.454 1.502 1.531 1.460 1.205 1.197 1.169 
7.250 398.240 -0.130 0.224 0.826 1.104 1.334 1.359 1.375 1.283 1.022 1.041 1.051 
7.250 501.290 -0.211 0.135 0.741 1.002 1.215 1.217 1.220 1.105 0.839 0.885 0.933 
7.250 631.040 -0.302 0.034 0.662 0.932 1.152 1.155 1.158 1.039 0.763 0.811 0.825 
7.250 794.390 -0.392 -0.068 0.584 0.863 1.092 1.096 1.100 0.978 0.691 0.741 0.718 
7.500 10.050 1.140 1.670 2.160 2.507 2.852 3.049 3.164 3.207 3.115 2.803 2.785 
7.500 10.080 1.141 1.670 2.160 2.508 2.853 3.049 3.164 3.207 3.115 2.803 2.785 
7.500 10.120 1.141 1.670 2.161 2.508 2.853 3.050 3.165 3.207 3.116 2.804 2.786 
7.500 10.200 1.141 1.671 2.161 2.508 2.853 3.050 3.166 3.208 3.116 2.804 2.786 
7.500 10.310 1.142 1.671 2.162 2.509 2.854 3.051 3.166 3.208 3.116 2.805 2.787 
7.500 10.490 1.142 1.672 2.162 2.510 2.855 3.051 3.167 3.209 3.117 2.805 2.787 
7.500 10.760 1.143 1.673 2.163 2.510 2.855 3.052 3.167 3.210 3.118 2.806 2.788 
7.500 11.180 1.145 1.674 2.164 2.511 2.856 3.053 3.168 3.211 3.120 2.809 2.789 
7.500 11.820 1.147 1.676 2.165 2.512 2.856 3.053 3.169 3.212 3.122 2.816 2.793 
7.500 12.770 1.150 1.679 2.167 2.512 2.856 3.053 3.169 3.214 3.125 2.823 2.796 
7.500 14.140 1.153 1.683 2.169 2.513 2.857 3.053 3.170 3.217 3.129 2.831 2.800 
7.500 16.080 1.123 1.652 2.139 2.483 2.822 3.016 3.133 3.182 3.093 2.814 2.763 
7.500 18.740 1.088 1.617 2.103 2.447 2.782 2.974 3.090 3.143 3.051 2.793 2.721 
7.500 22.320 1.053 1.583 2.069 2.413 2.743 2.933 3.048 3.103 3.010 2.773 2.679 
7.500 27.040 0.968 1.497 1.986 2.331 2.653 2.839 2.951 3.006 2.903 2.687 2.578 
7.500 33.160 0.839 1.357 1.851 2.196 2.510 2.687 2.795 2.847 2.725 2.530 2.412 
7.500 41.050 0.734 1.218 1.717 2.063 2.368 2.538 2.640 2.689 2.547 2.375 2.249 
7.500 51.110 0.623 1.086 1.591 1.937 2.234 2.395 2.492 2.537 2.377 2.225 2.092 
7.500 63.890 0.553 1.002 1.516 1.860 2.147 2.297 2.387 2.424 2.245 2.105 1.983 
7.500 80.060 0.484 0.921 1.444 1.786 2.065 2.203 2.286 2.314 2.117 1.988 1.878 
7.500 100.500 0.418 0.845 1.376 1.716 1.986 2.113 2.189 2.208 1.993 1.875 1.777 
7.500 126.290 0.353 0.771 1.311 1.642 1.905 2.015 2.084 2.090 1.864 1.766 1.684 
7.500 158.810 0.297 0.707 1.255 1.574 1.830 1.922 1.982 1.974 1.742 1.665 1.603 
7.500 199.780 0.241 0.642 1.198 1.507 1.755 1.829 1.881 1.859 1.621 1.565 1.522 
7.500 251.390 0.177 0.569 1.134 1.430 1.667 1.721 1.762 1.723 1.479 1.446 1.430 
7.500 316.390 0.094 0.480 1.054 1.334 1.553 1.581 1.607 1.548 1.299 1.293 1.317 
7.500 398.240 0.013 0.391 0.974 1.238 1.440 1.441 1.452 1.372 1.118 1.139 1.204 
7.500 501.290 -0.069 0.302 0.893 1.142 1.326 1.302 1.297 1.197 0.938 0.986 1.092 
7.500 631.040 -0.157 0.207 0.820 1.077 1.267 1.242 1.238 1.134 0.866 0.916 0.990 
7.500 794.390 -0.244 0.112 0.747 1.013 1.211 1.187 1.183 1.076 0.798 0.849 0.888 
7.750 10.050 1.260 1.758 2.207 2.532 2.866 3.067 3.176 3.220 3.124 2.811 2.838 
7.750 10.080 1.261 1.758 2.207 2.532 2.866 3.067 3.176 3.220 3.124 2.811 2.838 
7.750 10.120 1.261 1.758 2.207 2.532 2.866 3.068 3.177 3.220 3.124 2.812 2.838 
7.750 10.200 1.261 1.759 2.208 2.533 2.867 3.068 3.177 3.220 3.125 2.812 2.839 
7.750 10.310 1.262 1.759 2.208 2.533 2.867 3.068 3.177 3.221 3.126 2.813 2.839 
7.750 10.490 1.263 1.760 2.209 2.534 2.868 3.069 3.178 3.222 3.126 2.813 2.840 
7.750 10.760 1.263 1.760 2.210 2.535 2.869 3.070 3.179 3.222 3.127 2.814 2.841 
7.750 11.180 1.265 1.762 2.211 2.536 2.870 3.071 3.180 3.223 3.128 2.816 2.842 
7.750 11.820 1.267 1.764 2.212 2.537 2.870 3.071 3.181 3.225 3.130 2.820 2.844 
7.750 12.770 1.269 1.766 2.213 2.538 2.871 3.072 3.182 3.227 3.133 2.825 2.846 
7.750 14.140 1.271 1.769 2.216 2.539 2.872 3.074 3.183 3.229 3.135 2.830 2.849 
7.750 16.080 1.258 1.755 2.201 2.525 2.856 3.055 3.165 3.213 3.120 2.824 2.832 
7.750 18.740 1.242 1.740 2.185 2.509 2.836 3.035 3.145 3.196 3.101 2.818 2.812 
7.750 22.320 1.228 1.725 2.170 2.493 2.818 3.014 3.124 3.179 3.084 2.813 2.794 
7.750 27.040 1.163 1.660 2.107 2.429 2.747 2.940 3.048 3.105 3.003 2.752 2.715 
7.750 33.160 1.044 1.541 1.992 2.313 2.620 2.805 2.912 2.970 2.855 2.632 2.572 
7.750 41.050 0.926 1.424 1.879 2.198 2.495 2.672 2.777 2.836 2.709 2.514 2.431 
7.750 51.110 0.839 1.309 1.769 2.086 2.373 2.542 2.643 2.704 2.563 2.394 2.292 
7.750 63.890 0.745 1.199 1.668 1.983 2.257 2.414 2.509 2.562 2.401 2.250 2.157 
7.750 80.060 0.649 1.093 1.572 1.883 2.145 2.289 2.378 2.425 2.243 2.109 2.025 
7.750 100.500 0.553 0.991 1.480 1.787 2.038 2.168 2.252 2.291 2.089 1.972 1.898 
7.750 126.290 0.478 0.908 1.411 1.710 1.950 2.062 2.138 2.165 1.952 1.854 1.800 
7.750 158.810 0.416 0.841 1.359 1.648 1.877 1.970 2.037 2.051 1.830 1.751 1.722 
7.750 199.780 0.354 0.774 1.307 1.587 1.804 1.877 1.935 1.936 1.707 1.648 1.644 
7.750 251.390 0.284 0.699 1.246 1.515 1.719 1.770 1.816 1.801 1.566 1.529 1.555 
7.750 316.390 0.199 0.609 1.170 1.424 1.608 1.631 1.662 1.628 1.388 1.378 1.447 
7.750 398.240 0.112 0.519 1.093 1.333 1.497 1.493 1.507 1.454 1.210 1.228 1.339 
7.750 501.290 0.028 0.429 1.017 1.241 1.386 1.354 1.353 1.280 1.032 1.077 1.232 
7.750 631.040 -0.058 0.338 0.948 1.180 1.329 1.297 1.296 1.221 0.963 1.010 1.135 
7.750 794.390 -0.144 0.248 0.879 1.120 1.276 1.244 1.243 1.165 0.899 0.946 1.038 
8.000 10.050 1.375 1.846 2.253 2.556 2.879 3.085 3.187 3.232 3.133 2.819 2.890 
8.000 10.080 1.375 1.846 2.254 2.557 2.880 3.085 3.188 3.232 3.133 2.819 2.890 
8.000 10.120 1.376 1.846 2.254 2.557 2.880 3.086 3.188 3.232 3.133 2.820 2.891 
8.000 10.200 1.376 1.847 2.254 2.557 2.880 3.086 3.188 3.233 3.134 2.820 2.891 
8.000 10.310 1.376 1.847 2.255 2.558 2.881 3.086 3.189 3.233 3.135 2.821 2.892 
8.000 10.490 1.377 1.848 2.255 2.558 2.882 3.087 3.190 3.234 3.135 2.821 2.892 
8.000 10.760 1.378 1.849 2.256 2.559 2.882 3.088 3.190 3.235 3.136 2.822 2.893 
8.000 11.180 1.379 1.850 2.257 2.560 2.883 3.089 3.191 3.236 3.137 2.823 2.894 
8.000 11.820 1.380 1.851 2.259 2.562 2.885 3.090 3.193 3.237 3.138 2.824 2.895 
8.000 12.770 1.382 1.853 2.260 2.563 2.886 3.092 3.194 3.239 3.140 2.826 2.897 
8.000 14.140 1.384 1.855 2.262 2.565 2.888 3.094 3.197 3.241 3.142 2.828 2.899 
8.000 16.080 1.387 1.858 2.264 2.567 2.889 3.094 3.197 3.244 3.146 2.835 2.901 
8.000 18.740 1.392 1.863 2.268 2.570 2.890 3.095 3.198 3.249 3.151 2.844 2.904 
8.000 22.320 1.397 1.868 2.271 2.574 2.892 3.096 3.200 3.254 3.157 2.853 2.908 
8.000 27.040 1.353 1.824 2.228 2.528 2.841 3.041 3.145 3.204 3.103 2.818 2.852 
8.000 33.160 1.255 1.726 2.133 2.430 2.730 2.923 3.028 3.093 2.986 2.735 2.732 
8.000 41.050 1.159 1.629 2.040 2.333 2.622 2.807 2.913 2.983 2.870 2.653 2.613 
8.000 51.110 1.060 1.531 1.945 2.235 2.512 2.689 2.795 2.870 2.749 2.564 2.492 
8.000 63.890 0.937 1.396 1.821 2.106 2.367 2.530 2.631 2.701 2.558 2.395 2.331 
8.000 80.060 0.812 1.264 1.700 1.980 2.226 2.374 2.471 2.535 2.370 2.230 2.173 
8.000 100.500 0.689 1.137 1.584 1.858 2.089 2.223 2.315 2.374 2.186 2.069 2.019 
8.000 126.290 0.601 1.045 1.511 1.778 1.995 2.109 2.192 2.241 2.040 1.943 1.916 
8.000 158.810 0.533 0.975 1.463 1.723 1.924 2.017 2.091 2.127 1.917 1.837 1.841 
8.000 199.780 0.463 0.906 1.415 1.667 1.854 1.926 1.989 2.013 1.794 1.732 1.766 
8.000 251.390 0.389 0.829 1.358 1.601 1.771 1.818 1.870 1.880 1.652 1.613 1.681 
8.000 316.390 0.298 0.738 1.286 1.514 1.662 1.682 1.717 1.708 1.477 1.464 1.578 
8.000 398.240 0.209 0.646 1.213 1.427 1.554 1.545 1.563 1.536 1.302 1.316 1.474 
8.000 501.290 0.120 0.555 1.140 1.341 1.446 1.407 1.410 1.364 1.126 1.167 1.371 
8.000 631.040 0.035 0.469 1.076 1.283 1.392 1.352 1.355 1.307 1.060 1.103 1.279 
8.000 794.390 -0.049 0.383 1.012 1.227 1.340 1.300 1.304 1.255 0.999 1.043 1.188 
