CanadaSHM5_AA13_stablecrust_high , distance is rhypo. Log10 ground motion values in cgs units
          15 30 11 : nmag, ndist, nperiod
          10.000 5.000 2.000 1.000 0.500 0.300 0.200 0.100 0.050 PGA PGV 
          0.620 0.620 0.620 0.620 0.580 0.540 0.530 0.530 0.530 0.530 0.620
4.500 10.050 -1.706 -0.394 0.801 1.507 2.129 2.419 2.681 2.946 2.914 2.679 2.221 
4.500 10.080 -1.717 -0.405 0.785 1.492 2.115 2.407 2.667 2.925 2.890 2.662 2.201 
4.500 10.120 -1.724 -0.415 0.769 1.476 2.101 2.395 2.653 2.905 2.865 2.645 2.182 
4.500 10.200 -1.724 -0.426 0.752 1.460 2.087 2.383 2.639 2.884 2.841 2.627 2.162 
4.500 10.310 -1.737 -0.449 0.718 1.428 2.058 2.359 2.610 2.845 2.796 2.592 2.121 
4.500 10.490 -1.741 -0.480 0.673 1.385 2.020 2.326 2.573 2.795 2.739 2.544 2.066 
4.500 10.760 -1.748 -0.512 0.628 1.342 1.983 2.293 2.536 2.744 2.681 2.497 2.011 
4.500 11.180 -1.762 -0.551 0.577 1.293 1.938 2.254 2.492 2.687 2.618 2.442 1.949 
4.500 11.820 -1.792 -0.614 0.506 1.224 1.873 2.192 2.426 2.610 2.539 2.365 1.861 
4.500 12.770 -1.817 -0.677 0.436 1.154 1.808 2.130 2.361 2.534 2.459 2.288 1.774 
4.500 14.140 -1.843 -0.741 0.365 1.084 1.742 2.067 2.294 2.456 2.379 2.211 1.686 
4.500 16.080 -1.897 -0.834 0.269 0.984 1.641 1.965 2.190 2.346 2.272 2.099 1.567 
4.500 18.740 -1.955 -0.933 0.169 0.878 1.534 1.855 2.079 2.230 2.159 1.980 1.441 
4.500 22.320 -2.014 -1.033 0.068 0.772 1.426 1.744 1.967 2.113 2.046 1.861 1.315 
4.500 27.040 -2.085 -1.145 -0.047 0.649 1.301 1.616 1.836 1.978 1.912 1.722 1.173 
4.500 33.160 -2.171 -1.272 -0.179 0.510 1.157 1.470 1.685 1.823 1.754 1.563 1.016 
4.500 41.050 -2.257 -1.401 -0.313 0.370 1.011 1.321 1.533 1.666 1.595 1.401 0.856 
4.500 51.110 -2.344 -1.530 -0.447 0.229 0.866 1.174 1.380 1.509 1.434 1.239 0.698 
4.500 63.890 -2.416 -1.641 -0.570 0.108 0.740 1.050 1.248 1.368 1.275 1.090 0.561 
4.500 80.060 -2.490 -1.756 -0.696 -0.017 0.611 0.923 1.113 1.225 1.113 0.938 0.420 
4.500 100.500 -2.567 -1.876 -0.827 -0.146 0.477 0.791 0.974 1.076 0.947 0.781 0.276 
4.500 126.290 -2.614 -1.964 -0.928 -0.244 0.372 0.684 0.855 0.937 0.789 0.642 0.157 
4.500 158.810 -2.656 -2.047 -1.025 -0.338 0.270 0.578 0.736 0.793 0.627 0.501 0.040 
4.500 199.780 -2.697 -2.130 -1.122 -0.432 0.169 0.472 0.617 0.648 0.465 0.360 -0.077 
4.500 251.390 -2.749 -2.222 -1.224 -0.535 0.053 0.347 0.477 0.480 0.282 0.198 -0.209 
4.500 316.390 -2.816 -2.331 -1.337 -0.656 -0.087 0.186 0.297 0.267 0.057 -0.004 -0.370 
4.500 398.240 -2.885 -2.440 -1.449 -0.777 -0.228 0.025 0.117 0.053 -0.168 -0.206 -0.531 
4.500 501.290 -2.952 -2.549 -1.561 -0.898 -0.369 -0.135 -0.063 -0.161 -0.393 -0.408 -0.691 
4.500 631.040 -3.108 -2.746 -1.723 -1.036 -0.489 -0.247 -0.172 -0.273 -0.515 -0.530 -0.859 
4.500 794.390 -3.268 -2.947 -1.887 -1.176 -0.608 -0.356 -0.277 -0.381 -0.632 -0.648 -1.026 
4.750 10.050 -1.304 -0.084 1.033 1.676 2.255 2.528 2.765 3.009 2.987 2.746 2.339 
4.750 10.080 -1.313 -0.093 1.020 1.664 2.244 2.519 2.754 2.991 2.967 2.731 2.322 
4.750 10.120 -1.323 -0.103 1.006 1.651 2.233 2.510 2.742 2.972 2.946 2.716 2.305 
4.750 10.200 -1.323 -0.112 0.992 1.638 2.222 2.500 2.730 2.954 2.926 2.701 2.288 
4.750 10.310 -1.335 -0.136 0.961 1.610 2.196 2.478 2.704 2.917 2.886 2.668 2.250 
4.750 10.490 -1.345 -0.167 0.920 1.571 2.163 2.449 2.670 2.868 2.834 2.624 2.199 
4.750 10.760 -1.351 -0.199 0.879 1.533 2.129 2.419 2.635 2.819 2.782 2.580 2.148 
4.750 11.180 -1.365 -0.237 0.832 1.489 2.089 2.382 2.594 2.765 2.724 2.528 2.089 
4.750 11.820 -1.395 -0.297 0.766 1.424 2.027 2.322 2.530 2.691 2.648 2.454 2.006 
4.750 12.770 -1.419 -0.357 0.699 1.359 1.966 2.262 2.467 2.617 2.572 2.380 1.923 
4.750 14.140 -1.443 -0.417 0.633 1.294 1.904 2.202 2.403 2.543 2.496 2.306 1.839 
4.750 16.080 -1.492 -0.504 0.541 1.198 1.807 2.102 2.303 2.439 2.392 2.199 1.726 
4.750 18.740 -1.545 -0.595 0.445 1.097 1.703 1.995 2.196 2.329 2.283 2.086 1.607 
4.750 22.320 -1.598 -0.688 0.349 0.995 1.598 1.887 2.087 2.218 2.173 1.973 1.487 
4.750 27.040 -1.664 -0.792 0.237 0.877 1.476 1.762 1.962 2.090 2.043 1.841 1.353 
4.750 33.160 -1.747 -0.912 0.110 0.742 1.335 1.619 1.816 1.943 1.892 1.691 1.204 
4.750 41.050 -1.827 -1.032 -0.020 0.606 1.193 1.475 1.669 1.794 1.739 1.538 1.053 
4.750 51.110 -1.910 -1.154 -0.150 0.469 1.051 1.332 1.522 1.644 1.584 1.385 0.902 
4.750 63.890 -1.983 -1.265 -0.271 0.351 0.929 1.212 1.394 1.507 1.428 1.241 0.771 
4.750 80.060 -2.058 -1.379 -0.395 0.230 0.804 1.089 1.262 1.365 1.269 1.093 0.637 
4.750 100.500 -2.138 -1.498 -0.524 0.104 0.674 0.961 1.126 1.220 1.105 0.941 0.498 
4.750 126.290 -2.193 -1.590 -0.624 0.010 0.573 0.857 1.009 1.080 0.946 0.800 0.382 
4.750 158.810 -2.246 -1.681 -0.721 -0.080 0.475 0.754 0.891 0.934 0.780 0.657 0.267 
4.750 199.780 -2.299 -1.772 -0.818 -0.169 0.377 0.651 0.773 0.789 0.615 0.514 0.153 
4.750 251.390 -2.356 -1.870 -0.919 -0.268 0.266 0.529 0.636 0.620 0.429 0.351 0.023 
4.750 316.390 -2.431 -1.982 -1.028 -0.385 0.130 0.371 0.458 0.409 0.205 0.149 -0.134 
4.750 398.240 -2.504 -2.094 -1.138 -0.501 -0.007 0.214 0.281 0.197 -0.019 -0.052 -0.291 
4.750 501.290 -2.577 -2.205 -1.248 -0.618 -0.143 0.056 0.104 -0.015 -0.243 -0.253 -0.449 
4.750 631.040 -2.723 -2.390 -1.398 -0.746 -0.255 -0.048 0.002 -0.122 -0.360 -0.370 -0.607 
4.750 794.390 -2.873 -2.578 -1.551 -0.875 -0.365 -0.150 -0.097 -0.225 -0.472 -0.482 -0.766 
5.000 10.050 -0.905 0.227 1.265 1.845 2.381 2.638 2.849 3.072 3.060 2.812 2.456 
5.000 10.080 -0.914 0.218 1.254 1.836 2.373 2.631 2.840 3.056 3.044 2.800 2.442 
5.000 10.120 -0.922 0.210 1.243 1.826 2.365 2.624 2.830 3.040 3.027 2.787 2.428 
5.000 10.200 -0.930 0.201 1.232 1.816 2.356 2.617 2.821 3.024 3.011 2.775 2.413 
5.000 10.310 -0.940 0.178 1.205 1.792 2.335 2.598 2.798 2.989 2.976 2.745 2.379 
5.000 10.490 -0.956 0.146 1.167 1.758 2.305 2.571 2.766 2.942 2.930 2.704 2.331 
5.000 10.760 -0.961 0.114 1.130 1.724 2.275 2.544 2.734 2.895 2.883 2.663 2.284 
5.000 11.180 -0.974 0.076 1.087 1.684 2.239 2.509 2.695 2.842 2.830 2.614 2.229 
5.000 11.820 -1.003 0.020 1.025 1.625 2.182 2.452 2.635 2.772 2.758 2.544 2.151 
5.000 12.770 -1.025 -0.037 0.963 1.565 2.124 2.394 2.574 2.701 2.686 2.473 2.072 
5.000 14.140 -1.049 -0.094 0.901 1.504 2.066 2.336 2.513 2.630 2.613 2.401 1.993 
5.000 16.080 -1.093 -0.173 0.813 1.413 1.972 2.238 2.416 2.531 2.512 2.299 1.886 
5.000 18.740 -1.141 -0.257 0.722 1.316 1.871 2.134 2.312 2.428 2.407 2.192 1.773 
5.000 22.320 -1.189 -0.342 0.629 1.218 1.769 2.029 2.208 2.324 2.300 2.084 1.660 
5.000 27.040 -1.252 -0.440 0.522 1.104 1.651 1.908 2.087 2.203 2.175 1.960 1.533 
5.000 33.160 -1.326 -0.551 0.399 0.974 1.514 1.769 1.947 2.063 2.030 1.819 1.392 
5.000 41.050 -1.403 -0.664 0.273 0.841 1.375 1.629 1.806 1.922 1.883 1.676 1.249 
5.000 51.110 -1.484 -0.778 0.147 0.709 1.237 1.490 1.664 1.780 1.734 1.531 1.107 
5.000 63.890 -1.555 -0.888 0.028 0.594 1.118 1.374 1.539 1.644 1.581 1.391 0.982 
5.000 80.060 -1.632 -1.002 -0.094 0.477 0.997 1.255 1.410 1.506 1.424 1.248 0.853 
5.000 100.500 -1.715 -1.119 -0.221 0.355 0.871 1.132 1.278 1.363 1.263 1.100 0.720 
5.000 126.290 -1.776 -1.217 -0.320 0.264 0.774 1.031 1.163 1.223 1.102 0.959 0.608 
5.000 158.810 -1.838 -1.315 -0.417 0.179 0.680 0.930 1.046 1.076 0.933 0.813 0.495 
5.000 199.780 -1.901 -1.414 -0.513 0.093 0.586 0.829 0.930 0.929 0.764 0.667 0.382 
5.000 251.390 -1.972 -1.517 -0.613 -0.002 0.479 0.711 0.794 0.761 0.577 0.503 0.255 
5.000 316.390 -2.049 -1.632 -0.720 -0.114 0.347 0.557 0.620 0.551 0.353 0.302 0.101 
5.000 398.240 -2.127 -1.747 -0.827 -0.225 0.215 0.402 0.446 0.341 0.130 0.102 -0.052 
5.000 501.290 -2.208 -1.862 -0.934 -0.337 0.083 0.248 0.271 0.131 -0.094 -0.099 -0.206 
5.000 631.040 -2.345 -2.035 -1.073 -0.456 -0.021 0.151 0.175 0.029 -0.205 -0.210 -0.356 
5.000 794.390 -2.485 -2.210 -1.214 -0.574 -0.123 0.056 0.082 -0.068 -0.311 -0.317 -0.505 
5.250 10.050 -0.533 0.515 1.487 2.021 2.519 2.755 2.942 3.133 3.123 2.872 2.567 
5.250 10.080 -0.539 0.509 1.480 2.015 2.515 2.752 2.937 3.122 3.112 2.863 2.558 
5.250 10.120 -0.545 0.503 1.473 2.010 2.511 2.748 2.931 3.112 3.102 2.854 2.548 
5.250 10.200 -0.551 0.497 1.466 2.005 2.507 2.745 2.926 3.101 3.091 2.845 2.539 
5.250 10.310 -0.568 0.476 1.442 1.984 2.488 2.727 2.905 3.069 3.060 2.818 2.507 
5.250 10.490 -0.585 0.445 1.408 1.953 2.460 2.700 2.873 3.025 3.016 2.780 2.463 
5.250 10.760 -0.592 0.414 1.373 1.923 2.432 2.674 2.842 2.981 2.972 2.742 2.418 
5.250 11.180 -0.603 0.377 1.333 1.886 2.398 2.640 2.804 2.931 2.922 2.697 2.366 
5.250 11.820 -0.633 0.323 1.274 1.829 2.342 2.583 2.745 2.864 2.854 2.630 2.292 
5.250 12.770 -0.654 0.269 1.215 1.772 2.286 2.526 2.686 2.797 2.786 2.564 2.218 
5.250 14.140 -0.677 0.214 1.155 1.714 2.229 2.469 2.626 2.729 2.717 2.496 2.143 
5.250 16.080 -0.720 0.138 1.070 1.624 2.136 2.373 2.532 2.636 2.621 2.401 2.042 
5.250 18.740 -0.767 0.057 0.980 1.528 2.036 2.271 2.432 2.538 2.519 2.301 1.935 
5.250 22.320 -0.815 -0.025 0.890 1.432 1.935 2.167 2.331 2.439 2.417 2.200 1.827 
5.250 27.040 -0.874 -0.118 0.786 1.321 1.818 2.050 2.215 2.324 2.298 2.084 1.708 
5.250 33.160 -0.946 -0.225 0.666 1.193 1.684 1.917 2.082 2.192 2.159 1.952 1.575 
5.250 41.050 -1.020 -0.333 0.545 1.064 1.549 1.782 1.948 2.059 2.019 1.819 1.441 
5.250 51.110 -1.097 -0.442 0.423 0.935 1.414 1.648 1.813 1.924 1.877 1.683 1.306 
5.250 63.890 -1.169 -0.547 0.309 0.825 1.299 1.537 1.693 1.794 1.729 1.550 1.187 
5.250 80.060 -1.244 -0.656 0.191 0.711 1.181 1.422 1.570 1.660 1.579 1.413 1.065 
5.250 100.500 -1.324 -0.769 0.069 0.593 1.059 1.303 1.442 1.522 1.424 1.272 0.939 
5.250 126.290 -1.385 -0.863 -0.024 0.508 0.966 1.204 1.328 1.382 1.263 1.132 0.831 
5.250 158.810 -1.448 -0.959 -0.115 0.427 0.876 1.105 1.211 1.233 1.093 0.984 0.721 
5.250 199.780 -1.511 -1.054 -0.205 0.346 0.787 1.007 1.094 1.084 0.922 0.836 0.612 
5.250 251.390 -1.579 -1.156 -0.299 0.257 0.684 0.890 0.959 0.914 0.733 0.670 0.489 
5.250 316.390 -1.659 -1.268 -0.401 0.150 0.557 0.739 0.786 0.704 0.509 0.468 0.341 
5.250 398.240 -1.738 -1.381 -0.502 0.043 0.429 0.587 0.612 0.494 0.284 0.267 0.191 
5.250 501.290 -1.819 -1.493 -0.604 -0.063 0.302 0.436 0.439 0.285 0.060 0.065 0.043 
5.250 631.040 -1.946 -1.653 -0.732 -0.172 0.206 0.346 0.349 0.188 -0.045 -0.040 -0.098 
5.250 794.390 -2.075 -1.815 -0.860 -0.280 0.112 0.258 0.263 0.096 -0.145 -0.141 -0.238 
5.500 10.050 -0.165 0.803 1.708 2.196 2.657 2.872 3.035 3.195 3.186 2.931 2.678 
5.500 10.080 -0.168 0.800 1.705 2.196 2.657 2.872 3.034 3.189 3.181 2.926 2.673 
5.500 10.120 -0.171 0.797 1.703 2.195 2.657 2.872 3.032 3.184 3.177 2.920 2.669 
5.500 10.200 -0.174 0.794 1.700 2.193 2.657 2.872 3.031 3.178 3.172 2.915 2.664 
5.500 10.310 -0.194 0.774 1.680 2.176 2.641 2.856 3.011 3.150 3.145 2.891 2.636 
5.500 10.490 -0.219 0.744 1.648 2.149 2.615 2.830 2.981 3.108 3.103 2.856 2.594 
5.500 10.760 -0.235 0.714 1.616 2.122 2.590 2.803 2.950 3.066 3.062 2.821 2.552 
5.500 11.180 -0.242 0.679 1.579 2.088 2.557 2.770 2.913 3.019 3.015 2.780 2.503 
5.500 11.820 -0.269 0.627 1.522 2.033 2.502 2.714 2.856 2.956 2.951 2.717 2.434 
5.500 12.770 -0.291 0.575 1.466 1.979 2.447 2.658 2.798 2.893 2.886 2.655 2.364 
5.500 14.140 -0.311 0.523 1.409 1.924 2.392 2.602 2.740 2.829 2.821 2.592 2.294 
5.500 16.080 -0.354 0.449 1.326 1.835 2.300 2.508 2.649 2.740 2.729 2.503 2.197 
5.500 18.740 -0.399 0.371 1.239 1.741 2.201 2.408 2.552 2.647 2.632 2.409 2.097 
5.500 22.320 -0.446 0.293 1.151 1.646 2.101 2.307 2.454 2.554 2.534 2.315 1.995 
5.500 27.040 -0.502 0.203 1.050 1.537 1.986 2.193 2.343 2.445 2.420 2.208 1.882 
5.500 33.160 -0.572 0.101 0.934 1.412 1.855 2.065 2.218 2.322 2.289 2.085 1.758 
5.500 41.050 -0.643 -0.002 0.816 1.286 1.723 1.935 2.091 2.196 2.156 1.961 1.631 
5.500 51.110 -0.717 -0.106 0.698 1.161 1.591 1.806 1.963 2.069 2.020 1.836 1.505 
5.500 63.890 -0.786 -0.207 0.589 1.055 1.480 1.699 1.848 1.943 1.878 1.709 1.393 
5.500 80.060 -0.860 -0.310 0.477 0.946 1.365 1.588 1.729 1.814 1.733 1.579 1.277 
5.500 100.500 -0.937 -0.418 0.360 0.832 1.247 1.474 1.606 1.681 1.584 1.445 1.157 
5.500 126.290 -0.998 -0.509 0.272 0.752 1.158 1.377 1.493 1.541 1.424 1.305 1.053 
5.500 158.810 -1.062 -0.602 0.188 0.676 1.072 1.281 1.376 1.390 1.251 1.155 0.948 
5.500 199.780 -1.125 -0.695 0.103 0.599 0.987 1.184 1.259 1.239 1.079 1.004 0.843 
5.500 251.390 -1.192 -0.794 0.014 0.515 0.889 1.070 1.123 1.068 0.889 0.836 0.724 
5.500 316.390 -1.274 -0.904 -0.082 0.413 0.766 0.921 0.951 0.858 0.664 0.634 0.580 
5.500 398.240 -1.355 -1.015 -0.178 0.312 0.643 0.773 0.779 0.648 0.440 0.432 0.435 
5.500 501.290 -1.434 -1.125 -0.274 0.211 0.520 0.624 0.607 0.438 0.215 0.229 0.291 
5.500 631.040 -1.552 -1.271 -0.390 0.112 0.433 0.540 0.523 0.347 0.115 0.130 0.159 
5.500 794.390 -1.670 -1.420 -0.506 0.014 0.347 0.460 0.443 0.261 0.020 0.035 0.028 
5.750 10.050 0.161 1.057 1.908 2.360 2.785 2.978 3.123 3.253 3.242 2.982 2.779 
5.750 10.080 0.159 1.055 1.906 2.359 2.785 2.978 3.122 3.250 3.239 2.977 2.776 
5.750 10.120 0.157 1.053 1.904 2.358 2.785 2.978 3.120 3.246 3.235 2.973 2.772 
5.750 10.200 0.154 1.050 1.902 2.358 2.785 2.977 3.119 3.242 3.231 2.969 2.769 
5.750 10.310 0.139 1.035 1.886 2.345 2.773 2.965 3.104 3.221 3.211 2.950 2.747 
5.750 10.490 0.115 1.011 1.862 2.324 2.753 2.945 3.080 3.189 3.179 2.923 2.714 
5.750 10.760 0.096 0.986 1.837 2.304 2.733 2.924 3.056 3.157 3.147 2.895 2.681 
5.750 11.180 0.086 0.955 1.806 2.275 2.705 2.896 3.024 3.118 3.108 2.860 2.640 
5.750 11.820 0.063 0.904 1.750 2.221 2.651 2.840 2.968 3.057 3.046 2.802 2.572 
5.750 12.770 0.037 0.852 1.695 2.168 2.597 2.785 2.911 2.996 2.984 2.743 2.504 
5.750 14.140 0.017 0.799 1.639 2.114 2.542 2.729 2.854 2.934 2.922 2.683 2.437 
5.750 16.080 -0.027 0.725 1.556 2.025 2.450 2.636 2.764 2.847 2.831 2.598 2.342 
5.750 18.740 -0.073 0.647 1.469 1.931 2.351 2.537 2.668 2.754 2.735 2.508 2.244 
5.750 22.320 -0.121 0.568 1.380 1.836 2.252 2.436 2.571 2.660 2.639 2.417 2.144 
5.750 27.040 -0.181 0.479 1.280 1.728 2.138 2.324 2.462 2.554 2.527 2.314 2.035 
5.750 33.160 -0.252 0.379 1.166 1.604 2.008 2.199 2.340 2.433 2.400 2.197 1.915 
5.750 41.050 -0.325 0.277 1.050 1.479 1.877 2.071 2.216 2.310 2.271 2.079 1.793 
5.750 51.110 -0.399 0.175 0.933 1.355 1.746 1.945 2.091 2.186 2.139 1.959 1.670 
5.750 63.890 -0.470 0.076 0.826 1.251 1.636 1.838 1.978 2.064 2.002 1.837 1.562 
5.750 80.060 -0.544 -0.026 0.717 1.143 1.523 1.729 1.862 1.938 1.862 1.712 1.449 
5.750 100.500 -0.622 -0.132 0.602 1.032 1.406 1.615 1.741 1.808 1.717 1.583 1.333 
5.750 126.290 -0.684 -0.222 0.518 0.954 1.319 1.520 1.629 1.672 1.560 1.446 1.233 
5.750 158.810 -0.747 -0.312 0.437 0.881 1.236 1.424 1.513 1.525 1.391 1.298 1.131 
5.750 199.780 -0.810 -0.403 0.356 0.808 1.153 1.329 1.397 1.377 1.222 1.150 1.029 
5.750 251.390 -0.880 -0.499 0.272 0.726 1.058 1.216 1.263 1.211 1.035 0.984 0.914 
5.750 316.390 -0.961 -0.606 0.179 0.628 0.938 1.070 1.093 1.005 0.814 0.784 0.775 
5.750 398.240 -1.040 -0.714 0.087 0.531 0.819 0.924 0.924 0.800 0.593 0.584 0.635 
5.750 501.290 -1.121 -0.821 -0.006 0.433 0.699 0.778 0.754 0.595 0.371 0.384 0.495 
5.750 631.040 -1.229 -0.957 -0.112 0.342 0.618 0.700 0.675 0.509 0.277 0.290 0.370 
5.750 794.390 -1.339 -1.094 -0.218 0.252 0.539 0.625 0.600 0.429 0.188 0.201 0.247 
6.000 10.050 0.485 1.312 2.107 2.523 2.912 3.084 3.210 3.312 3.298 3.032 2.880 
6.000 10.080 0.483 1.310 2.106 2.523 2.913 3.084 3.210 3.310 3.296 3.029 2.878 
6.000 10.120 0.482 1.309 2.105 2.523 2.913 3.083 3.209 3.308 3.294 3.026 2.876 
6.000 10.200 0.480 1.307 2.103 2.522 2.913 3.083 3.208 3.306 3.292 3.022 2.874 
6.000 10.310 0.468 1.295 2.093 2.514 2.905 3.074 3.197 3.291 3.277 3.009 2.858 
6.000 10.490 0.450 1.277 2.076 2.500 2.891 3.060 3.179 3.270 3.255 2.989 2.835 
6.000 10.760 0.432 1.259 2.059 2.485 2.877 3.045 3.162 3.248 3.232 2.970 2.811 
6.000 11.180 0.409 1.232 2.032 2.462 2.853 3.021 3.135 3.217 3.201 2.941 2.777 
6.000 11.820 0.382 1.180 1.978 2.409 2.799 2.966 3.079 3.158 3.142 2.886 2.711 
6.000 12.770 0.360 1.128 1.924 2.357 2.746 2.911 3.024 3.100 3.083 2.831 2.645 
6.000 14.140 0.337 1.076 1.869 2.304 2.692 2.855 2.967 3.040 3.023 2.775 2.579 
6.000 16.080 0.293 1.001 1.786 2.215 2.600 2.764 2.878 2.953 2.934 2.693 2.487 
6.000 18.740 0.244 0.923 1.699 2.122 2.502 2.665 2.783 2.860 2.839 2.606 2.391 
6.000 22.320 0.194 0.844 1.610 2.027 2.403 2.566 2.688 2.767 2.744 2.519 2.294 
6.000 27.040 0.134 0.755 1.510 1.919 2.290 2.456 2.581 2.662 2.635 2.420 2.187 
6.000 33.160 0.062 0.657 1.397 1.797 2.161 2.333 2.462 2.544 2.511 2.309 2.071 
6.000 41.050 -0.012 0.557 1.283 1.673 2.031 2.207 2.341 2.424 2.386 2.196 1.954 
6.000 51.110 -0.087 0.455 1.168 1.549 1.902 2.083 2.220 2.303 2.258 2.082 1.836 
6.000 63.890 -0.158 0.358 1.064 1.447 1.793 1.977 2.109 2.184 2.126 1.965 1.730 
6.000 80.060 -0.233 0.258 0.956 1.341 1.681 1.869 1.994 2.062 1.990 1.845 1.622 
6.000 100.500 -0.311 0.153 0.845 1.231 1.565 1.756 1.876 1.936 1.849 1.721 1.509 
6.000 126.290 -0.374 0.066 0.764 1.156 1.480 1.662 1.766 1.803 1.697 1.587 1.412 
6.000 158.810 -0.437 -0.022 0.687 1.086 1.400 1.568 1.651 1.660 1.531 1.441 1.314 
6.000 199.780 -0.501 -0.110 0.610 1.016 1.319 1.473 1.536 1.516 1.365 1.295 1.216 
6.000 251.390 -0.571 -0.204 0.529 0.937 1.227 1.362 1.403 1.354 1.182 1.132 1.105 
6.000 316.390 -0.650 -0.308 0.440 0.843 1.111 1.219 1.236 1.153 0.964 0.934 0.970 
6.000 398.240 -0.730 -0.413 0.351 0.749 0.994 1.075 1.068 0.952 0.746 0.737 0.834 
6.000 501.290 -0.811 -0.517 0.263 0.655 0.878 0.932 0.900 0.751 0.528 0.539 0.698 
6.000 631.040 -0.911 -0.642 0.167 0.573 0.804 0.859 0.827 0.671 0.439 0.451 0.582 
6.000 794.390 -1.012 -0.768 0.070 0.491 0.731 0.790 0.757 0.597 0.356 0.368 0.466 
6.250 10.050 0.769 1.536 2.279 2.661 3.018 3.173 3.289 3.376 3.357 3.088 2.983 
6.250 10.080 0.768 1.535 2.278 2.660 3.018 3.173 3.288 3.375 3.355 3.086 2.982 
6.250 10.120 0.767 1.534 2.278 2.660 3.018 3.173 3.288 3.374 3.354 3.085 2.981 
6.250 10.200 0.766 1.533 2.277 2.660 3.018 3.173 3.287 3.372 3.353 3.083 2.979 
6.250 10.310 0.759 1.526 2.271 2.655 3.014 3.168 3.281 3.365 3.345 3.074 2.970 
6.250 10.490 0.749 1.515 2.262 2.649 3.007 3.161 3.272 3.353 3.333 3.062 2.957 
6.250 10.760 0.738 1.505 2.252 2.642 3.000 3.154 3.263 3.342 3.321 3.049 2.943 
6.250 11.180 0.718 1.485 2.233 2.624 2.983 3.136 3.243 3.320 3.299 3.027 2.917 
6.250 11.820 0.668 1.435 2.182 2.575 2.933 3.085 3.191 3.264 3.243 2.977 2.855 
6.250 12.770 0.647 1.384 2.131 2.526 2.883 3.033 3.138 3.209 3.188 2.927 2.793 
6.250 14.140 0.626 1.334 2.080 2.476 2.833 2.982 3.084 3.154 3.132 2.876 2.731 
6.250 16.080 0.581 1.256 1.995 2.387 2.741 2.889 2.995 3.064 3.041 2.794 2.637 
6.250 18.740 0.528 1.173 1.904 2.292 2.641 2.790 2.899 2.969 2.943 2.706 2.538 
6.250 22.320 0.472 1.089 1.813 2.195 2.541 2.690 2.802 2.872 2.845 2.617 2.437 
6.250 27.040 0.407 0.997 1.711 2.085 2.427 2.578 2.695 2.765 2.735 2.519 2.330 
6.250 33.160 0.334 0.896 1.597 1.962 2.298 2.454 2.575 2.645 2.611 2.409 2.213 
6.250 41.050 0.255 0.793 1.481 1.837 2.168 2.327 2.453 2.524 2.486 2.298 2.096 
6.250 51.110 0.175 0.689 1.365 1.713 2.037 2.201 2.331 2.401 2.358 2.185 1.977 
6.250 63.890 0.099 0.590 1.260 1.609 1.926 2.093 2.218 2.281 2.226 2.070 1.872 
6.250 80.060 0.020 0.488 1.151 1.501 1.812 1.981 2.101 2.158 2.090 1.951 1.762 
6.250 100.500 -0.065 0.382 1.038 1.389 1.693 1.864 1.981 2.030 1.951 1.828 1.649 
6.250 126.290 -0.130 0.294 0.957 1.313 1.607 1.768 1.869 1.899 1.802 1.696 1.553 
6.250 158.810 -0.197 0.206 0.879 1.242 1.526 1.672 1.753 1.758 1.640 1.552 1.456 
6.250 199.780 -0.263 0.118 0.803 1.171 1.444 1.576 1.637 1.617 1.479 1.409 1.359 
6.250 251.390 -0.333 0.025 0.722 1.093 1.351 1.465 1.504 1.457 1.300 1.248 1.249 
6.250 316.390 -0.415 -0.078 0.634 1.000 1.236 1.322 1.337 1.261 1.087 1.054 1.116 
6.250 398.240 -0.498 -0.182 0.546 0.907 1.120 1.179 1.170 1.064 0.874 0.860 0.983 
6.250 501.290 -0.579 -0.285 0.459 0.814 1.004 1.036 1.004 0.867 0.661 0.665 0.850 
6.250 631.040 -0.673 -0.402 0.369 0.737 0.935 0.967 0.934 0.791 0.577 0.582 0.739 
6.250 794.390 -0.769 -0.519 0.280 0.662 0.866 0.902 0.868 0.721 0.499 0.503 0.629 
6.500 10.050 1.052 1.760 2.451 2.798 3.123 3.263 3.367 3.440 3.415 3.144 3.086 
6.500 10.080 1.052 1.759 2.451 2.798 3.123 3.263 3.367 3.440 3.415 3.144 3.086 
6.500 10.120 1.052 1.759 2.451 2.798 3.123 3.263 3.367 3.439 3.415 3.144 3.086 
6.500 10.200 1.051 1.759 2.450 2.797 3.122 3.262 3.366 3.439 3.414 3.143 3.085 
6.500 10.310 1.049 1.757 2.449 2.797 3.123 3.262 3.366 3.438 3.413 3.140 3.083 
6.500 10.490 1.046 1.754 2.448 2.798 3.124 3.262 3.365 3.437 3.411 3.134 3.079 
6.500 10.760 1.043 1.750 2.446 2.798 3.124 3.262 3.363 3.435 3.410 3.129 3.075 
6.500 11.180 1.029 1.736 2.433 2.787 3.114 3.251 3.351 3.422 3.396 3.114 3.058 
6.500 11.820 0.981 1.689 2.386 2.741 3.067 3.203 3.302 3.371 3.344 3.068 2.999 
6.500 12.770 0.933 1.641 2.338 2.696 3.021 3.156 3.252 3.319 3.292 3.023 2.941 
6.500 14.140 0.907 1.592 2.291 2.650 2.974 3.107 3.202 3.267 3.240 2.977 2.882 
6.500 16.080 0.860 1.510 2.204 2.559 2.881 3.015 3.112 3.176 3.147 2.895 2.786 
6.500 18.740 0.805 1.423 2.110 2.461 2.780 2.915 3.014 3.077 3.048 2.806 2.684 
6.500 22.320 0.745 1.334 2.016 2.363 2.679 2.813 2.916 2.977 2.947 2.716 2.582 
6.500 27.040 0.676 1.239 1.912 2.252 2.564 2.701 2.808 2.868 2.835 2.617 2.472 
6.500 33.160 0.597 1.135 1.797 2.128 2.435 2.575 2.688 2.746 2.711 2.510 2.355 
6.500 41.050 0.516 1.030 1.680 2.002 2.304 2.447 2.566 2.624 2.585 2.400 2.237 
6.500 51.110 0.431 0.924 1.563 1.877 2.173 2.320 2.443 2.499 2.457 2.289 2.119 
6.500 63.890 0.351 0.823 1.456 1.770 2.060 2.208 2.327 2.378 2.326 2.175 2.013 
6.500 80.060 0.265 0.719 1.346 1.660 1.943 2.092 2.208 2.253 2.192 2.057 1.903 
6.500 100.500 0.179 0.610 1.231 1.547 1.822 1.973 2.085 2.124 2.053 1.935 1.789 
6.500 126.290 0.110 0.522 1.150 1.469 1.734 1.875 1.972 1.994 1.907 1.805 1.694 
6.500 158.810 0.042 0.435 1.072 1.398 1.652 1.777 1.855 1.856 1.750 1.663 1.598 
6.500 199.780 -0.027 0.347 0.995 1.327 1.569 1.679 1.739 1.718 1.593 1.522 1.502 
6.500 251.390 -0.102 0.254 0.915 1.249 1.476 1.567 1.605 1.561 1.418 1.364 1.394 
6.500 316.390 -0.185 0.151 0.828 1.157 1.361 1.425 1.439 1.368 1.210 1.173 1.263 
6.500 398.240 -0.269 0.049 0.741 1.065 1.246 1.283 1.273 1.175 1.002 0.983 1.133 
6.500 501.290 -0.353 -0.053 0.655 0.973 1.131 1.141 1.107 0.983 0.794 0.792 1.002 
6.500 631.040 -0.442 -0.161 0.572 0.902 1.066 1.076 1.041 0.912 0.715 0.713 0.896 
6.500 794.390 -0.532 -0.270 0.490 0.832 1.002 1.014 0.979 0.845 0.642 0.639 0.792 
6.750 10.050 1.289 1.945 2.588 2.910 3.215 3.343 3.436 3.501 3.466 3.186 3.177 
6.750 10.080 1.289 1.945 2.588 2.910 3.215 3.343 3.436 3.501 3.466 3.186 3.176 
6.750 10.120 1.289 1.945 2.588 2.910 3.215 3.342 3.436 3.500 3.466 3.186 3.176 
6.750 10.200 1.288 1.944 2.587 2.909 3.214 3.342 3.435 3.500 3.466 3.185 3.176 
6.750 10.310 1.287 1.943 2.586 2.909 3.214 3.342 3.435 3.499 3.465 3.183 3.174 
6.750 10.490 1.285 1.941 2.585 2.909 3.215 3.341 3.434 3.498 3.464 3.179 3.171 
6.750 10.760 1.283 1.939 2.584 2.909 3.215 3.341 3.433 3.497 3.462 3.176 3.169 
6.750 11.180 1.275 1.930 2.576 2.902 3.208 3.334 3.426 3.489 3.454 3.166 3.158 
6.750 11.820 1.247 1.902 2.550 2.877 3.182 3.308 3.398 3.460 3.425 3.139 3.125 
6.750 12.770 1.219 1.874 2.522 2.851 3.156 3.281 3.370 3.430 3.395 3.111 3.091 
6.750 14.140 1.190 1.846 2.495 2.824 3.129 3.254 3.341 3.400 3.365 3.083 3.056 
6.750 16.080 1.117 1.760 2.406 2.733 3.036 3.161 3.250 3.308 3.272 3.002 2.958 
6.750 18.740 1.060 1.665 2.307 2.631 2.931 3.056 3.148 3.204 3.168 2.911 2.849 
6.750 22.320 0.997 1.568 2.208 2.527 2.826 2.950 3.044 3.100 3.064 2.820 2.739 
6.750 27.040 0.920 1.465 2.098 2.412 2.707 2.833 2.931 2.985 2.948 2.720 2.624 
6.750 33.160 0.835 1.354 1.977 2.283 2.574 2.702 2.805 2.859 2.819 2.609 2.502 
6.750 41.050 0.744 1.243 1.855 2.152 2.439 2.569 2.678 2.731 2.689 2.497 2.379 
6.750 51.110 0.651 1.129 1.733 2.022 2.304 2.437 2.549 2.601 2.557 2.383 2.256 
6.750 63.890 0.566 1.025 1.622 1.910 2.185 2.318 2.428 2.476 2.424 2.268 2.147 
6.750 80.060 0.476 0.917 1.508 1.794 2.062 2.195 2.304 2.348 2.288 2.151 2.035 
6.750 100.500 0.382 0.805 1.390 1.674 1.936 2.069 2.175 2.216 2.148 2.028 1.918 
6.750 126.290 0.310 0.717 1.305 1.593 1.843 1.967 2.061 2.088 2.005 1.901 1.823 
6.750 158.810 0.241 0.630 1.226 1.519 1.756 1.866 1.943 1.953 1.853 1.764 1.727 
6.750 199.780 0.169 0.543 1.147 1.445 1.668 1.765 1.826 1.818 1.700 1.627 1.631 
6.750 251.390 0.094 0.451 1.065 1.364 1.571 1.651 1.693 1.665 1.531 1.473 1.525 
6.750 316.390 0.008 0.350 0.978 1.272 1.455 1.509 1.529 1.476 1.328 1.287 1.396 
6.750 398.240 -0.075 0.249 0.891 1.180 1.339 1.367 1.365 1.288 1.125 1.100 1.268 
6.750 501.290 -0.161 0.148 0.805 1.088 1.223 1.225 1.201 1.099 0.922 0.914 1.139 
6.750 631.040 -0.246 0.047 0.728 1.021 1.161 1.163 1.139 1.033 0.848 0.840 1.038 
6.750 794.390 -0.332 -0.054 0.651 0.955 1.101 1.105 1.080 0.971 0.779 0.770 0.938 
7.000 10.050 1.523 2.131 2.725 3.022 3.307 3.423 3.505 3.562 3.518 3.228 3.267 
7.000 10.080 1.523 2.130 2.725 3.022 3.307 3.423 3.505 3.562 3.518 3.228 3.267 
7.000 10.120 1.522 2.130 2.725 3.022 3.307 3.422 3.505 3.561 3.518 3.228 3.266 
7.000 10.200 1.522 2.130 2.724 3.021 3.306 3.422 3.504 3.561 3.517 3.227 3.266 
7.000 10.310 1.521 2.129 2.724 3.021 3.306 3.421 3.504 3.560 3.517 3.226 3.265 
7.000 10.490 1.520 2.128 2.723 3.021 3.306 3.421 3.503 3.560 3.516 3.224 3.264 
7.000 10.760 1.519 2.127 2.722 3.020 3.305 3.420 3.502 3.559 3.515 3.223 3.263 
7.000 11.180 1.516 2.124 2.720 3.018 3.303 3.418 3.500 3.556 3.513 3.219 3.259 
7.000 11.820 1.509 2.116 2.713 3.012 3.297 3.413 3.494 3.549 3.505 3.209 3.250 
7.000 12.770 1.500 2.108 2.706 3.006 3.291 3.407 3.488 3.542 3.498 3.199 3.240 
7.000 14.140 1.492 2.099 2.699 2.999 3.285 3.401 3.481 3.534 3.490 3.188 3.230 
7.000 16.080 1.402 2.010 2.608 2.907 3.191 3.306 3.388 3.440 3.397 3.109 3.129 
7.000 18.740 1.300 1.906 2.504 2.800 3.082 3.197 3.281 3.332 3.289 3.017 3.014 
7.000 22.320 1.235 1.802 2.399 2.692 2.972 3.087 3.172 3.222 3.180 2.924 2.897 
7.000 27.040 1.157 1.691 2.284 2.572 2.850 2.965 3.054 3.103 3.060 2.822 2.775 
7.000 33.160 1.065 1.574 2.158 2.438 2.713 2.829 2.922 2.971 2.927 2.708 2.649 
7.000 41.050 0.967 1.455 2.031 2.302 2.574 2.691 2.790 2.838 2.793 2.593 2.520 
7.000 51.110 0.867 1.335 1.903 2.167 2.435 2.554 2.656 2.703 2.657 2.477 2.392 
7.000 63.890 0.777 1.227 1.788 2.049 2.310 2.428 2.529 2.575 2.522 2.362 2.281 
7.000 80.060 0.681 1.116 1.670 1.927 2.182 2.299 2.399 2.444 2.384 2.245 2.166 
7.000 100.500 0.580 1.000 1.548 1.802 2.050 2.166 2.265 2.308 2.242 2.123 2.048 
7.000 126.290 0.507 0.911 1.461 1.717 1.952 2.059 2.149 2.181 2.102 1.998 1.952 
7.000 158.810 0.434 0.825 1.380 1.640 1.860 1.955 2.031 2.050 1.955 1.865 1.856 
7.000 199.780 0.361 0.739 1.299 1.562 1.768 1.851 1.914 1.918 1.808 1.731 1.761 
7.000 251.390 0.284 0.648 1.216 1.480 1.668 1.735 1.781 1.768 1.644 1.581 1.655 
7.000 316.390 0.198 0.549 1.129 1.388 1.550 1.593 1.619 1.584 1.445 1.400 1.529 
7.000 398.240 0.112 0.449 1.042 1.295 1.433 1.451 1.458 1.400 1.247 1.218 1.403 
7.000 501.290 0.026 0.350 0.955 1.203 1.315 1.310 1.296 1.216 1.049 1.036 1.276 
7.000 631.040 -0.056 0.256 0.883 1.140 1.256 1.251 1.237 1.154 0.980 0.967 1.180 
7.000 794.390 -0.137 0.162 0.812 1.079 1.199 1.195 1.182 1.096 0.916 0.902 1.086 
7.250 10.050 1.711 2.277 2.829 3.109 3.384 3.492 3.571 3.626 3.581 3.270 3.345 
7.250 10.080 1.711 2.277 2.829 3.109 3.384 3.492 3.571 3.626 3.581 3.270 3.344 
7.250 10.120 1.710 2.276 2.829 3.108 3.384 3.492 3.570 3.626 3.580 3.270 3.344 
7.250 10.200 1.710 2.276 2.828 3.108 3.383 3.491 3.570 3.625 3.580 3.269 3.343 
7.250 10.310 1.709 2.275 2.828 3.107 3.383 3.491 3.569 3.625 3.580 3.268 3.343 
7.250 10.490 1.708 2.274 2.827 3.107 3.382 3.490 3.569 3.624 3.579 3.267 3.342 
7.250 10.760 1.707 2.273 2.826 3.106 3.382 3.490 3.568 3.624 3.578 3.266 3.341 
7.250 11.180 1.705 2.271 2.825 3.105 3.380 3.488 3.567 3.622 3.576 3.263 3.338 
7.250 11.820 1.700 2.266 2.821 3.102 3.378 3.486 3.563 3.617 3.571 3.254 3.332 
7.250 12.770 1.695 2.261 2.816 3.098 3.375 3.483 3.560 3.612 3.566 3.246 3.326 
7.250 14.140 1.689 2.255 2.811 3.094 3.371 3.479 3.556 3.607 3.560 3.236 3.319 
7.250 16.080 1.625 2.191 2.748 3.029 3.305 3.414 3.491 3.542 3.495 3.181 3.249 
7.250 18.740 1.551 2.117 2.675 2.954 3.229 3.337 3.416 3.465 3.420 3.118 3.167 
7.250 22.320 1.477 2.043 2.601 2.879 3.152 3.260 3.340 3.388 3.344 3.055 3.085 
7.250 27.040 1.402 1.939 2.494 2.767 3.039 3.147 3.229 3.277 3.232 2.961 2.973 
7.250 33.160 1.299 1.802 2.352 2.617 2.886 2.995 3.081 3.128 3.081 2.836 2.829 
7.250 41.050 1.183 1.665 2.208 2.466 2.732 2.841 2.930 2.977 2.929 2.708 2.683 
7.250 51.110 1.064 1.527 2.064 2.315 2.578 2.688 2.780 2.827 2.777 2.580 2.538 
7.250 63.890 0.963 1.411 1.941 2.187 2.444 2.553 2.644 2.691 2.636 2.462 2.420 
7.250 80.060 0.857 1.292 1.814 2.055 2.307 2.415 2.506 2.553 2.492 2.340 2.298 
7.250 100.500 0.746 1.168 1.683 1.919 2.165 2.273 2.364 2.410 2.343 2.214 2.171 
7.250 126.290 0.668 1.078 1.591 1.826 2.060 2.163 2.246 2.283 2.205 2.092 2.073 
7.250 158.810 0.594 0.992 1.507 1.743 1.963 2.057 2.130 2.155 2.062 1.963 1.978 
7.250 199.780 0.520 0.907 1.422 1.660 1.865 1.952 2.014 2.027 1.919 1.834 1.883 
7.250 251.390 0.442 0.817 1.336 1.572 1.759 1.834 1.884 1.880 1.759 1.689 1.778 
7.250 316.390 0.354 0.720 1.248 1.478 1.639 1.692 1.724 1.700 1.564 1.512 1.653 
7.250 398.240 0.267 0.622 1.159 1.382 1.519 1.550 1.565 1.519 1.370 1.335 1.528 
7.250 501.290 0.178 0.524 1.071 1.288 1.398 1.409 1.405 1.338 1.175 1.158 1.403 
7.250 631.040 0.101 0.437 1.003 1.228 1.342 1.353 1.350 1.280 1.111 1.092 1.311 
7.250 794.390 0.025 0.350 0.936 1.169 1.288 1.301 1.299 1.227 1.051 1.032 1.221 
7.500 10.050 1.893 2.422 2.933 3.195 3.461 3.562 3.636 3.691 3.644 3.312 3.422 
7.500 10.080 1.893 2.422 2.933 3.195 3.461 3.562 3.636 3.691 3.644 3.312 3.422 
7.500 10.120 1.893 2.422 2.933 3.195 3.461 3.561 3.636 3.690 3.643 3.312 3.421 
7.500 10.200 1.892 2.422 2.932 3.194 3.461 3.561 3.635 3.690 3.643 3.311 3.421 
7.500 10.310 1.892 2.421 2.932 3.194 3.460 3.560 3.635 3.689 3.643 3.311 3.421 
7.500 10.490 1.891 2.420 2.931 3.193 3.459 3.560 3.634 3.689 3.642 3.310 3.420 
7.500 10.760 1.890 2.420 2.930 3.192 3.458 3.559 3.633 3.688 3.641 3.309 3.419 
7.500 11.180 1.889 2.418 2.929 3.192 3.458 3.558 3.633 3.687 3.640 3.307 3.418 
7.500 11.820 1.887 2.416 2.928 3.191 3.458 3.558 3.633 3.685 3.637 3.300 3.415 
7.500 12.770 1.884 2.413 2.926 3.190 3.458 3.558 3.632 3.683 3.634 3.292 3.412 
7.500 14.140 1.880 2.410 2.924 3.189 3.457 3.558 3.631 3.681 3.630 3.284 3.408 
7.500 16.080 1.843 2.372 2.888 3.152 3.420 3.521 3.595 3.643 3.593 3.254 3.368 
7.500 18.740 1.799 2.328 2.846 3.109 3.377 3.477 3.552 3.599 3.550 3.220 3.321 
7.500 22.320 1.755 2.284 2.803 3.065 3.332 3.433 3.508 3.553 3.507 3.185 3.273 
7.500 27.040 1.657 2.186 2.705 2.963 3.229 3.329 3.406 3.450 3.403 3.101 3.170 
7.500 33.160 1.514 2.031 2.546 2.797 3.060 3.161 3.239 3.284 3.235 2.963 3.009 
7.500 41.050 1.391 1.874 2.385 2.630 2.890 2.991 3.071 3.116 3.066 2.824 2.845 
7.500 51.110 1.257 1.719 2.226 2.464 2.721 2.822 2.903 2.950 2.897 2.684 2.684 
7.500 63.890 1.146 1.595 2.094 2.324 2.578 2.678 2.760 2.807 2.749 2.561 2.558 
7.500 80.060 1.030 1.468 1.958 2.182 2.431 2.531 2.613 2.661 2.599 2.435 2.429 
7.500 100.500 0.909 1.336 1.818 2.036 2.280 2.381 2.462 2.511 2.445 2.305 2.296 
7.500 126.290 0.826 1.244 1.721 1.936 2.169 2.267 2.343 2.385 2.307 2.185 2.195 
7.500 158.810 0.750 1.160 1.633 1.847 2.065 2.159 2.229 2.260 2.169 2.061 2.100 
7.500 199.780 0.675 1.075 1.546 1.757 1.962 2.052 2.115 2.135 2.030 1.938 2.005 
7.500 251.390 0.594 0.987 1.458 1.665 1.851 1.933 1.986 1.993 1.874 1.797 1.900 
7.500 316.390 0.505 0.891 1.367 1.568 1.728 1.791 1.829 1.815 1.683 1.625 1.776 
7.500 398.240 0.416 0.795 1.277 1.470 1.605 1.649 1.672 1.638 1.492 1.452 1.653 
7.500 501.290 0.327 0.698 1.187 1.372 1.481 1.508 1.515 1.460 1.302 1.279 1.529 
7.500 631.040 0.253 0.617 1.123 1.315 1.428 1.456 1.463 1.406 1.241 1.219 1.442 
7.500 794.390 0.180 0.537 1.061 1.260 1.377 1.408 1.417 1.358 1.187 1.162 1.357 
7.750 10.050 2.028 2.525 2.996 3.245 3.508 3.606 3.683 3.738 3.693 3.348 3.484 
7.750 10.080 2.028 2.525 2.995 3.245 3.508 3.605 3.683 3.738 3.693 3.347 3.484 
7.750 10.120 2.027 2.525 2.995 3.244 3.507 3.605 3.682 3.738 3.692 3.347 3.484 
7.750 10.200 2.027 2.524 2.995 3.244 3.507 3.605 3.682 3.737 3.692 3.347 3.484 
7.750 10.310 2.026 2.524 2.994 3.243 3.506 3.604 3.681 3.737 3.691 3.346 3.483 
7.750 10.490 2.026 2.523 2.994 3.243 3.506 3.603 3.681 3.736 3.691 3.345 3.482 
7.750 10.760 2.025 2.522 2.993 3.242 3.505 3.603 3.680 3.735 3.690 3.345 3.482 
7.750 11.180 2.024 2.521 2.992 3.241 3.504 3.602 3.679 3.734 3.689 3.343 3.480 
7.750 11.820 2.022 2.519 2.990 3.240 3.504 3.601 3.678 3.733 3.687 3.339 3.478 
7.750 12.770 2.019 2.517 2.989 3.239 3.503 3.600 3.677 3.731 3.684 3.334 3.476 
7.750 14.140 2.017 2.514 2.987 3.237 3.501 3.599 3.676 3.729 3.682 3.329 3.473 
7.750 16.080 1.996 2.494 2.967 3.218 3.482 3.580 3.657 3.708 3.661 3.310 3.452 
7.750 18.740 1.972 2.470 2.945 3.195 3.460 3.558 3.635 3.684 3.637 3.289 3.427 
7.750 22.320 1.947 2.445 2.922 3.171 3.437 3.536 3.612 3.658 3.612 3.267 3.401 
7.750 27.040 1.869 2.366 2.845 3.092 3.356 3.455 3.532 3.577 3.531 3.200 3.320 
7.750 33.160 1.733 2.231 2.709 2.951 3.213 3.312 3.390 3.435 3.388 3.087 3.179 
7.750 41.050 1.596 2.093 2.571 2.809 3.068 3.166 3.246 3.292 3.243 2.971 3.036 
7.750 51.110 1.483 1.952 2.430 2.663 2.919 3.018 3.098 3.144 3.093 2.851 2.891 
7.750 63.890 1.349 1.802 2.273 2.499 2.753 2.851 2.931 2.978 2.921 2.708 2.740 
7.750 80.060 1.205 1.649 2.112 2.333 2.583 2.681 2.760 2.809 2.746 2.561 2.586 
7.750 100.500 1.054 1.492 1.948 2.162 2.409 2.506 2.585 2.635 2.566 2.410 2.427 
7.750 126.290 0.962 1.393 1.840 2.051 2.290 2.386 2.460 2.503 2.424 2.289 2.320 
7.750 158.810 0.883 1.309 1.748 1.956 2.183 2.277 2.346 2.381 2.289 2.171 2.224 
7.750 199.780 0.804 1.224 1.655 1.860 2.077 2.169 2.233 2.258 2.153 2.053 2.127 
7.750 251.390 0.721 1.136 1.563 1.763 1.965 2.049 2.105 2.117 2.000 1.918 2.022 
7.750 316.390 0.630 1.040 1.470 1.661 1.840 1.907 1.948 1.940 1.810 1.747 1.898 
7.750 398.240 0.538 0.945 1.376 1.560 1.714 1.764 1.791 1.763 1.620 1.576 1.775 
7.750 501.290 0.448 0.849 1.283 1.458 1.589 1.622 1.635 1.586 1.431 1.406 1.651 
7.750 631.040 0.377 0.773 1.223 1.404 1.539 1.574 1.588 1.537 1.375 1.350 1.569 
7.750 794.390 0.306 0.698 1.164 1.352 1.493 1.530 1.545 1.494 1.325 1.298 1.488 
8.000 10.050 2.157 2.628 3.058 3.294 3.554 3.649 3.729 3.786 3.742 3.383 3.547 
8.000 10.080 2.157 2.627 3.058 3.294 3.554 3.649 3.729 3.786 3.742 3.383 3.547 
8.000 10.120 2.156 2.627 3.058 3.294 3.554 3.648 3.729 3.785 3.741 3.382 3.547 
8.000 10.200 2.156 2.627 3.057 3.293 3.553 3.648 3.728 3.785 3.741 3.382 3.546 
8.000 10.310 2.155 2.626 3.057 3.293 3.553 3.647 3.728 3.784 3.741 3.382 3.546 
8.000 10.490 2.155 2.625 3.056 3.292 3.552 3.647 3.727 3.784 3.740 3.381 3.545 
8.000 10.760 2.154 2.625 3.055 3.291 3.551 3.646 3.726 3.783 3.739 3.380 3.544 
8.000 11.180 2.153 2.624 3.054 3.290 3.550 3.645 3.725 3.782 3.738 3.379 3.543 
8.000 11.820 2.151 2.622 3.053 3.289 3.549 3.644 3.724 3.781 3.737 3.378 3.542 
8.000 12.770 2.150 2.621 3.051 3.287 3.548 3.642 3.722 3.779 3.735 3.376 3.540 
8.000 14.140 2.148 2.619 3.049 3.285 3.545 3.640 3.720 3.777 3.733 3.374 3.538 
8.000 16.080 2.144 2.615 3.047 3.284 3.545 3.640 3.720 3.773 3.729 3.367 3.536 
8.000 18.740 2.140 2.611 3.044 3.281 3.543 3.640 3.718 3.769 3.724 3.358 3.533 
8.000 22.320 2.135 2.605 3.040 3.278 3.541 3.638 3.716 3.764 3.718 3.348 3.529 
8.000 27.040 2.076 2.546 2.984 3.221 3.484 3.581 3.659 3.704 3.658 3.300 3.469 
8.000 33.160 1.959 2.430 2.872 3.105 3.365 3.463 3.541 3.587 3.540 3.211 3.349 
8.000 41.050 1.841 2.311 2.758 2.988 3.245 3.342 3.421 3.467 3.420 3.119 3.227 
8.000 51.110 1.714 2.185 2.635 2.862 3.117 3.213 3.293 3.339 3.291 3.019 3.098 
8.000 63.890 1.551 2.010 2.453 2.674 2.927 3.023 3.101 3.149 3.093 2.855 2.922 
8.000 80.060 1.379 1.831 2.267 2.483 2.735 2.830 2.907 2.956 2.892 2.687 2.742 
8.000 100.500 1.200 1.648 2.078 2.288 2.538 2.632 2.708 2.758 2.688 2.515 2.559 
8.000 126.290 1.098 1.542 1.960 2.166 2.410 2.504 2.577 2.622 2.541 2.393 2.443 
8.000 158.810 1.015 1.458 1.862 2.065 2.302 2.395 2.464 2.501 2.409 2.281 2.347 
8.000 199.780 0.931 1.373 1.765 1.963 2.193 2.286 2.351 2.381 2.276 2.169 2.250 
8.000 251.390 0.846 1.285 1.668 1.861 2.078 2.165 2.223 2.241 2.125 2.038 2.144 
8.000 316.390 0.751 1.190 1.572 1.755 1.951 2.022 2.067 2.065 1.937 1.870 2.020 
8.000 398.240 0.657 1.095 1.476 1.650 1.824 1.879 1.911 1.889 1.748 1.701 1.897 
8.000 501.290 0.564 0.999 1.380 1.545 1.696 1.736 1.755 1.713 1.560 1.533 1.773 
8.000 631.040 0.495 0.929 1.323 1.493 1.650 1.692 1.712 1.668 1.509 1.481 1.695 
8.000 794.390 0.427 0.859 1.268 1.444 1.608 1.652 1.674 1.629 1.464 1.435 1.619 
